lat,lon,station_id,Day_1,Day_2,Day_3,Day_4,Day_5,Day_6,Day_7,Day_8,Day_9,Day_10,Day_11,Day_12,Day_13,Day_14,Day_15,Day_16,Day_17,Day_18,Day_19,Day_20,Day_21,Day_22,Day_23,Day_24,Day_25,Day_26,Day_27,Day_28,Day_29,Day_30,Day_31,Day_32,Day_33,Day_34,Day_35,Day_36,Day_37,Day_38,Day_39,Day_40,Day_41,Day_42,Day_43,Day_44,Day_45,Day_46,Day_47,Day_48,Day_49,Day_50,Day_51,Day_52,Day_53,Day_54,Day_55,Day_56,Day_57,Day_58,Day_59,Day_60,Day_61,Day_62,Day_63,Day_64,Day_65,Day_66,Day_67,Day_68,Day_69,Day_70,Day_71,Day_72,Day_73,Day_74,Day_75,Day_76,Day_77,Day_78,Day_79,Day_80,Day_81,Day_82,Day_83,Day_84,Day_85,Day_86,Day_87,Day_88,Day_89,Day_90,Day_91,Day_92,Day_93,Day_94,Day_95,Day_96,Day_97,Day_98,Day_99,Day_100,Day_101,Day_102,Day_103,Day_104,Day_105,Day_106,Day_107,Day_108,Day_109,Day_110,Day_111,Day_112,Day_113,Day_114,Day_115,Day_116,Day_117,Day_118,Day_119,Day_120,Day_121,Day_122,Day_123,Day_124,Day_125,Day_126,Day_127,Day_128,Day_129,Day_130,Day_131,Day_132,Day_133,Day_134,Day_135,Day_136,Day_137,Day_138,Day_139,Day_140,Day_141,Day_142,Day_143,Day_144,Day_145,Day_146,Day_147,Day_148,Day_149,Day_150,Day_151,Day_152,Day_153,Day_154,Day_155,Day_156,Day_157,Day_158,Day_159,Day_160,Day_161,Day_162,Day_163,Day_164,Day_165,Day_166,Day_167,Day_168,Day_169,Day_170,Day_171,Day_172,Day_173,Day_174,Day_175,Day_176,Day_177,Day_178,Day_179,Day_180,Day_181,Day_182,Day_183,Day_184,Day_185,Day_186,Day_187,Day_188,Day_189,Day_190,Day_191,Day_192,Day_193,Day_194,Day_195,Day_196,Day_197,Day_198,Day_199,Day_200,Day_201,Day_202,Day_203,Day_204,Day_205,Day_206,Day_207,Day_208,Day_209,Day_210,Day_211,Day_212,Day_213,Day_214,Day_215,Day_216,Day_217,Day_218,Day_219,Day_220,Day_221,Day_222,Day_223,Day_224,Day_225,Day_226,Day_227,Day_228,Day_229,Day_230,Day_231,Day_232,Day_233,Day_234,Day_235,Day_236,Day_237,Day_238,Day_239,Day_240,Day_241,Day_242,Day_243,Day_244,Day_245,Day_246,Day_247,Day_248,Day_249,Day_250,Day_251,Day_252,Day_253,Day_254,Day_255,Day_256,Day_257,Day_258,Day_259,Day_260,Day_261,Day_262,Day_263,Day_264,Day_265,Day_266,Day_267,Day_268,Day_269,Day_270,Day_271,Day_272,Day_273,Day_274,Day_275,Day_276,Day_277,Day_278,Day_279,Day_280,Day_281,Day_282,Day_283,Day_284,Day_285,Day_286,Day_287,Day_288,Day_289,Day_290,Day_291,Day_292,Day_293,Day_294,Day_295,Day_296,Day_297,Day_298,Day_299,Day_300,Day_301,Day_302,Day_303,Day_304,Day_305,Day_306,Day_307,Day_308,Day_309,Day_310,Day_311,Day_312,Day_313,Day_314,Day_315,Day_316,Day_317,Day_318,Day_319,Day_320,Day_321,Day_322,Day_323,Day_324,Day_325,Day_326,Day_327,Day_328,Day_329,Day_330,Day_331,Day_332,Day_333,Day_334,Day_335,Day_336,Day_337,Day_338,Day_339,Day_340,Day_341,Day_342,Day_343,Day_344,Day_345,Day_346,Day_347,Day_348,Day_349,Day_350,Day_351,Day_352,Day_353,Day_354,Day_355,Day_356,Day_357,Day_358,Day_359,Day_360,Day_361,Day_362,Day_363,Day_364,Day_365
24.5,76.5,1,0,0,0,9,0,0,0,0,0,0,0,0,0,0,0,0,0,0,0,0,0,0,0,0,0,0,0,0,0,0,0,0,0,0,0,0,0,0,0,0,0,0,0,0,0,0,0,0,0,0,0,0,0,0,0,0,0,0,0,0,0,0,0,0,0,0,0,0,0,0,0,0,0,0,0,0,0,0,0,0,1.1,3.7,0,0,0,0,0,0,0,0,0,0,0,0,0,0,0,0,0,0,0,0,0,0,0,0,0,0.3,0,0,0,0,0.4,0,0,0,0,0,0,0,0,0,0,0,0,0,0,0,0,0,0,0,0,0,0,0,0,0,0,0,0,0,0,0,0,0,0,0,0,0,0,0,0,0,0,0,0,3.6,0,0.7,0.9,3,2.3,0,0,0,0.4,0,0,3.4,0,13.1,0,0,7.2,0,0.8,42.9,7.1,2.2,1.8,6.5,0,5.5,7.6,13.5,0,3.1,13.2,4.7,15.9,19.9,9.6,1.3,0,0,0,0,3.2,91.1,51.6,19.6,0,29.7,40.9,64.5,96.1,36.6,30.9,12.3,0.3,0,0,0,22.5,4.8,0,0.7,3.5,2.8,6.6,5.2,3,13,0,1.3,11.7,3,11.5,3.6,8.5,59.5,20,18.6,0.7,7.3,3.7,36.3,3.7,24.6,0.8,0,0,12.8,40.9,7.2,1.7,0.4,0,0,9.5,4.2,7.6,18.2,29.3,0.6,0.8,0,0,0.2,3.3,0.3,0,0,0,3.5,7.7,58.2,8.6,0,2.7,9.7,0,0,0,0.6,0,0,0,0,0,0,0.5,10.2,10.1,0,0,0,0,0,0,0,0,0,0,0,0,0,0,0,0,0,0,0,0,0,0,0,0,0,0,0,0,0,0,0,0,0,0,0,0,0,0,0,0,0,0,0,0,0.2,0,0,0,0,0,0,0,0,0,0,0,0,0,0,0,0,0,0,0,0,0,0,0,0,0,3,0,0,0,0,0,0,0,0,0
25.5,76.5,2,0,0,0,2.5,0,0,0,0,0,0,0,0,0,0,0,0,0,0,0,0,0,0,0,0,0,0,0,0,0,0,0,0,0,0,0,0,0,0,0,0,0,0,0,0,0,0,0,0,0,0,0,0,0,0,0,0,0,0,0,0,0,0,0,0,0,0,0,0,0,0,0,0,0,0,0,0,0,0,0,0,0,0,0,0,0,0,0,0,0,0,0,0,0,0,0,0,0,0,0,0,0,0,0,0,0,0,0,0,0,0,0,0,0,0,0,0,0,0,0,0,0,0,0,0,0,0,0,0,0,0,0,0,0,0,0,0,0,0,0,0,0,0,0,0,0,0,0,0,0,0,0,0,0,0,0,0,0,1.9,0,1.1,0.8,0,0,0,0,0,0,0.6,0,0,0,3.1,4.6,5.5,2.1,20.2,1.6,5.2,0,7.2,1.2,4.2,1.2,0,2.2,23.4,0,6.7,19.2,18.4,0.9,7.4,9.7,0.9,0,0,0,0,0,6.2,15.2,19.6,8.4,9.6,20.7,24.7,61.5,35.4,13.7,17.1,0,0,0,4.3,39.2,29.6,3.6,5.8,1.1,1.3,10.7,65.7,19.5,0.1,0,0,0,0.6,0,0,0,2.1,27.7,4.4,2.6,1.8,3.8,4.9,0,1.6,10.6,0.9,0,45.3,34.5,2.3,0,1.2,0.7,0,31.3,28.4,10.4,2.4,2.3,0,0.9,0,0,0,5.2,1.2,2.8,0,0,0,3.3,16.6,10.9,0.2,0,9.6,4.2,0,0,0,0,0,0,0,0,0,0,0,0,0,0,0,0,0,0,0,0,0,0,0,0,0,0,0,0,0,0,0,0,0,0,0,0,0,0,0,0,0,0,0,0,0,0,0,0,0,0,0,0,0,0,0,0,0,0,0,0,0,0,0,0,0,0,0,0,0,0,0,0,0,0,0,0,0,0,0,0,0,0,1.4,0,0,0,0,0,0,0,0,0
26.5,76.5,3,0,0,0,0,0,0,0,0,0,0,0,0,0,0,0,0,0,0,0,0,0,0,0,0,0,0,0,0,0,0,0,0,0,0,0,0,0,0,0,0,0,0,0,0,0,0,0,0,0,0,0,0,0,0,0,0,0,0,3.2,0,0,0,0,0,0,0,0,0,0,0,0,0,0,0,0,0,0,0,0,0,0,0,0,0,0,0,0,0,0,0,0,0,0,0,0,0,0,0,0,0,0,0,0,0,0,0,0,0,0,0,0,0,0,0,0,0,0,0,0,0,0,0,0,0,0,0,0,0,0,0,0,0,0,0,0,0,0,0,0,0,0,0,0,0,0,2.4,0,0,0,0,0,0,0,0,0,0,0,5.6,0,2.6,0,0,0,0,0,0,0,0,0.2,0,0,3.8,0,0.5,0.2,1.1,0,0,0,0,0,2.7,0,0,1,12.9,0,1.4,22.9,9.5,0,1.9,5.4,2.4,0,0,0,0,0,4.5,52.9,36.6,1.5,8.2,12.2,52.9,64.7,27.8,5.6,21.6,0,0,0,2.6,18.6,13.9,0.7,2.5,0.5,23.4,15,5.2,3.5,3.1,0,0,0,1.8,0,0,0,0.9,33.5,1.8,7.7,0.8,3.1,2.3,23.4,1.4,0.6,3.8,1.9,4.4,17.5,10,0.5,0,0.2,1.3,13.1,5.7,3.6,10.6,3.5,0.1,0,0.1,0,0,25,0,0,0,0,1.1,1.3,5.7,27.2,32.8,5.6,27.5,21.1,4.6,0,0,1.5,6.2,0,0,0,0,0,0,0,0,0,0,0,0,0,0,0,0,0,0,0,0,0,0,0,0,0,0,0,0,0,0,0,0,0,0,0,0,0,0,0,0,0,0,0,0,0,0,0,0,0,0,0,0,0,0,0,0,0.4,0,0,0,0,0,0,0,0,0,0,0,0,0,0,0,0,0,0,0,0,0.5,0,0,0,0,0,0,0,0,0
27.5,76.5,4,0,0,0,0,0,0,0,0,0,0,0,0,0,0,0,0,0,0,0,0,0,0,0,0,0,0,0,0,0,0,0,0,0,0,0,0,0,0,0,0,0,0,0,0,0,0,0,0,0,0,0,0,0,0,0,0.2,0,0,0.7,0,1.5,1.2,0.8,0,0,0,0,0,2.9,0,0,0,0,0,0,0,0,0,0,0,0,0,0,0,0,0,0,0,0,0,0,0,0,0,0,0,0,0,0,0,0,0,0,0,0,0,0,0,0,0,0,0,0,0,0,0,0,0,0,0,0,0,0,0,0,0,0,0,0,0,0,0,0,0,0,0,0,0,0,0,0,0,0,0,0,0,0,0,1.3,6.4,0,0,0,0,0,0,0,0,0,0,0,0.2,0,0,0,0,0,0.3,0.8,0,0.1,5.9,0,0.3,3,1.3,0,0,0,0,0,0,0.3,27,32.3,11.5,0.6,2.7,1,0.4,18.5,0,0,0,0,0,0,0,0,21,26.2,19.5,0.6,0.2,0.2,45.5,38.3,29.4,8.7,0,0,8.5,0,0.6,11.7,13,11,2.4,16.3,20.1,0.3,1.4,25.4,24.5,0,0,0,0,0,0,0,0.2,0,53.1,19.6,15.2,8.9,4.1,6.6,0,0,0,0,0.4,46.8,24.9,0.3,0.3,0,0,14.3,2.3,14.3,6.2,26,2.2,0,52,0,16.4,0.6,0,0,1.8,0,0,20.3,2.9,3.6,13.4,59,61.1,41.3,5.8,0,0,26.9,10.2,0,0,0,0,0,0,0,0,0,0,0,0,0,0,0,0,0,0,0,0,0,0,0,0,0,0,0,0,0,0,0,0,0,0,0,0,0,0,0,0,0,0,0,0,0,0,0,0,0,0,0,0,0,0,2.9,0,0,0,0,0,0,0,0,0,0,0,0,0,0,0,0,0,0,0,0,0,0,1.4,0,0,0,0,0,0,0,0,0
28.5,76.5,5,0,0,0,0,0,0,0,0,0,0,0,0,0,0,0,0,0,0,0,0,0,0,0,0,0,0,0,0,0,0,0,0,0,0,0.7,0,0,0,0,0,0,0.1,0.3,0,0,0,0,0,0,0,0,0,0,0,0,0,0,0,0,0,0,3.1,0,0,0,0,0,0,0,0,6.9,0,0,0,0,0,0,0,0,0,0,0,0,0,0,0,0,0,0,0,0,0,0,0,0,0,0,0,0,0,0,0,0,0,0,0,0,0,0,0,0,0,0,0,0,0,0,0,0,0,0,0,0,0,0,0,0,0,0,0,0,0,0,0,0,0,0,0,0,0,0,0,0,0,0,0,0,0,0,1.4,1.3,0,0,0,0,0,0,0.1,0,0,0,0,0,0,0,0,0,0,0,0,0,1.4,0.2,4.1,2.2,0,0,0,0.7,12.4,0.1,0,0,0,6.9,0,0,0,1.6,5.7,21.8,0,0,0,0,2.3,0,0,6,0,7.8,31.7,45.6,1.2,0.4,22.1,6.1,4.1,19.8,0,0.8,0,3.9,1.2,5.5,11.5,7.5,24.2,9,4.4,0,0.5,9.1,0,0,0,0,0,0,0,0,0,0,17.6,0.7,1.6,10.7,2,0.2,0,0,0,0,0,1.7,0,0,3.1,0,0.1,4.3,4.2,7.9,10.7,28.4,0,0,41,0,9.1,0,1.8,0,0,0,0,2.4,8.8,4.4,28.1,19.2,52.4,19.5,14.7,5,2,0.3,0,0,0,0,0,0,0,0,0,0,0,0,0,0,0,0,0,0,0,0,0,0,0,0,0,0,0,0,0,0,0,0,0,0,0,0,0,0,0,0,0,0,0,0,0,0,0,0,0.4,0,0,0,0,0,0,1.4,0,0,0,0,0,0,0,0,0,0,0,0,0,0,0,0,0,0,0,0,0,0,1.1,1.8,0,0,0,0,0,0,0,0
29.5,76.5,6,0,0,0,0,0,0,0,0,0,0,0,0,0,0,0,0,0,0,0,0,0,0,0,0,0.3,0,0,0,0.5,0,0,0,0,0,0,0,0.3,0,0,0,0,0,0,0,0,0,0,0,0,0,0,0,0,0,0,0,0,0,0,0,0,0,0.1,0,0,0,0,0,0,0,0,0,0,0,0,0,0,0,0,0,0,0,0,0,0,0,0,0,0,0,0,0,0,0,0,0,0,0,0,0,0,0,0,0,0,0,0,0,0,0,0,0,0,0,0,0,0,0,0.7,0,0,0,0,0,0,0,0,0,0,0,0,0,0,0,0,0,0,0,0,0,0.4,0,0,0,0,0,0,0,0,0.2,0,0,0,0,0,0,0.6,0,0,0,0,0,0,1.8,0,0,0,0,0.2,0,0,2.5,1.6,0,0,0,0,0,0,0,0,0,0,1.2,0,0,0,0,1.9,0,1.9,0,0,0,0,0,2.5,0,5,0,2.5,0,0,0,0.2,26.7,0.1,1.6,0,0,0.6,0,0,0.8,23.2,9.1,13,5.5,11.7,6,0.7,0,0.8,0,0,0,0,0,0,0,0,0,15,5.9,12,0,7.2,0,3.4,1.2,0.7,0,0,11.5,10.1,0.7,7.6,0,0.4,0,37.2,19.6,11.9,42,23,0,41.3,10.3,0,5.8,0,0.2,0,0,0.4,0,0,0,52.5,86.9,27.1,17.2,9.4,2.5,1,0,0,0,0,0,0,0,0,0,0,0,0,0,0,0,0,0,1.1,0,0,0,0,0,0,0,0,0,0,0,0,0,0,0,0,0,0,0,0,0,0,0,0,0,0,0,0,0,0,0,0,0,0,0,0,0,0,0,0,0,0,0,0,0,0,0,0,0,0,0,0,0,0,0,0,0,0,0,0,0,0,5.1,0,0,0,0,0.3,0,0,0,0
30.5,76.5,7,0,0,0,0,0,0,0,0,0,0,0,0,0,0,0,0,0,0,0,0,0,0,0,0,0,0.3,0,1.4,6.7,0,0,0,0,0,0,0,0,0,0,0,0,0,0,0,0,0,0,0,0,0,0,0,0,0,0,0,0,0,0,0,0,2.8,4.1,0,0,0,0,0,0,0,0,0,0,0,0,0,0,0,0,0,0,0,0,0,0,0,0,0,0,0,0,0,0,0,0,0,0,0,0,0,0,0,0,0,0,0,0,0,0,0,1.1,0,0,0,0,0,0,0,0,0,0,0,0,0,0,0,0,0,0,0,0,0,0,0,0,0,0,0,0,0,0,0,0,0,0,0,0,0,0,0,0,0,0,0,0,0,0.7,0,0,0,0,0,0,0,0,0,0,0,0.5,0,0,0.5,0,0,0,0,0,0,0.2,0,0,0,0,2.1,0,0,1.8,8.9,21.3,23.3,3.9,1.5,0,0,0.2,1.4,6.2,2.5,0,0.7,0.2,0,0,0,0.2,0,0.5,0,8.6,22.3,4.2,0,4.3,25.7,19.7,16.4,2.4,33.2,19.5,0.5,0.3,0,0,20.1,0,0.6,0,0,0,0,0,0,4.5,20.6,7.6,0.2,0,0,2.1,0.8,0,0,0.2,6.9,1.6,0.1,5,0,0,12.6,4.4,0.3,3.8,3.4,3.8,7.2,0,0.2,0,0,0,0,0,0,0,0,0,1.3,7.6,66.5,64,1.7,11.8,9.9,22.9,0,0,0,0,0,0,0,0,0,0,0,0,0,0,0,0,0,0,0,0,0,0,0,0,0,0,0,0,0,0,0,0,0,0,0,0,0,0,0,0,0,0,0,0,0,0,0,0,0,0,0,0,0,0,0,0,0,0,0,0,0,0,0,0,0,0,0,0,0,0,0,0,0,0,0,0,0,0,0,0,4.1,0,0,0.5,0,0.7,1,0,0,0
31.5,76.5,8,0,0,0,0,0,0,0,0,0,0,0,0,0,3,5.2,0,0,0,0,0,0,0,0,0,0,5.5,7.9,5.5,0.9,0,0,0,0,0,0,1.5,2.1,0,0,0,0,0,0,0,0,0,0,0,0,0,0,0,0,0,0,0,0,0,0.4,1.7,3.4,6,2.8,0,0,0,0,0,0,0,1.6,0,0,0,0,0,0,0,0,0,0,0,0,0,0,0,0,12.6,0,0,0,3,2.1,0,0,0,0,0,0,0,0,0,0,0,0,0,0,0,0,0.2,0,0,0,0,0,0,2.3,3.3,1.3,0,0,0,0,0.9,1.1,0,0,0,0,0,0,0,0,0,0,0,0,0,0,0,0,0,0,0,0,0,3,5.2,0,1.3,0,0,0,0,0,0,0.6,0.2,0,0,0,0,0,0,0,0,0,0,0,0,0,0.8,0,0,2.4,0,2.2,27.4,15.6,0,4.5,1,2.6,11.6,8.3,0,8.4,6.4,20.2,2.7,1.1,9,1.5,8,23.1,32,28.7,76.5,31.5,0,22.5,11.6,10.9,23.5,19.4,12.8,1.4,3.3,2.1,23,9,9.3,16,13.6,27.8,32.1,30.6,52.5,15.9,21.5,5.9,14.9,13.1,10.6,2.6,0,0,0,0,0,16.9,1.5,17.9,19,0.4,0.8,5.2,11.1,2.9,0,0,2,0,2.7,21.1,8.9,0.2,0,3.1,40.9,12,7.9,13.7,10.1,0.7,2.3,0,1.1,1.7,1.3,0,0,0,2.8,8.3,0,3.2,5.6,10.2,19.8,16.2,5.9,8.9,21,42.6,3,0,0,0,0,0,0,0,0,0,0,0,0,0,0,0,0,0,0,0,0,1.5,0,0,0,0,0,0,0,0,0,0,0,0,0,0,0,0,0,0,0,0,0,0,0,0,0,0,0,0,0,0,0,0,0,0,0,0,0,0,0,0,0,0,0,0,0,0,0,0,0,0,6.5,2.9,0,0,0,0,0,6,13.5,2.6,0,1.9,2.2,1,5.3,0,0,0
32.5,76.5,9,0,1.3,0.4,0,0,0,0,0,0,0,1.5,0.3,0,1.4,7.9,0,0.4,0,0,0,0,0.8,11.4,0,0,1.5,22,13.2,9.6,3.3,0,0,3.6,0,0,2.1,3.4,0,0,0,0,0,0,0,0,0,0,0,0,0,0,0,0,0,0,0,0,0,13,8.9,2.1,8.9,13.6,0,0,0,0,0,0,1.3,7.4,5.6,0,1.6,0,0,0,0,0,0,0,0.2,0,0,0,0,0,2.6,6.8,0,0,0.9,21.2,0,0,0,0,0,0,0,0,0,0,0,0,0,0,0,0,0.6,2.5,0,0,0,0,0,0,0.8,5.8,0,1.6,4,0,0,0,0,1.4,0,0,0,0,0,0,0,0.9,0,0,0,0.2,0,0,0,0,0.4,0,0,0,6.4,0,1.7,3.5,0,0,0.2,0,0,1.5,3.1,0,0,0,0,0,0,0,0,0,0,0,0,0,0,0,0,8.9,1,0,29.4,6.8,0.1,1.6,1.3,16,6.5,10.7,25.9,9.9,3.3,27.1,17.7,54,14.2,126.6,9.6,15.4,139.8,38,46.5,65.8,3,9.5,50.2,7.6,20.2,139,141.5,111.5,81.4,14.1,6.7,73.1,74,20,124.7,76.8,15.5,6.7,215.2,56.7,24.2,74.2,69.9,23.6,22.1,2.4,0,4,0,0,1.1,34,2.7,44.1,37.3,56.9,1.7,11.1,3.1,35.7,0,0.6,3.1,0,0.8,22.6,18.8,14.1,0,16.1,17.9,8.5,6,29.5,20.5,2.3,0,34.8,0,0.3,34,0,0,14.7,15.3,54.6,2.7,3.9,0,60.2,21,34.6,3.1,34.9,17.2,56.5,0,0,0,0,0,0,0,0,0,0,0,0,0,0,0,0,4.1,2.1,0,0,0,1.1,3.9,0,0,0,0,0,0,0,0,0,0,0,0,0,0,0,0,0,0,0.3,0,0,0,0,0,0,0,0,0,0,0,0,0,0,0,0,0,0,0,0,0,0,0,0,0,0,0,0,0,3.9,11,35.4,0,0,0,0,0,6.3,50.3,0.5,0,0,0,14.1,20.1,0,0,0
24.5,77.5,10,0,0,0,7.3,0.4,0,0,0,0,0,0,0,0,0,0,0,0,0,0,0,0,0,0,0,0,0,0,0,0,0,0,0,0,0,0,0,0,0,0,0,0,0,0,0,0,0,0,0,0,0,0,0,0,0,0,0,0,0.6,0,0,0,0,0,0,0,0,0,0,0,0,0,0,0,0,0,0,0,0,0,0,0,0.5,0,0,0,0,0,0,0,0,0,0,0,0,0,0,0,0,0,0,0,0,0,0,0,0,0,0,0,0,0,0,0,0,0,0,0.2,0,0,0,0,0,0,0,0,0,0,0,0,0,0,0,0,0,0,0,0,0,0,0,0,0,0,0,0,0,0,0,0,0,0,0.3,0,0,0,0,0.5,4.1,0,0,0,0,1.6,1.1,0,0,0,0,2.4,0,1.5,82.4,4.9,0,0,0,0,7.7,36.4,1.5,51.7,1,0,0.7,16.5,38.2,0,5.9,20.5,14.3,0.4,22.9,11.4,0.2,0,0,0,0,2.1,49.3,31.9,22.1,28.3,74.5,121.7,253.1,113.7,13.5,22.2,16,14.8,0.3,1.4,4.9,23.6,10,10.2,6.1,0.6,6.2,1.8,3.9,3.2,1.4,0,1.2,0.6,8.9,13.9,0,19.2,9,5.2,0.8,0,0,0.3,19.5,15.9,2.9,0.8,0.1,7.7,30.8,13.3,3.3,1.4,0.3,12.2,0,20,0.4,7.7,7.1,0.3,0,0,0,0,0,0,0.4,0,0,0.8,0.2,9.4,36.2,8.2,0,0.9,66.2,10.1,0.9,2.1,0,1.2,0.2,0,0,0,0,0,2.9,1.1,0.5,0,0,0,0,1.4,0,0,0,0,0,0,0,0,0,0,0,0,0,0,0,0,0,0,0,0,0,0,0,0,0,0,0,0,0,0,0,0,0,0,0,0,0,0,0,0.5,0,0,0,0,0,0,0,0,0,0,0,0,0,0,0,0,0,0,0,0,0,0,0,0,7.5,0,0,0,0,0,0,0,0,0
25.5,77.5,11,0,0,0.1,1.9,0,0,0,0,0,0,0,0,0,0,0,0,0,0,0,0,0,0,0,0,0,0,0,0,0,0,0,0,0,0,0,0,0,0,0,0,0,0,0,0,0,0,0,0,0,0,0,0,0,0,0,0,0,0,1.2,0,0,0,0,0,0,0,0,0,0,0,0,0,0,0,0,0,0,0,0,0,0,1.8,0,0,0,0,0,0,0,0,0,0,0,0,0,0,0,0,0,0,0,0,0,0,0,0,0,0,0,0,0,0,0,0,0,0,0,0,0,0.8,0,0,0,0,0,0,0,0,0,0,0,0,0,0,0,0,0,0,0,0,0,0,0,0,0,0,0,0,0,0,0,0,0,0,0,0,0,0,0,0,0,0,0,0.8,0,0,0,4.4,0,0.6,0,9.6,4.7,0,5.5,0,1.2,2.9,0,0,3.6,0.8,0,1.6,7.9,7.9,0,12.1,7.4,2.6,6.1,19.8,5.9,0,0,0,0,0,18.5,99.6,40.2,8.3,14.4,0.9,16.8,53.2,55.6,11.7,20.2,4.7,0,0,4,16.8,44.3,3.7,2.1,11,0,2,2.9,11.6,1.3,0.9,0,0,8.7,0,0.4,0.2,5.7,5.9,0.8,44.3,8.6,0.4,2.1,1.7,1.1,0,0,0,2.2,41,32.8,9.5,3.3,0.4,3.8,33,77.1,5.1,7.1,5.5,6.1,0,0,0,0,0,15.3,0,0,0,0,9.8,5,28.7,6.4,4.1,0,0,26.3,0,55.6,9.6,10.6,6.5,0,0,0,0.4,0,18.6,0,0,0,0,0,0,0,0,0,0,0,0,0,0,0,0,0,0,0,0,0,0,0,0,0,0,0,0,0,0,0,0,0,0,0,0,0,0,0,0,0,0,0,0,0,0,0,0,0,0,0,0,0,0,0,0,0,0,0,0,0,0,0,0,0,0,0,0,0,0,0,0,0,0,0,0,0,0,0,0,0
26.5,77.5,12,0,0,0,0,0,0,0,0,0,0,0,0,0,0,0,0,0,0,0,0,0,0,0,0,0,0,0,0,0,0,0,0,0,0,0,0,0,0,0,0,0,0,0,0,0,0,0,0,0,0,0,0,0,0,0,0,0,0,0.2,0,0,0,6.5,0,0,0,0,0,0,0,0,0,0,0,0,0,0,0,0,0,0,0,0,0,0,0,0,0,0,0,0,0,0,0,0,0,0,0,0,0,0,0,0,0,0,0,0,0,0,0,0,0,0,0,0,0,0,0,0,0,0,0,0,0,0,0,0,0,0,0,0,0,0,0,0,0,0,0,0,0,0,0,0,0,0,0,0,0,0,0,0,0,0,0,0,0,0,1.2,0,0,0,0,0,0,0,0,0,0,0,0,1.1,0,0,0,0.9,1,0,0,0,0.3,0,1.5,0,0,8,13,0.9,0,79.6,21.3,5.5,6.7,0,0,0,0,0,4,18.8,24.1,27.8,19.6,11.1,12.3,57.6,20.5,104.4,64.9,3.8,19.6,9.4,0,7.9,10.1,10.5,17.7,2,18.6,0,0,1.7,90.1,37,3,0,0,0,0,0,0,0,9,0.6,9,0.8,11.3,11.4,6.7,0,0,0.8,0,14.6,25.6,15.2,3.5,0,0,0,7.2,5.3,8.9,24.1,21.2,15.9,0,0,7.1,0,0,6.3,0,0,0,0,0,9.8,8.2,5.1,11.1,14.4,18.7,43.1,12.7,1.4,10.2,0.2,0.8,0,0,0,0,0,0,0.8,0,0,0,0,0,0,0,0,0,0,0,0,0,0,0,0,0,0,0,0,0,0,0,0,0,0,0,0,0,0,0,0,0,0,0,0,0,0,0,0,0,0,0,0,0,0,0,1.3,0,0,0,0,0,0,0,0,0,0,0,0,0,0,0,0,0,0,0,0,0,0,1.5,0,0,0,0,0,0,0,0,0
27.5,77.5,13,0,0,0,0,0,0,0,0,0,0,0,0,0,0,2.7,0.2,0,0,0,0,0,0,0,0,0,0,0.2,0,6,0,0,0,0,0,0,0,0,0,0,0,0,0,0,0,0,0,0,0,0,0,0.6,0,0,0,0,0,0,0,1,0,0,4,1.7,0,0,0,0,0,0.2,0,0,0,0,0,0,0,0,0,0,0,0,0,0,0,0,0,0,0,0,0,0,0,0,0,0,0,0,0,0,0,0,0,0,0,0,0,0,0.6,0,0,0.3,0,0,0,0,0,0,1.6,0,0,0,0,0,0,0,0,0,0,0,0,0,0,0,0,0,0,0,0,0,0,0,0,0,0,0,0,0,0,0,0,0,0,0,0,0,0,0,0,0,0,0,0,0.8,0,0,0,0,0,0,0,0,0,0,1.9,1.2,17.4,0,0,0,0,0,0,0,1,26.9,45.5,0,1.2,13.3,25.8,24.6,0,0.4,0,0,0,0,0,0,17.8,67.2,46.1,2.4,23.7,17.4,11.2,28.6,45.4,9.3,0,2.1,8.1,23.7,6.8,20.1,15.1,1.7,41.8,3.2,0.9,0.3,5,39.1,3.9,0,0,0,0,0,0,0,6.9,0,20.7,51.8,0.3,5.8,0.5,1,0,6.8,0,9.2,14.1,20.7,5.2,0.4,0.2,8.5,1.8,1,1.5,8.8,4.8,6,0,0,39.1,0.2,0.4,1.4,8.9,0.7,0,0,0.8,17.6,2.2,0.2,12.8,2.2,52.7,34.8,20,0.3,4.7,4.3,0,0,0,0,0,0,0,0,0,0,0,0,0,0,0,0.3,0,0,0,0,0,0,0,0,0,0,0,0,0,0,0,0,0,0,0,0,0,0,0,0,0,0,0,0,0,0,0,0,0,0,0,0,0,0,0,0.3,0.3,0,0,0,0,0,0,0,0,0,0,0,0,0,0,0,0,0,0,0,0,0,7.8,0,0,0,0,0,0,0,0,0
28.5,77.5,14,0,0,0,0,0,0,0,0,0,0,0,0,0,0,0.4,0,0,0,0,0,0,0,0,0,0,0,0,0,3.8,0,0,0,0,0,0,0,0,0,0,0,0,0,0,0,0,0,0,0,0,0,0,0,0,0,0,0,0,0,0,0,0,0,2.2,0,0,0,0,0,0,0,0.2,0,0,0,0,0,0,0,0,0,0,0,0,0,0,0,0,0,0,0,0,0,0,0,0,0,0,0,0,0,0,0,0,0,0,0,0,0,0,0,1.2,0,0,0,0,0,0,0,1.8,0.4,0,0,0,0,0,0,0,0,0,0,0,0,0,0,0,0,0,0,0,0,0,0,0,0,0,0,0,0,0,0.2,1.5,0,0,0,0,0,0,0,0,0,0,0,0,2.2,0,0,0,0,0,0,0,0,0,0,0,0,0,16.2,0,0,0.6,0,0,0.3,16.7,0.1,0,2.9,5,0,0.6,0,0,0,0,4.2,6.4,0,1.9,5.7,26,164.5,7.8,2.1,30.7,5.1,5.8,14.5,0,0,3.3,6.6,21.4,33.9,5.5,47.4,40.2,39.8,2,7.3,3.6,0,9,0.9,0,0,0,0,0,0,0,0,0.9,45.7,28.9,5.9,0.5,0.4,0,0.3,0.8,0,2.7,16.9,4.9,1.6,0,0,0.1,0,0,18.1,5.9,4.7,18.5,0,0,18.6,0,3.1,0,1.2,0,0,0,0.1,6.1,0,32.4,63,31.3,53.2,17.2,20.8,11.6,0.3,1.8,0,0,0,0,0,0,0,0,0,0,0,0,0,0,0,0,0,0,0,0,0,0,0,0,0,0,0,0,0,0,0,0,0,0,0,0,0,0,0,0,0,0,0,0,0,0,0,0,0,0,0,0,0,0,0,0.1,0.4,0,0,0,0,0,0,0,0,0,0,0,0,0,0,0,0,0,0,0,0,0,1.9,0.4,0,0,0,0.1,1.4,0,0,0
29.5,77.5,15,0.1,1.2,0,0,0,0,0,0,0,0,0,0,0,0,0.3,0.3,0,0,0,0,0,0,0,0,0,0,0,3.1,5.1,0,0,0,0,0,0,0.1,0.2,0,0,0,0,0,0,0,0,0,0,0,0,0,0,0,0,0,0,0,0,0.5,1.6,0,1.1,3.6,0.2,0,0,0,0,0,0,0,0.3,0,0,0,0,0,0,0,0,0,0,0,0,0,0,0,0,0.5,2.7,0,0,0,0,0,0,0,0,0,0,0,0,0,0,0,0,0,0,0,1.2,0,0,0,0,0,0,0,0,0,7.1,0,0,0,0,0,0,0,0,0,0,0,0,0,0,0,0.2,0,0,0,0,0,0,0,0,0,0,0,0,0,0,0,4.4,0,0,0,0,0,0,0,0,0,0,0,0,0.5,0,0,0,0,0,0,0,0,0,0,0,0,0,0,5.2,0,20.7,0,0,26.8,31,0,0,6.5,15.5,21.9,3.3,2.4,0.4,0,0.1,26.7,0.3,0.8,1.3,0,18.4,116.2,20.1,0.7,1.2,0.8,2.3,3.9,0,0.2,15.1,46.7,4,4,11.2,57.5,43.7,33.9,67.1,8.7,11.8,0,1.1,8.4,0,6.4,0,0,0,0,0,0,10.7,0.3,14.2,1.6,1.6,0,2.9,0,0,0,0,0,2.9,0,1.7,0,0,3.6,0.3,8.6,0.2,0.1,0.4,4.2,7.2,5.9,0,0,0,0,0,0,12.8,0,1,0,3.9,35.5,74.3,46.5,16.6,12.8,29.4,2.5,0,0,0,0,0,0,0,0,0,0,0,0,0,0,0,0,3.2,0,0,0,0,0,0,0,0,0,0,0,0,0,0,0,0,0,0,0,0,0,0,0,0,0,0,0,0,0,0,0,0,0,0,0,0,0,0,0,1.7,0,0,0,0,0,0,0,0,0,0,0,0,0,0,0,0,0,0,0,0,0,0,31.3,0,0,0,0.5,1,3.7,0,0,0
30.5,77.5,16,0,0.1,0,0,0,0,0,0,0,0,0,0,0,0,1.2,1,0,0,0,0,0,0,0,0,0,0.2,1.9,0.6,2.4,0,0,0,0,0.2,0,1.9,3.9,0,0,0,0,0,0,0,0,0,0,0,0,0,0,0,0,0,0,0,0,0,3,0.4,0,4.9,0.8,0,0,0,0,0,0,0,1,0,0,0,0,0,0,0,0,0,0,0,0,0,0,0,0,0.3,7.3,0,0,0,0,0,0,0,0,0,0,0,0,0,0,0,0,0,0,0,0,0.1,0,0,0,0,0,0,2.1,5.1,2,0,0,0,0,0.6,0,0,0,0,0,0,0,0,0,0.2,0.2,0,0,0,0,0,0,0,0,0,0,0,0,0,0,3.9,0,0,0,0,0,0,0,0,0,0,0,0,0,0,0,0,0,0,0,0,0,0,0,0,0,0,17.1,10.3,6.2,0,0,0,5.6,38.2,3.1,0.4,0.8,29.9,16,25.1,19.1,5.9,1.4,1.4,2.6,23.1,10.9,7.8,23.9,9.3,15.3,11.6,16.9,54.6,9.7,13.8,32.2,51.7,62.1,38,82.7,35.1,3.4,51.9,93.3,88.3,60.5,47.7,80,25,2.4,57,15.1,1.5,0.2,5.5,0,0,0,3,0,0.2,49.2,131.3,42.7,4,26.6,1.6,0,0,0,0,0,5.1,38.9,8.3,6.5,29.5,0,57.1,54.1,64.4,1.8,2.1,2.3,54.8,3.1,0,0,0,0,0,0.4,0,8.9,0,0,0.6,2,31.9,73.7,39.8,7.9,35.5,30.4,13,40.2,0,0,0.2,0,0,0,0,0,0,0,0,0,0,0,0,0,0,0,0,0,0,0,0,0,0,0,0,0,0,0,0,0,0,0,0,0,0,0,0,0,0,0,0,0,0,0,0,0,0,0,0,0,0,0,0,0,0,0,0,0,0,0,0,0,0,0,0,0,0,0,0.1,3.3,0,0,0,0,0,1,24.8,11.5,0,0,0,5,6.5,0,0,0
31.5,77.5,17,1.3,0,0,0,0,0,0,0,0,11.8,1.8,0,3.4,6.3,5.1,0.7,0,0,0,0,0,0,0,1.9,2.7,4.2,5.5,7.7,14.5,0.2,0,0,0,0,0,0,0,0,0,0,0,0,0,0,0,0,0,0,0,0.3,0.3,0,0,0,2.1,0,1.8,0.3,0.5,0.2,4.7,9.9,8.8,0,0,0,0,0,0,1.2,2.1,0,0,0,0,0,0,0,0,0,0,0,0,0,0,0,5.3,12.2,8.1,0.2,0,3.4,5.2,0.2,0,0,0,0,0,0,0,0,0,0,0,0,0.2,0,0.2,4.5,0,0,0,0,0,4,1.9,4.8,0.5,0,0.5,0,1.3,2.5,0,0,0,0,0,0,0,0,0,2.4,4.8,3.4,1,3.9,0,0,0.8,0,0,0,0.6,0,4.1,2.7,2.5,3.7,6.8,0,0,0,0,0.3,0.9,0,0,0,0,0,0,0,0,0,0,0,0,0,0,0,0,0,0.1,0,1,2.3,0.3,1.9,6.8,16.8,13,0,0,0.5,5.6,9.4,2.4,15.9,40.1,7.6,8.1,0,7.6,11.3,42.6,60.7,20.5,4.9,15.8,3.6,0,4.1,3.7,29.3,33.7,0.4,0,10.6,20.8,9.8,1.3,4.4,16.1,6.9,43.9,10.3,9.8,9.6,0,0,0,1.3,0,0,0,0,0,0,3.5,2.9,7.9,0,0.6,1.7,1.3,0,0,6.9,1,2.5,6.8,14.6,8.8,0,0.5,1.1,0,1.7,6,20.4,3.9,8.3,0.5,0.2,0,0,4.5,0,0,0,0,4.9,4.2,0,0.6,6,14.8,14.8,18.4,13.7,8.6,12.7,2.9,0,0,0,0,0,0,0,1.2,1.2,1.3,0,0,0.8,0,0,1.1,0.6,1.5,22.6,0,0,0,2.8,6.8,0,0,0,0,0,0,0,0,0,0,0,0,0,0,0,0,0,0,0,0,0,0,0,0,0,0,0,0,0,0,0,0,0,0,0,0,0,0,0,0,0,0,0,0,0,0,0.2,0.6,10.4,4.1,0,0,0,0,0,64.9,13.6,0,0,0,59,67.6,6.8,0,0,0
32.5,77.5,18,5.9,15.9,0.9,0.7,0,0,2.1,2.1,6.2,2.1,11.2,0,0,9.4,7,13.9,0.2,0,0,0.3,0.2,0,7.3,0.5,0.5,9.9,16,11.1,7.6,16.5,0,2.3,6.2,0,0,7.3,0.2,0,0.5,0,0,0,0,0,0,0.2,0,0,7.2,0.4,0,0,0,0,2.5,0.1,3.3,11.5,6.8,3.5,12.3,15.2,12,0,0,0,0,1.2,2.3,1.5,7.2,5.4,1.8,0,0,0,0,0,0,0,2.3,2.5,0,0,0,0,9,17.6,0,0.7,9.5,52.7,11.4,0,0,0,0.6,1.4,6.6,5.6,4.9,0,0,0,0,0.3,0,0,2,3.1,0,7.8,5.4,2.7,0,0.3,1.3,2.5,13.4,5.6,0.2,0,3,2.9,1.3,0,4.9,0.2,1.2,2.2,0,3.8,0.8,17.3,20.1,11.6,0,0,0,0,0,0,0,0,0,3.6,7.9,7.8,12.2,29.6,22.7,0,0,0,0,5.2,3.8,0,0,0,0,0,0,0,0,0,3.7,0.9,0.7,0,0.5,0.2,0,0,0,0,0,1.9,1.4,6.2,3.3,7.4,0,0,0,6.2,1.8,4.5,2.8,3.3,4.3,3.7,5.1,10,9,22.4,45.3,29.2,41.8,8,5.4,0.8,1.4,4.3,25.5,22.4,21.6,13.1,8.4,14.9,18.3,10.7,2.9,4.4,5.6,4.7,10,13.4,18.9,6.5,1.5,6.6,3.9,1.5,4.3,1.7,3.5,0,0,0,0,0.3,8.4,9.8,3.5,2.2,1.2,0.5,0.3,0,3.1,6.2,12,13.5,21.5,13.7,9.2,1.2,1,5.5,5.2,3.7,15.5,18.6,0,25.1,2.4,1.5,1.5,0,0,0,1.7,9.2,2.9,11.8,2.3,7.3,27,31.7,42,30,30.5,37.9,30.6,0,1.1,0,0,0,0,0,3.6,0,0,0,0,0,0,0,0,4.8,17.1,0,2.5,8.2,14.2,11.7,9.8,0,0,0,0,0,0,0,0,0,0,0,0,0,0,0,0,0.1,0.4,0,0,0,0.2,0,0,0,0,0,0,0,0,0,0,0,0,0,0,0,0,0,0,0,0,0,0,0,0.2,1.6,7,27.4,20.1,2.3,0,0,3,5.7,33.5,11.6,0,0,0,9.2,26,7.7,0,0,0
24.5,78.5,19,0,0,0,4.8,0,0,0,0,0,0,0,0,0,0,0,0,0,0,0,0,0,0,0,0,0,0,0,0,0,0,0,0,0,0.3,0,0,0,0,0,0,0,0,0,0,0,0,0,0,0,0,0,0,0,0,0,0,0,2.7,0,0,0,0.2,0,0,0,0,0,0,0,0.1,3,0,0,6.2,0,0,0,0,0,0,0,0,0,0,0,0,0,0.7,0,0,0,0,0,0,0,0,0,0,0,0,0,0,0,0,0,0,0,0,0,0,0.4,0,0,0,0,0,0,0,0,0,0,0,0,0,0,0,0,0,0,0,0,0,0,0,0,0,0,0,0,0,0,0,0,0,0,0,0,0,0,0,0,0,0,0,0,0,0,0,0,0.2,0,0,0.6,0,0,0,0,0.2,0,0,9.1,27.8,7.8,0,0.3,1.2,1.1,6.5,10.8,0.4,3.6,14.6,0,0.7,18.9,9.4,0,0.4,32.1,29.8,22.9,43.2,2.8,0.4,0,0,0,0,25,90.6,24.6,5.6,45,25.9,86,116.9,212,41.7,29.6,29.1,2.9,0.9,0.3,0.6,7.1,27.6,17.9,4.3,0.3,8.6,9.6,12.4,14.2,15.1,1,0.6,2.7,3.4,4.7,0.6,4.1,0,0.8,0,1.5,0,20.5,1.6,0,0.7,5,4.3,21.8,62.5,17.1,3.1,0,0,2.5,2.6,36.4,11.7,2.8,4.8,0.5,0.9,0,5.5,0,0.2,0.6,0.3,17.2,1.9,3.8,7,26,26,1.9,14.8,2.2,3.9,0.4,7,41.8,2.2,4.4,4.7,5,0.4,0,0,8.5,33.9,0.7,0,0,0,0,0,0,0,0,0,0,0,0,0,0,0,0,0,0,0,0,0,0,0,0,0,0,0,0,0,0,0,0,0,0,0,0,0,0,0,0,0,0,0,0,0,0,0,0,0,0,0,0,0,0,0,0,0,0,0,0,0,0,0,0,0,0,0,0,0,0,0,0,0,0,0,0,0,0,0,0
25.5,78.5,20,0,0,0,0,0.4,0,0,0,0,0,0,0,0,0,0,0,0,0,0,0,0,0,0,0,0,0,0,0,0,0,0,0,0,0,0,0,0,0,0,0,0,0,0,0,0,0,0,0,0,0,0,0,0,0,0,0,0,0,0.9,0,0,0,0.4,0,0,0,0,0,0,0.2,0,0,0,0,0,0,0,0,0,0,0,0,0,0,0,0,0,0.4,0.2,0.6,0,0,0,0,0,0,0,0,0,0,0,0,0,0,0,0,0,0,0,0,0,0,0,0,0,0,0,0,0,0,0,0,0,0,0,0,0,0,0,0,0,0,0,0,0,0,0,0,0,0,0,0,0,0,0,0,0,0,0,0,0,0,0,0,0,0,0,0,0,0,0,0,0,0,0,0,0,0,1.6,0.3,0.3,9.3,1.7,0.2,1.7,0,0,0.4,0,0.6,0,0.7,0,0,7.1,25.9,9,10.8,11.9,2.4,27.9,12.8,1.6,0,0,0,0,0.7,8.8,23.5,2.9,29.8,2.3,34.6,47.2,45.1,33.2,6.5,9.7,5.4,10,2,19.6,63.8,42.8,0,0.3,17.1,0.7,35.3,1.9,63,0,17.8,0,0,0,0,0,0.6,6.5,0.4,4.7,7.8,0,6.9,0,0,0,0,0,1.4,1.1,26.6,7.3,0.2,0,0.2,0,33.2,67.4,1.4,0.2,4.1,12.4,0.2,0,15.7,0,0,0.8,0.3,0,0,0.7,12.8,9.4,1.7,0.2,24.9,0,0,1.3,10.3,84.6,11.7,0,5.4,0,0,0,0,0.1,1.6,0,0,0,0,0,0,0,0,0,0,0,0,0,0,0,0,0,0,0,0,0,0,0,0,0,0,0,0,0,0,0,0,0,0,0,0,0,0,0,0,0,0,0,0,0,0,0,0,0,0,0,0,0,0,0,0,0,0,0,0,0,0,0,0,0,0,0,0,0,0,0,3.2,0,0,0,0,0,0.1,0,0,0
26.5,78.5,21,0,0,0,0,0,0,0,0,0,0,0,0,0,0,0,0,0,0,0,0,0,0,0,0,0,0,0,0,0,0,0,0,0,0,0,0,0,0,0,0,0,0,0,0,0,0,0,0,0,0,0,0,0,0,0,0,0,0,0.2,0,0,0,0,0,0,0,0,0,0,0,0.5,0,0,0,0,0,0,0,0,0,0,0,0,0,0,0,0,0,0,0,0,0,0,0,0,0,0,0,0,0,0,0,0,0,0,0,0,0,0,0,0,0,0,0,0,0,0,0,0,0,0,0,0,0,0,0,0,0,0,0,0,0,0,0,0,0,0,0,0,0,0,0,0,0,0,0,0,0,0,0,0,0,0,0,0,0,0,0,0,0,0,0,0,0.2,0,0,0,0,0,3.7,1.8,0,6.5,0,0,0,0,0,0,1.9,2.4,0.8,0,0,40.4,29.4,1.9,15.1,4.1,1,2.7,2.2,0,0,0,0,0,0,15.3,35.3,24.2,30.3,2.5,0,46.8,70.1,54.9,26.6,6.8,1.9,7.8,8.7,6.8,9.5,24.1,1.9,14.5,31.2,0,2.2,9.3,33.8,13.9,17.1,0,0,0,0,0,0,2.8,37.8,0.3,25.7,0.9,6.9,4.4,0,0,0,0,1,32,19.7,5.2,1,0,0,5.4,51.6,135.8,0.9,0.1,43.9,0.2,0,0,8.1,0,0,17.6,0,0,0,0,24.9,59.3,25.6,0,1.4,1.3,0,16.8,13.6,49.3,84.2,2.5,0,0.4,0,0,0.4,0,8.3,0,0,0,0,0,0,0,0,0,0,0,0,0,0,0,0,0,0,0,0,0,0,0,0,0,0,0,0,0,0,0,0,0,0,0,0,0,0,0,0,0,0,0,0,0,0,0,0,0,0,0,0,0,0,0,0,0,0,0,0,0,0,0,0,0,0,0,0,0,0,0.3,3.3,0,0,0,1.9,0,0,0.6,0,0
27.5,78.5,22,0,0,0,0,0,0,0,0,0,0,0,0,0,0,0.7,0.6,0,0,0,0,0,0,0,0,0,0,0.3,0,5.7,0,0,0,0,0,0,0,0,0,0,0,0,0,0,0,0,0,0,0,0,0,3.4,0,0,0,0,0,0,0,0.2,0,0,0.2,0,0,0,0,0,0,0,0.8,0,0,0,0,0,0,0,0,0,0,0,0,0,0,0,0,0,0,0,0,0,0,0,0,0,0,0,0,0,0,0,0,0,0,0,0,0,0,0,0,1.4,0,0,0,0,0,0,0,0,0,0,0,0,0,0,0,0,0,0,0,0,0,0,0,0,0,0,0,0,0,0,0,0,0,0,0,0,0,0,0,0.3,0,0,0,0,0,0,0,0,0,0,0,0,1.4,0,0,0,0,0,0,0,0,0,0,0,0,0,0.6,31.4,0,9.2,21.2,0,0,11.4,22.1,0.2,0,13.7,2.3,3.8,0,1.8,0,0,0,2.3,16.4,2.5,2.1,48.8,73.2,19.2,7,54.3,11.4,16.6,5.7,0.8,0,5.1,24.1,27.3,13.4,8,11.5,3,19.8,5.7,2.8,4.5,18.5,49.4,16.2,0,0,0,0,0,0,0,4.2,8.9,1.9,33.5,4,0,0,2.3,0,0.1,0.4,4.8,8.1,8,1,0,0,0,53.6,10.8,0,2.6,0,12.5,0,0.8,34.8,0,3,0,2.8,0,0,0,0.5,9.8,0.6,0,8.5,5.7,0,3.2,32,28.8,4.4,0,0,0,0,0.6,0,0,0,0,0,0,0,0,0,0,0,0,0,0,0,0,0,0,0,0,0,0,0,0,0,0,0,0,0,0,0,0,0,0,0,0,0,0,0,0,0,0,0,0,0,0,0,0,0,0,0,0,0,0,0,0,0,0,0,0,0,0,0,0,0,0,0,0,0,0,0,0,0,0,5.6,0,0,0,0,0.4,0,0,0,0
28.5,78.5,23,0,0,0,0,0,0,0,0,0,0,0,0,0,0,1.2,0,0,0,0,0,0,0,0,0,0,0,0.4,0,0.4,0,0,0,0,0,0,0,0,0,0,0,0,0,0,0,0,0,0,0,0,0,7.5,0,0,0,0,0,0,0,0,0,0,3,0,0,0,0,0,0,0.2,0,0,0.2,0,0,0,0,0,0,0,0,0,0,0,0,0,0,0,0,0,0,0,0,0,0,0,0,0,0,0,0,0,0,0,0,0,0,0,0,0,0,10.2,0,0,0,0,0,0,0.7,0.3,0,0,0,0,0,0,0,0,0,0,0,0,0,0,0,0,0,0,0,0,0,0,0,0,0,0,0,0,0,0,0,0,0,0,0,0,0,0,0,0,0,0,0,1.1,0,0,0,0,0,0,0,0,0,0,6.2,0,0,0,19,0,1.3,9.7,0,0,0,36.2,0,0,1.4,1.4,2.7,0,0,0,1,5.8,13.5,0,0,2.4,0,10.7,22.1,16.5,1.6,18.4,4.5,4.8,3,0,0,56.8,97.8,24.5,4.9,28.4,41.8,10.9,10,36.6,16.9,42.7,0,43,30.8,0,0,0,0,0,0,1.4,0,28,9.5,82.7,0,0,0.5,0.6,0,0,0,2.5,27.3,1.2,1.3,0,0,1.4,17.1,0.9,10.3,0,0.2,2,0,5.6,11.8,20.5,1.3,0,0,0,0,5.1,0.6,0.1,0,0,2.7,22.8,93.7,17.1,43.6,28.5,17.5,0,0,0,0,0,0,0,0,0,0,0,0,0,0,0,0,0,0,0,0,0,0,0,0,0,0,0,0,0,0,0,0,0,0,0,0,0,0,0,0,0,0,0,0,0,0,0,0,0,0,0,0,0,0,0,0,0,0,0,0,0,0,0,0,0,0,0,0,0,0,0,0,0,0,0,0,0,0,0,6,0,0,0,0,0,2.5,0,0,0
29.5,78.5,24,0,0,0,0,0,0,0,0,0,0,0,0,0,0,0,0,0,0,0,0,0,0,0,0,0,0,0,1.6,4.6,10.2,0,0,0,0,0,0,0,0,0,0,0,0,0,0,0,0,0,0,0,0,2,0.1,0,0,0,0,0,0,0.6,0,0,0,0,0,0,0,0,0,0.2,0,0,0,0,0,0,0,0,0,0,0,0,0,0,0,0,0,0,0.4,1.6,0,0,0,0,0,0,0,0,0,0,0,0,0,0,0,0,0,0,0,0,0,0.9,0,0,0,0,0,0,0.3,6.8,0,0,0,0,0,0,0,0,0,0,0,0,0,0,0,0.3,0,0,0,0,0,0,0,0,0,0,0,0.2,0,0,0,0,0,0,0,0,0,0,0,0,0,0,0,0,0,0,0,0,0,0,0,0,0,0,0,0,0,0,68.5,0,20.4,12.5,0,0,0,42.1,10.3,0,0,24.1,3.6,15.7,5,0,0,4.4,33.1,0,23.8,4.2,0,6.5,57.3,7,4.1,60,25.3,1.7,33.3,0,18.5,72.6,148.4,2.1,0,10.9,0,10.1,11.2,31,41.5,23.6,0,0,10,0,15.1,0,0,0,0,1.4,8.6,10.1,11.3,58.6,2.6,36.5,21.6,5,0,26.6,0,0,0.2,0,0,0.6,0,4.8,69.4,3,10.6,0,0,0,7.6,0.5,15,2.6,0,0,0,0,0,16.7,0,0,0,0.7,0,89.3,65.8,26.4,77.6,21,23,0.6,0,0,0,0,0,0,0,0,0,0,0,0,0,0,0,0,0,0,0,0,0,0,0,0,0,0,0,0,0,0,0,0,0,0,0,0,0,0,0,0,0,0,0,0,0,0,0,0,0,0,0,0,0.5,0,0,0.2,0,0,0,0,0,0,0,0,0,0,0,0,0,0,0,0,0,0,0,0,0,0,21.4,0,0,0,0,0,7,0,0,0
30.5,78.5,25,0.3,9.7,0.3,0,0,0,0,0,0,0,2.4,1.3,0,0,3.2,0,0,0,0,0,0,0,0,0,0,0.8,2.3,0,11.3,3.1,0,0,0,0,0,0,5.8,0,0,0,0,0,0,0,0,0,0,0,0,1,0,5.5,0,0,0,0,0,0,0,0,0,0,2.3,0,0,0,0,0,1,0,0,4.5,0,0.3,0,0,0,0,0,0,0,0,0,0,0,0,0,4.2,32.6,0,0,0,16.4,0,0,0,0,0,0,0,0,0,0,0,0,0,0,0,0,0,0,0,0,0,0,0,0,0,10.9,0,0,0,5.2,12.6,1.8,0,0,0,0,0,0,0,0,0,30.8,0,0,0,0,0,0,0,0,0,0,0,0,2.2,0.8,1,13.9,0,0,0,0,0,1.8,1.8,0.5,0,0,0,0,0,0,0,0,0,0.3,0,0,0,0,4.2,0,0.5,0.1,41.7,2.6,0,21.7,0,3.5,0.3,2.7,6.2,3,12.4,27.2,3.3,46.1,0.7,28.4,9.9,0.8,25.7,4.5,14.3,49.3,1.8,1.7,8.4,0.6,11.9,13.9,79.5,38.1,4.4,12.5,12.2,16.5,74.2,37,11.4,83.2,7.4,22.4,22.2,28.2,36.9,10.6,3.4,24.6,9,0.1,0.2,7.7,0,0,11.2,0,0.4,0.4,16.4,23,9.8,9.1,3.7,8.8,0.1,0.8,2.6,0.5,2.7,13.7,0,0.2,0.3,0.9,11,9.2,6.6,14.9,2,2,8,0.1,0.3,0.2,0,0,0,0,1.3,10.3,0,0,4,12,0.4,21.3,25.5,8.1,11.5,9.2,2.6,2.8,0,0.2,10.5,4.4,0,0.2,0,0,0,0,0,0,0,0,0,3.9,2.3,0,0,0,0,0,0,0,0,0,0,0,0,0,0,0,0,0,0,0,0,0,0,0,0,0,0,0,0,0,0,0,0,0,0,0,0,0,0,0,0,0,0,0,0,0,0,0,0,0,0,0,0,0,0,0,0,0,0,0,0,0,39.2,0,0,0,0,4.2,7,0,0,0
31.5,78.5,26,13.5,0,0,0,0,0,0,0,0,8.6,3.6,0,0,19.2,5,0.9,0,0,0,0,0,0,0,0,1.4,4.8,6.3,3.9,0.6,0,0,0,0,0,0,1.2,0,0,0,0,0,0,0,0,0,0,0,0,0,0.7,0.7,0,0,0,0,0,0.7,2.4,1.1,3.6,9.7,18.5,0,0,0,0,0,6.8,0.3,0,2.3,0,2.3,0,0,0,0,0,0,0,0,0.1,0,0,0,0,8.6,30.8,0,0,0,33.1,0,0,0,0,0,0,0.6,0,0,0,0,0,0,0,0,0,1.6,6.3,0,0,0,0,0,0,11.9,6.6,0,0,0,0,1.5,0,0.3,0,0,0,0,0,0,0,0,27.9,9.2,0,1.1,0.1,0,0.9,0.2,0,0,4.2,0,6,12.6,0,3.6,22.3,2.3,0,0,0,0,0.8,0.8,0,0,0,0.8,0.4,0,0,0,0,0,0,1.4,0,0,0,0,0,0,0,0.4,3.2,0,0.8,1.7,3.6,1.1,0,0,0,1,1.4,0.4,0.4,0.4,0.7,1,0,0.4,0,14,6.2,0.7,0.2,1.6,0.3,0.4,0.9,2.2,0.4,1.8,0.5,0.2,1.1,4.7,1.4,0,0.6,3.6,26.5,1.1,3,0.6,0.5,0,0,0.7,0,0,0,0.2,0,0,0,0.1,0.6,2.5,7.6,0,2.5,1.9,3.2,0.2,0,1.7,1.3,5.4,5.8,3.7,1.1,0,0,0,0,0.9,2.9,1.4,1.4,0.5,0,0,0,0.8,0,0,0,1.1,5.5,0,0,0,4.7,2.5,9.2,19.5,3.6,5.3,10.3,2.5,0,0,0,0,0,0,0,0,0,0,0,0,0,0,0,0,1.4,20.2,1.1,0,0,0.2,7,0,0,0,0,0,0,0,0,0,0,0,0,0,0,0,0,0,2.7,1.1,0,0,0,0,0,0,0,0,0,0,0,0,0,0,1.1,0,0,0,0,0,0,0,0,0,0,0,0,0,6.2,28,0.9,0.3,0,0,0,0,0,354.9,0,0,0,0,101,228.4,0,0,0,0
32.5,78.5,27,17.2,0,0,0,0,0,0,0,0,8.2,3,0,0,20,6.2,0.9,0,0,0,0,0,0,0,0,0.9,8.1,8.6,5.5,2.1,0,0,0,0,0,0,1.8,0,0,0,0,0,0,0,0,0,0,0,0,0,0.5,0.4,0,0,0,0,0,0.4,2.5,0.8,2.9,10.9,20,0,0,0,0,0,6.2,1,0,2.4,0,3.4,0,0,0,0,0,0,0,0,0,0,0,0,0,8.8,33.9,0,0,0,31.8,0,0,0,0,0,0,0.3,0,0,0,0,0,0,0,0,0,2.5,6.3,0,0,0,0,0,0,12.3,7.9,0,0,0,0,0.9,0,0.2,0,0,0,0,0,0,0,0,28.3,10.1,0,0.7,0,0,0.5,0.1,0,0,4.7,0,4.9,16.4,0,2.5,22.7,2.7,0,0,0,0,0.5,0.6,0,0,0,0.6,0.2,0,0,0,0,0,0,1.8,0,0,0,0,0,0,0,0.4,3,0,0.5,2.2,5.1,1.9,0,0,0,3.5,1.1,0.3,0.3,0.6,1.3,3.5,0,0.7,0,19.9,5.9,1.3,0.8,1.6,0.2,1.5,3,3.9,0.5,1.1,0.3,0.7,2.8,7.1,0.9,0,0.9,6.8,22.1,2.6,5,1.2,1.4,0,0,0.5,0,0,0,0.1,0,0,0,0,1.6,2.6,8.5,0,3,4.3,4.2,0.1,0,2.5,1,5,8.1,4.5,1.5,0,0,0,0,0.8,2.8,0.9,4.7,1.8,0,0,0,1.6,0,0,0,2.5,6.9,0,0,0,3.8,3.6,9.1,18.3,5.7,6.1,9.4,2.2,0,0,0,0,0,0,0,0,0,0,0,0,0,0,0,0,1.2,18.9,3.6,0,0,0.7,7.3,0,0,0,0,0,0,0,0,0,0,0,0,0,0,0,0,0,2.1,2.1,0,0,0,0,0,0,0,0,0,0,0,0,0,0,0.8,0,0,0,0,0,0,0,0,0,0,0,0,0,5.3,22.6,2,1.2,0,0,0,0,0,258.6,0,0,0,0,125.2,246.8,0,0,0,0
24.5,79.5,28,0,0,0,0,0,0,0,0,0,0,0,0,0,0,0,0,0,0,0,0,0,0,0,0,0,0,0,0,0,0,0,0,0,0,0,0,0,0,0,0,0,0,0,0,0,0,0,0,0,0,0,0,0,0,0,0,0,0,0,0,0,0,0,0,0,0,0,0,0,0,0,0,0,0,0,0,0,0,0,0,0,0,0,0,0,0,0,0,0,0,0,0,0,0,0,0,0,0,0,0,0,0,0,0,0,0,0,0,0,0,0,0,0,0,0,0,0,0,0,0,0,0,0,0,0,0,0,0,0,0,0,0,0,0,0,0,0,0,0,0,0,0,0,0,0,0,0,0,0,0,0,0,0,0,0,0,0,0,0,0,0,0,0,0,0,0,0,0,0,15.9,28,0.1,0,0,6.4,0,4.3,2.8,1.1,14.9,27.6,1.9,0,21.2,2.3,0.3,11.2,6.4,0.6,6.4,11.9,14,2.8,0,0,0,1.1,19.5,10,31.1,0.9,4.3,62,34,25.9,32.5,52.8,33.4,36.6,3.9,22.3,5.9,2.6,2.4,0.3,8.6,10.9,7,3.9,0.3,1,0.1,10.7,15.9,6.4,0.5,20.2,0.3,0,0.2,15.6,0,0,13.4,0,1.7,1.4,0,0.2,15.9,18.1,4.5,2.4,29.6,6.6,0.2,0,0,0.4,2.1,3.3,7.5,2,5,0,0,0,9,0.8,0.2,0,10.6,0.2,0,0.9,2.3,0.2,37.5,31.3,5.4,0.2,0,1.9,10,16.8,32.1,0.2,13.7,0,0,0,0,1.1,33.6,22.5,0,0,0,0,0,0,0,0,0,0,1.3,0,0,0,0,0,0,0,0,0,0,0,0,0,0,0,0,0,0,0,0,0,0,0,0,0,0,0,0,0,0,0,0,0,0,0,0,0,0,0,0,0,0,0,0,0,0,0,0,0,0,0,0,0,0,0,0,0,0,0,0,0,0,0,0,0,0,0,0,0
25.5,79.5,29,0,0,0,0,0,0,0,0,0,0,0,0,0,0,0,0,0,0,0,0,0,0,0,0,0,0,0,0,0,0,0,0,0,0,0,0,0,0,0,0,0,0,0,0,0,0,0,0,0,0,0,0,0,0,0,0,0,0,0.4,0,0,0,0,0,0,0,0,0,0,0,0,0,0,0,0,0,0,0,0,0,0,0,0,0,0,0,0,0,0.4,0,0,0,0,0,0,0,0,0,0,0,0,0,0,0,0,0,0,0,0,0,0,0,0,0,0,0,0,0,0,0,0,0,0,0,0,0,0,0,0,0,0,0,0,0,0,0,0,0,0,0,0,0,0,0,0,0,0,0,0,0,0,0,0,0,0,0,0,0,0,0,0,0,0,0,0,0,0,0,0,0,11.8,9.3,1.1,0,0,0,0,0.3,0.4,1.6,3.6,0.3,0,0,40.1,4.2,0,60.4,6.3,33.1,5.6,7.2,14.5,0,1.2,0,3.3,2.2,11.1,19.8,5.3,5.7,8.4,9.2,14.2,53.5,13.4,3.7,2.2,7.6,31.5,12.8,21.9,33.6,3.2,7.3,55.6,12.3,1.8,0.5,33.6,9.6,16.2,0.5,0.1,0,0,0,3.7,9.8,1.4,0,2.8,9.1,0.1,1.5,0,11.4,0,2,9.4,20,3.1,2.1,5.6,3.7,0,0,25.8,25.3,9.9,2.2,17.7,13.1,0,0.2,8.7,9.1,0.3,9.6,8.7,0,0,4.7,18.9,2.9,2.9,0,12.6,0.2,1.6,19,65.7,11.2,23.2,8.4,0.8,0,0,13.1,0,0,1.2,11.1,0.9,0,0,0,0,0,0,0,0,0,0,0,0,0,0,0,0,0,0,0,0,0,0,0,0,0,0,0,0,0,0,0,0,0,0,0,0,0,0,0,0,0,0,0,0,0,0,0,0,0,0,0,0,0,0,0,0,0,0,0,0,0,0,0,0,0,0,0,0,0,0,1.1,0,0,0,0,0,0,0,0,0
26.5,79.5,30,0,0,0,0,0,0,0,0,0,0,0,0,0,0,0,0,0,0,0,0,0,0,0,0,0,0,0,0,1.5,0,0,0,0,0,0,0,0,0,0,0,0,0,0,0,0,0,0,0,0,0,0,0,0,0,0,0,0,0,4.1,0,0,0,0,0,0,0,0,0,0,0,0,0,0,0,0,0,0,0,0,0,0,0,0,0,0,0,0,0,0,0,0,0,0,0,0,0,0,0,0,0,0,0,0,0,0,0,0,0,0,0,0,0,0,0,0,0,6.5,0,0,0,0,0,0,0,0,0,0,0,0,0,0,0,0,0,0,0,0,0,0,0,0,0,0,0,0,0,0,0,0,0,0,0,0,0,0,0,0,0,0,0,0,0,0,0,0,0,0,0,0,0,0,0,1.9,3.7,0,0,5.2,0,3.9,0,0,0,0,0,0.2,1.2,0,0,0.2,2.2,1.8,0,0.3,0,0,0,0,0,35.4,24.8,10.2,1,4.3,5,8.7,10,1.2,0,3.4,1.1,3.2,2.2,34.9,35.8,0.8,1.1,0,24.3,1.5,0,20.7,0.6,3.7,35.9,0.3,0,0,0,0,10.2,7.2,0,0,2.6,3.1,1.6,0.2,0,4.8,0.1,0,0.6,2.9,11.1,14,2.1,0,0,0.4,95.3,3.6,0,0,3.5,1,0,0,8.7,0.5,1.7,2.5,0,0,0,0.6,0.3,11.3,0.2,0,0.2,8.6,0,14.1,23,118.9,50.4,5.1,4.2,0.2,0.6,0,0.2,0,14,0,0,0,0,0,0,0,0,0,0,0,0,0,0,0,0,0,0,0,0,0,0,0,0,0,0,0,0,0,0,0,0,0,0,0,0,0,0,0,0,0,0,0,0,0,0,0,0,0,0,0,0,0,0,0,0,0,0,0,0,0,0,0,0,0,0,0,0,0,0,0,1.1,0,0,0,0,0,0,0,0,0
27.5,79.5,31,0,0,0,0,0,0,0,0,0,0,0,0,0,0,0,0,0,0,0,0,0,0,0,0,0,0,0.4,0,5.9,0,0,0,0,0,0,0,0,0,0,0,0,0,0,0,0,0,0,0,0,0,0,0,0,0,0,0,0,0,3.8,0,0,0.4,0,0,0,0,0,0,0.2,0,0,0,0,0,0,0,0,0,0,0,0,0,0,0,0,0,0,0,0,0,0,0,0,0,0,0,0,0,0,0,0,0,0,0,0,0,0,0,0,0,0,0,0,0,0,0,0,0,2.8,0,0,0,0,0,0,0,0,0,0,0,0,0,0,0,0,0,0,0,0,0,0,0,0,0,0,0,0,0,0,0,0,0,0,0,0,0,0,0,0,0,0,0,0,0,0,0,0,0,0,0,0,0,0,0,0,0.4,0,0,9.1,0,0.2,28,0,0,6.7,0,0,0,50.4,0.2,0,0,0,0,0,0.7,0,0.3,15.3,33.2,6.8,5.6,26.1,5.9,31.9,17.6,17.2,1,0,0,1,49.9,17.5,0.1,1.3,2.4,2.7,1.9,5.6,14.2,2,114.7,55.5,119.3,0,0,0,0,0,1.7,0.5,0,0.4,0.4,27.6,37.5,16.2,7.1,0.1,3.3,0,16.7,0.8,0.7,0.2,0,0,0,24.8,59.7,0,0,0.7,0,8.3,0,2.1,0.2,14,0,0.2,0.8,0,0,0.1,2.6,11.7,0,0,1.5,24.9,0.1,19.4,135.5,62.1,40.7,1.6,0,0,1.3,0,0,0,0,0,0,0,0,0,0,0,0,0,0,0,0,0,0,0,0,0,0,0,0,0,0,0,0,0,0,0,0,0,0,0,0,0,0,0,0,0,0,0,0,0,0,0,0,0,0,0,0,0,0,0,0,0,0,0,0,0,0,0,0,0,0,0,0,0,0,0,0,0,0,0,3.6,0,0,0,0,0,2.2,0,0,0
28.5,79.5,32,0,0,0,0,0,0,0,0,0,0,0,0,0,0,2.2,0,0,0,0,0,0,0,0,0,0,0,0.7,0.6,2.1,0.2,0,0,0,0,0,0,0,0,0,0,0,0,0,0,0,0,0,0,0,0,2.9,0.1,0,0,0,0,0,0,0.2,0,0,0,0,0,0,0,0,0,0,0,0,0,0,0,0,0,0,0,0,0,0,0,0,0,0,0,0,0,0,0,0,0,0,0,0,0,0,0,0,0,0,0,0,0,0,0,0,0,0,0,2.4,0,0,0,0,0,0,0,12.8,0,0,0,0,0,0,0,0,0,0,0,0,0,0,0,0,0,0,0,0,0,0,0,0,0,0,0,0,0,0,0,0,0,0,0,0,0,0,0,0,0,0,0,0,0,0,0,0,0,0,0,0,0,0,0,0.4,2.1,3.8,10.3,29.4,0,78.2,14.4,0,0,0.6,1.1,0,0,52.4,0,0.2,0.9,0,0,45.1,24.8,0,12.9,13.8,6.1,5.7,10.1,5,2.2,11.1,14.4,7.9,4.6,0,0,0,37.4,34.6,8.2,3.5,11,95.6,20.9,24.2,30.2,45.4,16,39.1,7.6,13.9,16,0,0,0,0,0,0,17.6,19.6,60.5,0.2,0,34.4,0,0,0,1.4,0.2,3.7,0,0.7,9.9,0,46.2,10.9,0.3,7,0,0,0,2.3,65.2,4.2,0,0,0,0,0,0,17.9,0,2.3,0,0,0,35.2,4.5,27.2,113.2,33.6,56.6,0.4,0,0,0,0,0,0,0,0,0,0,0,0,0,0,0,0,0,0,0.1,0,0,0,0,0,0,0,0,0,0,0,0,0,0,0,0,0,0,0,0,0,0,0,0,0,0,0,0,0,0,0,0,0,0,0,0,0,0,0,0,0,0,0,0,0,0,0,0,0,0,0,0,0,0,0,0,0,0,0,4.4,0,0,0,0,0.1,1.2,0,0,0
29.5,79.5,33,0,0,0,0,0,0,0,0,0,0,0,0,0,0,2.2,4.2,0,0,0,0,0,0,0,0,0,3,1.3,3.3,16.5,4.7,0,0,0,0,0,0,1,0,0,0,0,0,0,0,0,0,0,0,0,0,11.7,8.9,0,0,0,0,0,0,1.2,3.9,0,0,11.6,0,0,0,0,0,0,0,0.5,0,0,0,0,0,0,0,0,0,0,0,0,0,0,0,0,2.8,18.9,0,0,0,0.7,0,0,0,0,0,0,1.2,0,0,0,0,0,0,0,0,0,0,23.6,0,0,0,0,0,0,0,6.4,0,0,0,0,0.7,0,0,0,0,0,0,0,0.9,0,0,0,6.9,0,0,0,0,0,0,0,0,0,0,0,0,0,0,0,0,0,0,0,0,0,8.8,0,0,0,0,0,0,0,0,0,0,4.6,0,0,0,0,0,0,17.2,20.9,12.2,2.9,8.1,48.6,9.9,0,11,12.4,1.6,0,0,35.3,3.5,9.1,2.6,6.2,13,2.3,14.4,0,5.1,15.3,3.5,12.7,8,15.4,0.3,8.3,8.2,5.5,38.3,0.9,4.4,8.3,25.8,4.4,4.5,51,47.2,24.2,14.7,13.8,6.5,7.8,45.7,29.6,5.8,3.4,1.8,0,0,0,1.5,14.7,6.7,3.5,64.4,24.6,7.3,14.3,17.2,5.9,1.8,3.7,2.6,0,11,11,0,0.4,1.5,4.4,7.7,20.1,7.9,2,0.5,0,7.4,3.8,2.5,0,0,0,0,0,0,14.4,0,17.7,0,0,0,32.5,78,22.3,96.7,10.9,51.9,3.7,2.2,0,0,0.7,0,0,0,0,0,0,0,0,0,0,0,0,0,0,0,0,0,0,0,0,0,0,0,0,0,0,0,0,0,0,0,0,0,0,0,0,0,0,0,0,0,0,0,0,0,0,0,0,0,0,0,3.7,0,0,0,0,0,0,0,0,0,0,0,0,0,0,0,0,0,0,0,0,0,0,35.8,3.7,0,0,0,0.8,13.2,0,0,0
30.5,79.5,34,0,4.3,0,0,5.7,0,0,0,0,0,1.2,4.6,0,0,5.5,0.6,2.1,0,0,0,0,0,0,0,0,3.5,3,3.6,32.7,2.7,0,0,0,0,0,0,1.8,0,0,0,0,0,0,0,0,0,0,0,0,0.3,7.1,3.6,0,0,0,1.4,0,0,3,4.1,0,0,15.2,0,0,0,0,0,0.3,0,0,1.3,0,0,0,0,0,0,0,0,0,0,0,0,0,0,2.1,9.2,25.4,0,0,0,15.2,0,0,0,1.4,0,0,0.2,0,2.9,22.7,39.8,0,0,0,0,0,0,9.1,0,0,0,0,0,0,0,8.9,0,0,0,3.1,7.7,1,0,0,0,0,0,0,0.3,0,0,18.1,2.6,0,0,0,0,0,0,0,0,0,0,0,1.3,0.5,0.6,8.2,0,0,0,0,0,0.5,1.8,0.1,0,0,0,0,0,0,0,0,0,8.6,7.1,0,0,0,1.2,0,2.6,9.4,24.9,1.2,1.3,27.2,3.6,3.9,3.7,75.5,1.3,2.8,33.7,5.4,0.1,20.1,0.4,1.7,0,0,2,0,10.6,10.9,8,0.4,10.4,0.5,27.9,6.6,8.1,5,1.9,1.1,0.8,13.9,1.9,0.8,3,44.2,2.7,23,14.8,16.3,1.3,1.3,11.5,5.2,10.2,16.9,0.2,0,0,8.1,3,0,0,3.6,16.1,12.7,0.7,1,10.7,11.9,0.5,0.7,3.8,5.3,6.8,12.9,0.4,0,0,0,1.9,0.8,5,6.2,1.2,0.2,2.5,6.1,0,2.3,2.2,0,0,0.3,0.8,6.4,0.2,0,1,7.3,0,22.1,25.3,6,11.5,4.1,15.8,0.2,0,0,0.8,0,0,0,1,0,0,0,0,0,0,0,0,1.9,4.2,0,0,0,0,5.5,0,0,0,0,0,0,0,0,0,0,0,0,0,0,0,0,0,0,0,0,0,0,0,0,0,0,0,0,0,0,0,0,0,7.2,0,0,0,0,0,0,0,0,0,0,0,0,0,0,0,0,0,0,0,0,0,0,41.7,1,0,0,0,0,1.7,0,0,0
31.5,79.5,35,9.7,1.2,0,0,0,0,0,0,0,7.7,3.6,0.2,0,16,4.7,0.7,0,0,0,0,0,0,0,0,1.5,3.9,5.4,2.8,1.4,0.4,0,0,0,0,0,1,0.7,0,0,0,0,0,0,0,0,0,0,0,0,0.9,0.7,0.7,0,0,0,0,0.7,2,0.9,3.3,7.6,14.9,0.3,0,0,0,0,5.1,0.1,0,1.8,0.6,1.7,0,0,0,0,0,0,0,0,0.1,0,0,0,0,6.6,25.4,4.2,0,0,29.6,2.1,0,0,0,0,0,0.6,0,0,0,0,0,0,0,0,0,1.3,5.5,0,0,0,0,0,0,10.7,5.2,1.4,0,0,0,2.2,1.6,0.5,0,0,0,0,0,0,0,0,25.1,11.9,0,1.1,0.1,0,0.9,0.2,0,0,2.9,0,5.5,11,0.3,3.9,19.3,4,0,0,0,0,0.8,1.1,0.2,0,0,0.6,0.4,0,0,0,0,0,0,1.5,0,0,0,0,0.5,0,0,0.5,8.4,0.3,0.8,4.2,2.1,1.7,0,54.6,0.9,2,25.1,3.7,0.1,14.6,0.3,1,0,0.2,1.3,3.5,9.2,7.9,5.8,0.7,7.6,0.3,20.3,5.2,5.8,4.1,0.8,0.8,0.6,11.1,1.6,0.3,2.2,32.6,9.2,16.8,11.5,11.9,0.9,0.7,8,3.7,7.4,12.2,0,0,0,5.9,2.1,0,0,3,13.4,9.2,1.1,0.8,8.6,8.8,0.4,0.8,3,5.3,6.4,10.2,0.5,0,0,0,1.3,0.7,4.3,4.8,0.9,0,1.8,4.3,0,1.8,1.6,0,0,0.2,1.9,4.6,0,0,2.1,5.7,2.6,21.6,19,5.7,11.1,3.7,11.4,0,0,0,0.6,0,0,0,0.7,0,0,0,0,0,0,0,0.5,7.1,3,0,0,0,2,4.1,0,0,0,0,0,0,0,0,0,0,0,0,0,0,0,0,0.7,0.3,0,0,0,0,0,0,0,0,0,0,0,0,0,0,0.3,5.2,0,0,0,0,0,0,0,0,0,0,0,0,1.8,8,0.2,0,0,0,0,0,0,103.2,30.3,0.7,0,0,35.3,68.3,1.2,0,0,0
32.5,79.5,36,13.1,0,0,0,0,0,0,0,0,7.8,3.2,0,0,17.5,3.7,0.4,0,0,0,0,0,0,0,0,0.7,4.2,4.9,3,0.1,0,0,0,0,0,0,0.5,0,0,0,0,0,0,0,0,0,0,0,0,0,0.4,0.4,0,0,0,0,0,0.4,1.9,1.2,3.7,9.7,17.7,0,0,0,0,0,8.9,0,0,2.3,0,2,0,0,0,0,0,0,0,0,0,0,0,0,0,11.2,37.8,0,0,0,33.5,0,0,0,0,0,0,0.3,0,0,0,0,0,0,0,0,0,0.7,6.6,0,0,0,0,0,0,11,7.2,0,0,0,0,0.8,0,0.1,0,0,0,0,0,0,0,0,26.8,8.1,0,0.5,0,0,0.4,0.1,0,0,5.4,0,6.4,13.5,0,1.9,22.5,1.2,0,0,0,0,0.4,0.4,0,0,0,1.1,0.2,0,0,0,0,0,0,1.5,0,0,0,0,0,0,0,0.2,3,0,0.4,0.8,4.1,0.7,0,0,0,0.2,0.7,0.6,0.6,0.2,0.5,0.2,0,0.3,0,9.7,5.6,0.3,0,1.5,0.1,0,0.2,1,0.3,0.9,0.3,0,0.3,2,0.7,0,0.2,1.4,32.1,0.5,1.5,0.3,0.2,0,0,1,0,0,0,0.1,0,0,0,0,0.2,1.7,6.7,0,1.2,1.4,2.5,0.1,0,1.7,1.6,7.1,6.2,2.1,0.8,0,0,0,0,0.5,2.9,1,0.3,0.1,0,0,0,0.3,0,0,0,0.4,4.4,0,0,0,4.7,2.5,9.8,18.1,2.9,4.6,9.7,2.2,0,0,0,0,0,0,0,0,0,0,0,0,0,0,0,0,0.8,21.9,0.2,0,0,0,6.1,0,0,0,0,0,0,0,0,0,0,0,0,0,0,0,0,0,3.8,0.6,0,0,0,0,0,0,0,0,0,0,0,0,0,0,1.2,0,0,0,0,0,0,0,0,0,0,0,0,0,6.5,29.2,0.4,0,0,0,0,0,0,355.2,0,0,0,0,59.6,239,0,0,0,0
24.5,80.5,37,0,0,0,0,0,0,0,0,0,0,0,0,0,0,0,0,0,0,0,0,0,0,0,0,0,0,0,3,1.6,0,0,0,0,0,0,0,0,0,0,0,0,0,0,0,0,0,0,0,0,0,0,0,0,0,9.5,0.1,0,0,5,0,0,0,0.4,0,0,0,0.2,0,5.3,9.8,3,0,0,0,0,0,0,0,0,0,0,0,0,0,0,0,0,0,0,0,0,0,0,0,0,0,0,0,0,0,0,0,0,0,0,0,0.2,0,0,0,0,0,0,0,0,0,0,0,0,0,0,0,0,0,0,0,0,0,0,0,0,0,0,0,0,0,0,0,0,0,0,0,0,0,0,0,0,0,0,0,0,0,0,0,0,0,0,0,0,0,0,0,0,0,0,0,0,2.7,5.3,1.6,1.4,1.1,0,3,4,3.3,0,15.6,18.9,0,0,6.3,0,0,0,2.8,0.8,13.8,14.2,21.7,53.9,7,3.2,1.9,0,0,5.6,36,14,31.3,1.3,5,13.6,29.8,5.7,10,5.5,5.6,1.2,3.2,9.9,9.2,40.1,0,0.4,7.8,20.9,15.6,5.7,4.5,1,26.2,10.6,30.9,1.6,0.5,15.8,8.4,0,4.9,14.3,1.3,13.9,4.2,0,5,2.1,0.9,1.7,4.3,1.7,4.8,1.1,5,7.8,1.6,0,0,0,0.8,8.8,5.3,0.8,0,0.8,0.4,0.3,14.6,8.7,4.3,0.8,0.9,10.5,8.5,47.3,9.9,0,9,18.8,15.2,0.6,1.7,4.3,0.1,13.5,8.6,0,0,0,0,0,0.2,15.4,10,38.8,3.9,0,0,0,0,0,0,0,0,0.3,0,0,0,0,0,0,0,0,0,0,0,0,0,0,0,0,0,0,0,0,0,0,0,0,0,0,0,0,0,0,0,0,0,0,0,0,0,0,0,0,0,0,0,0,0,0,0,0,0,0,0,0,0,0,0,0,0,0,0,0,0,0,0,0,0,0,0,0,0,0
25.5,80.5,38,0,0,0,0,0,0,0,0,0,0,0,0,0,0,0,0,0,0,0,0,0,0,0,0,0,0,0,0,4.9,0,0,0,0,0,0,0,0,0,0,0,0,0,0,0,0,0,0,0,0,0,0,0,0,0,0,0,0,0,1.9,0,0,0,0,0.6,0,0,0,0,0,0,0,0,0,0,0,0,0,0,0,0,0,0,0,0,0,0,0,0,1.6,0,0,0,0,0,0,0,0,0,0,0,0,0,0,0,0,0,0,0,0.3,0,0,0,0,0,0,0,0,3.7,0,0,0,0,0,0,0,0,0,0,0,0,0,0,0,0,0,0,0,0,0,0,0,0,0,0,0,0,0,0,0,0,0,0,0,0,0,0,0,0,0.8,0,0,0,0,0,0,0,0,0,2.3,0,0,10.5,0,40.2,0.3,2.7,2.1,0.5,3.5,0,0,10.7,0,0,0.6,0,0,0,97.7,0,7.4,4.9,2.5,3.2,32.2,0.8,0.3,2,25.2,40,6.8,1.1,0,0,5,18.1,7.7,5.6,1.7,0,1.5,14,30.6,34.9,4.7,0.7,5.6,37.1,16.5,0,6.8,45.1,44.3,20.4,4.1,0,0,0,0.6,4.9,0,0,2.5,8.5,2.6,2.5,0,8.8,0,1.3,3,4.5,1.8,1.5,4.2,13.2,0,0,0,2.5,0,0,1.5,10.1,0.9,0,9.9,3,12.5,9.2,7.7,0.9,0,0,6.7,0.8,12.4,0,0,1,0,0,5.9,2.8,14.7,11.6,0,0,0,0,0,1.2,2.6,3.5,4.9,0,0,0,0,0,0,0,0,0,1.4,0,0,0,0,0,0,0,0,0,0,0,0,0,0,0,0,0,0,0,0,0,0,0,0,0,0,0,0,0,0,0,0,0,0,0,0,0,0,0,0,0,0,0,0,0,0,0,0,0,0,0,0,0,0,0,0,0,0,0,0,0,0,0,0,0,0,0.5,0,0,0
26.5,80.5,39,0,0,0,0,0,0,0,0,0,0,0,0,0,0,0,0,0,0,0,0,0,0,0,0,0,0,0,0,11.9,0,0,0,0,0,0,0,0,0,0,0,0,0,0,0,0,0,0,0,0,0,0,0,0,0,0,0,0,0,1.7,0,0,0,0,0,0,0,0,0,0,0,0,0,0,0,0,0,0,0,0,0,0,0,0,0,0,0,0,0,0,0,0,0,0,0,0,0,0,0,0,0,0,0,0,0,0,0,0,0,0,0,0,0,0,0,0,0,0,0,0,0,0,0,0,0,0,0,0,0,0,0,0,0,0,0,0,0,0,0,0,0,0,0,0,0,0,0,0,0,0,0,0,0,0,0,0,0,0,0,0,0,0,0,0,0,0,0,0,0,0,0,0,0,0,0,0,0.2,0,0,92.3,21.7,12.3,0,0,0,0.3,0,0,0.2,0.1,0,0,0,0,3.2,0,0,1.4,2,29.3,9.9,7.2,0.2,0,4.1,18.2,10.3,6.8,0,2.2,0,0,15.2,10.1,9.2,3,1.1,7,3,11.8,0,10.8,13.5,6.8,61.2,0.5,0,0,0,53.4,7.3,0.6,0,0,5.3,5.9,9.1,2,7.6,0.3,3.6,0.2,2.9,2.7,11.5,0,0,0,0,5.9,58.2,1.2,0,3.5,0,0,0,26.3,0,0,0,0,0.8,0,0,5.8,12.1,0.1,0.4,0.4,0,11.1,9.6,4.5,16.1,24.7,21.9,0,0,4.8,9.4,0,0,0,3.9,0,0,0,0,0,0,0,0,0,0,0.2,0,0,0,0,0,0,1.1,0,0,0,0,0,0,0,0,0,0,0,0,0,0,0,0,0,0,0,0,0,0,0,0,0,0,0,0,0,0,0,0,0,0,0,0,0,0,0,0,0,0,0,0,0,0,0,0,0,0,0,0,0,4.4,0,0,0,0,0,0,0,0,0
27.5,80.5,40,0,0,0,0,0,0,0,0,0,0,0,0,0,0,0,0,0,0,0,0,0,0,0,0,0,0,0,2.1,14.5,0,0,0,0,0,0,0,0,0,0,0,0,0,0,0,0,0,0,0,0,0,0.4,0,0,0,0,0,0,0,4.2,0.9,0,0.2,0,0,0,0,0,0,0,0,0,0,0,0,0,0,0,0,0,0,0,0,0,0,0,0,0,0,5.1,0,0,0,0,0,0,0,0,0,0,0,0,0,0,0,0,0,0,0,0,0,0,0,0,0,0,0,0,0,0,0,0,0,0,0,0,0,0,0,0,0,0,0,0,0,0,0,0,0,0,0,0,0,0,0,0,0,0,0,0,0,0,0,0,0,0,0,0,0,0,0,0,0,0,0,0,0,0,0,0,0,0,0,0,0,5.9,3.6,0,0,16.5,0.4,0,1.2,0,0,11.4,0,0,0,3.3,0,0,0,0,0,0.1,0,2.6,0.2,1,22.3,0,57.9,0,4.9,20.3,1.1,1,0,0,0.4,11.8,122.5,17.2,3.9,8.4,22.9,8.2,44.6,23.4,7,1.5,118.3,74.4,101.8,23.8,3.5,0,0,34.3,1.2,0,0,0.2,0.3,8.2,44.1,0,13,28.2,0,0,4.9,0,1.1,0.8,0,0,0,132.9,11.4,0,9.2,4.1,0,0,1.1,3.7,2.5,0.8,0,0,0.9,0,0,7.2,35.3,5.7,3.4,0,0.4,1.9,3,0,9.8,56.7,58.5,7.1,13.2,0.1,0,0,0,0,0,0,0,0,0,0,0,0,0,0,0,0,0,0,0,0,0,0,0,0,0,0,0,0,0,0,0,0,0,0,0,0,0,0,0,0,0,0,0,0,0,0,0,0,0,0,0,0,0,0,0,0,0,0,0,0,0,0,0,0,0,0,0,0,0,0,0,0,0,0,0,0,0.6,5.1,0,0,0,0,2.6,0,0,0
28.5,80.5,41,0,0,0,0,0,0,0,0,0,0,0,0,0,0,0.3,0,0,0,0,0,0,0,0,0,0,0,1.6,6.7,3.7,2.6,0,0,0,0,0,0,0,0,0,0,0,0,0,0,0,0,0,0,0,0,0,0.1,0,0,0,0,0,0.8,1.4,0,0,0.1,0.2,0,0,0,0,0,0,0,0,0,0,0,0,0,0,0,0,0,0,0,0,0,0,0,0,0,0,0,0,0,0,0,0,0,0,0,0,0,0,0,0,0,0,0,0,0,0,0.5,1.4,0,0,0,0,0,0,5,1.7,0,0,0,0,0,0,0,0,0,0,0,0,0,0,0,1.5,0,0,0,0,0,0,0,0,0,0,0,0,0,0,0,0,0,0,0,0,0,0,0,0,0,0,0,0,0,0,0,0,0,0.4,0,0,0,0,0,7.9,0.2,0,0,3.7,2,3.9,39.7,0,1.6,1,2.1,0,18.9,23.7,0,3.1,0.9,0,0,7.1,13.2,0.2,0,26.7,4.1,7.5,0.6,4.9,20.5,17.9,8.6,6.2,0.5,0.5,0.4,1.6,6.1,3.1,3.8,3.4,14.4,28.6,26.9,18.4,19.8,9.9,33.4,15.6,9.9,24.4,19.6,2.5,0,4.5,0,0,0,0,3.7,52.6,27.4,0,2.9,9,0,5,2.7,0,3,0,0,0,0,72.5,6.4,1.9,0.1,3.3,0,0,2.7,22,7.9,26.6,0,0,0,1.1,0,19.2,2.9,7.4,0,0,0,24.3,3.3,41.2,128.2,67.7,64.4,6.2,0,0.7,0,0.1,0,0,0.9,0,0,0,0,0,0,0,0,0,0.5,0,0,0,0,0,0,0,0,0,0,0,0,0,0,0,0,0,0,0,0,0,0,0,0,0,0,0,0,0,0,0,0,0,0,0,0,0,0,0,0,0,0,0,0,0,0,0,0,0,0,0,0,0,0,0,0,0,0,0,0,0,8.2,1.7,0,0,0,0,0.7,0,0,0
29.5,80.5,42,0,1.6,0,0,6.6,0,0,0,0,0,0.5,4.9,0,0,5.7,1.1,2.4,0,0,0,0,0,0,0,0,4,2.9,5.4,35.2,2.8,0,0,0,0,0,0,0.3,0,0,0,0,0,0,0,0,0,0,0,0,0,9.1,3.1,0,0,0,1.6,0,0.1,3.6,5.1,0,0,17.6,0,0,0,0,0,0,0,0.1,0,0,0,0,0,0,0,0,0,0,0,0,0,0,0,2.4,9.4,19.7,0,0,0,11.9,0,0,0,1.6,0,0,0.3,0,3.3,26.1,45.7,0,0,0,0,0,0.2,16.1,0,0,0,0,0,0,2,6,0,0,0,0,0.5,0,0,0,0,0,0,0,0.6,0,0,0,4.3,0,0,0,0,0,0,0,0,0,0,0,0,0,0,0,0,0,0,0,0,0,2.2,0,0,0,0,0,0,0,0,0,0,10.1,8.2,0,0,0,0.1,0,4.3,12.5,15.9,0.8,3.3,33.2,10.5,3.6,5.2,92.6,10.8,0.1,9.4,42.5,11.5,18.2,33.2,16.3,3.2,2.3,12.8,0,30.3,18.2,11.7,5.7,7.9,9.3,18.2,12.7,7.8,15.3,96.2,0.8,17.3,22.7,12.4,27.7,17.6,42.4,19.1,31,17.1,18.8,6.2,25.3,61.4,38,14.1,29.2,23.6,0.9,0,0.9,9.4,3.9,4,43.7,53.9,28.2,13.4,13,16.1,2.6,1.7,10,12.4,9,12,22.7,9,0.4,8.1,12.7,11.1,13,18,16.3,0.1,14.8,1.1,18.4,1.3,7.7,1.3,0,0,29,14.1,10.2,17.3,5.1,0,9,0,22.4,42.5,32.3,65.6,14.7,27.2,20.2,0.5,3.2,0.6,0.2,6.4,0,0,0,0,0,0,0,0,0,0,0,0,0,0,0,0,0,0,0,0,0,0,0,0,0,0,0,0,0,0,0,0,0,0,0,0,0,0,0,0,0,0,0,0,0,0,0,0,0,0,6.7,0,0,0,0,0,0,0,0,0,0,0,0,0,0,0,0,0,0,0,0,0,0,26.1,1.2,1.3,0,0,0.2,10.3,0,0,0
30.5,80.5,43,0,2.4,0,0,9.9,0,0,0,0,0,0.8,7.4,0,0,7.4,0.1,3.7,0,0,0,0,0,0,0,0,5,3.7,5.5,47.4,2.1,0,0,0,0,0,0,0,0,0,0,0,0,0,0,0,0,0,0,0,0,9.8,1.5,0,0,0,2.4,0,0,5,6.2,0,0,22.6,0,0,0,0,0,0,0,0,0,0,0,0,0,0,0,0,0,0,0,0,0,0,0,3.7,13.2,23.3,0,0,0,17.8,0,0,0,2.4,0,0,0,0,5,39.4,69.1,0,0,0,0,0,0,25.1,0,0,0,0,0,0,0,5.8,0,0,0,0,0.8,0,0,0,0,0,0,0,1,0,0,0,7.6,0,0,0,0,0,0,0,0,0,0,0,0,0,0,0,0,0,0,0,0,0,0.3,0,0,0,0,0,0,0,0,0,0,13.7,12.3,0,0,0,0,0,0.5,11.7,20,0,0.2,26.1,4,5.4,4,126.7,13.7,0.5,17.1,38.8,13.5,23.2,41.5,19,0.3,0,10.8,0,37,15.5,10.7,3.4,8.3,4.7,25.4,11.8,7.6,17.5,110.7,0.9,20.9,29.3,6.9,33.3,21.3,45.6,7.5,35.2,15.1,19.5,2.3,28,62.8,38.6,14.2,31.9,26.9,1.1,0,2.4,11.9,2.2,3.2,54.4,49.4,19.6,12.2,12.3,17.3,2.1,1.8,10.8,12.1,12.3,12.8,27.6,11.5,0,9.8,0,10.2,10.3,21.3,20.6,0.2,18.8,0.5,18.9,1.6,5.3,2,0,0,36.7,18.1,3,22,0.3,0.2,12.6,0,17.3,31,31.5,32.1,8.2,11.7,24.5,0,4.1,0.9,0,8.2,0,0.2,0,0,0,0,0,0,0,0,0.3,0.7,0,0,0,0,0.9,0,0,0,0,0,0,0,0,0,0,0,0,0,0,0,0,0,0,0,0,0,0,0,0,0,0,0,0,0,0,0,0,0,8.6,0,0,0,0,0,0,0,0,0,0,0,0,0,0,0,0,0,0,0,0,0,0,28,0.2,1.6,0,0,0,9.2,0,0,0
24.5,81.5,44,0,0,0,0,0,0,0,0,0,0,0,0,0,0,0,0,0,0,0,0,0,0,0,0,0,0,0,0,4.8,0,0,0,0,0,0,0,0,0,0,0,0,0,0,0,0,0,0,0,0,0,0,0,0,0,0.8,6.3,0,0.1,8.6,0,0,0,10.1,0,0,0,0,0,0,2.1,1,0,0,0,0,0,0,0,0,0,0,0,0,0,0,0,0,0.3,0,0,0,0,0,0,0,0,0,0,0,0,0,0,0,0,0,0,0,0,0,0,0,0,0,0,0,0,0,0,0,0,0,0,0,0,0,0,0,0,0,0,0,0,0,0,0,0,0,0,0,0,0,0,0,0,0,0,0,0,0,0,0,0,0,0,0,0,0,0,0,0,0,0,0,0,0,0,0,0,0,0,0,0,5.1,0.3,3.5,9,17.2,6.6,4.7,0,3.2,10.7,0,0,0,0,0,0.3,84.5,0.3,8,11.2,16.3,52.6,15.4,0,46.9,31.7,40.1,16.3,1.1,3.1,20.5,8.2,4.7,13.8,2.7,2.8,1.6,0.6,3.1,33.8,28.6,0.6,0.8,0.5,31.2,27.9,2.5,2.3,2,33.5,4.5,25.1,3.1,13,0,1.4,0,3.1,0.3,3.1,4.8,3.6,0,0,5.1,3.2,14.7,2.6,4.6,1.8,8.1,1.4,1.5,0.4,0,0,0,7.1,4.9,4.5,0.5,4.8,1.3,0.7,50.6,30.4,5.6,17,4.5,1.7,16.8,4.6,18,22.3,5.4,0,0.3,16.2,0,17.8,1,0,6.4,11,0,0,0,0,5.7,1.5,8.8,32,11.1,0,0,0,0,0,0,0,0,2.8,0,0,0,0,0,0,0,0,0,0,0,0,0,0,0,0,0,0,0,0,0,0,0,0,0,0,0,0,0,0,0,0,0,0,0,0,0,0,0,0,0,0,0,0,0,0,0,0,0,0,0,0,0,0,0,0,0,0,0,0,0,0,0,0,0,0,0,0,0,0,0
25.5,81.5,45,0,0,0,0,0,0,0,0,0,0,0,0,0,0,0,0,0,0,0,0,0,0,0,0,0,0,0,0.2,6.1,0,0,0,0,0,0,0,0,0,0,0,0,0,0,0,0.5,0,0,0,0,0,0,0,0,0,0,0,0,0,3.1,0,0,0,2.2,0,0,0,0,0,0,0,0,0,0,0,0,0,0,0,0,0,0,0,0,0,0,0,0,1.5,0,0,0,0,0,0,0,0,0,0,0,0,0,0,0,0,0,0,0,0,0,0,0,0,0,0,0,0,0,0,0,0,0,0,0,0,0,0,0,0,0,0,0,0,0,0,0,0,0,0,0,0,0,0,0,0,0,0,0,0,0,0,0,0,0,0,0,0,0,0,0,0,0,0,0,0,0,0,0,0,0,0,0.2,5.9,0,4.8,5.5,0,14.9,1.2,1.9,0,9.5,0,0,0,0,0,0,0,4.6,0.2,0,9.8,12.7,6.3,62.1,2.8,23.1,4.9,44.5,5.9,3.1,8.5,0.5,3.8,11.2,8.7,2.1,8.5,2.4,8.8,0.9,0.9,9.8,1.2,6.4,2,7.8,10.5,32.9,1.2,7.5,24.7,21.2,22.5,1.4,0,0,0,29,2.4,23.5,0.2,0,1,0,0,1,6.5,1,20.6,0.7,4,6.4,1.1,2.6,0,1,0,0.8,4.7,0,0.1,0,0,4,0,22.7,2.1,9.3,2.6,3.7,5.3,6.9,9.8,7,9.9,1,0.1,0.6,1.1,0.5,5.5,0.7,0.4,1.5,7.5,0,0,0,0,0,7.9,1.6,29.8,1.5,0,0,0,0,0,0,0,0,0,0,0,0,0,0,0,0,0,0,0,0,0,0,0,0,0,0,0,0,0,0,0,0,0,0,0,0,0,0,0,0,0,0,0,0,0,0,0,0,0,0,0,0,0,0,0,0,0,0,0,0,0,0,0,0,0,0,0,0,0,0,0,1,0,0,0,0,2.1,0,0,0
26.5,81.5,46,0,0,0,0,0,0,0,0,0,0,0,0,0,0,0,0,0,0,0,0,0,0,0,0,0,0,0,0,10,0,0,0,0,0,0,0,0,0,0,0,0,0,0,0,0,0,0,0,0,0,0,0,0,0,0,0,0,0,0.4,0,0,0,1.9,0,0,0,0,0,0,0,0,0,0,0,0,0,0,0,0,0,0,0,0,0,0,0,0,0,0,0,0,0,0,0,0,0,0,0,0,0,0,0,0,0,0,0,0,0,0,0,0,0,0,0,0,0,0,0,0,0,0,0,0,0,0.2,0,0,0,0,0,0,0,0,0,0,0,0,0,0,0,0,0,0,0,0,0,0,0,0,0,0,0,0,0,0,0,0,0,0,0,0,0,0,0,0,0,0,0,0,0,0,0,0,0.4,0.2,0,0,2.9,48.5,1.6,0,0,0,3.2,1.6,0,0,1.2,8.8,6,0,0,0,0.4,1.7,36.4,21.2,10.6,1.1,4.8,34.9,30.3,2.9,18.9,14.6,28.6,7,0.7,0,0,1.4,6.2,13.1,4.1,15.3,3.4,18.3,4.2,4.1,2.3,28.9,45.1,35.9,16.1,20.7,1.6,0,0,7.8,23.3,1.4,0.3,0.2,23.9,2.3,8.2,9.2,0,31.3,2.4,10,7.8,3.7,5.1,0,0,0,0,26.6,52.1,0,6,3.2,0.2,0,0,13.3,2.2,0,0,4.2,0,16.2,11.8,8.9,6.3,1.5,0,0,0,0,0,7.1,4.5,0,66,6.7,0.7,0,2.7,0,14.5,0,38.4,0,0,0,0,0,0,0,0,0,2.6,0,0,0,0,0,0,0,0,0,0,0,0,0,0,0,0,0,0,0,0,0,0,0,0,0,0,0,0,0,0,0,0,0,0,0,0,0,0,0,0,0,0,0,0,0,0,0,0,0,0,0,0,0,0,0,0,0,0,0,0,0,1.5,1.3,0,0,0,0,4,0,0,0
27.5,81.5,47,0,0,0,0,0,0,0,0,0,0,0,0,0,0,0,0,0,0,0,0,0,0,0,0,0,0,0.4,1.2,19.2,0,0,0,0,0,0,0,0,0,0,0,0,0,0,0,0,0,0,0,0,0,0,0.9,0.1,0,0,0,0,0,0.1,5.1,0,0,0,0,0,0,0,0,0,0,0,0,0,0,0,0,0,0,0,0,0,0,0,0,0,0,0,0,3.8,3.9,0,0,0.2,0,0,0,0,0,0,0,0,0,0,0,0,0,0,0,0,0,0,0,0,0,0,0,0.2,0,0.2,0,0,0,0,0,0,0,0,0,0,0,0,0,0,0,0,1.1,0,0,0,0,0,0,0,0,0,0,0,0,0,0,0,0,0,0,0,0,0,0.4,0,0,0,0,0,0,0,0,0,0,1.1,0,0,0,0,0.1,0.6,0,0,0,61.3,46.3,12.6,3.6,0,0,0,0.4,0.4,8.8,30.3,0,0,0,0,0,39.3,3.4,20.9,0.1,1.3,1,115.4,3.2,5.4,2.5,1.6,1.5,0.5,0,0,0,31.9,8.7,0.9,8.7,11.3,2.9,31.7,20.2,4.9,2.7,5.5,39,31.6,20.8,14.8,1.4,0.4,0,1.7,0,0.4,0,0,21.1,4.9,5.9,16.5,0,14.6,0.2,0,17.2,0,1.2,0.5,0,14.1,0,53.7,48.1,1.7,4.3,0.2,0,0,0,32.9,0.4,0,0,0,1,0,0,24.7,41.8,1.8,1.1,0,0,0.1,5.8,0.4,1.7,0,136.1,43.2,0.8,0,8.4,0,0,0,0.6,0,0,0,0,0,0,0,0,0.2,0,0,0,0,0,0,0,0,0,0,0,0,0,0,0,0,0,0,0,0,0,0,0,0,0,0,0,0,0,0,0,0,0,0,0,0,0,0,0,0,0,0,0,0,0,0,0,0,0,0,0,0,0,0,0,0,0,0,0,0,0,2.5,2,0.2,0,0,0,0,1.1,0,0,0
28.5,81.5,48,0,0,0,0,0,0,0,0,0,0,0,0,0,0,0,0,0,0,0,0,0,0,0,0,0,0,0.7,2.8,13.6,0,0,0,0,0,0,0,0,0,0,0,0,0,0,0,0,0,0,0,0,0,0,0,2.5,0,0,0,0,0,1.3,1.9,0,0,0.6,0,0,0,0,0,0,0,0,0,0,0,0,0,0,0,0,0,0,0,0,0,0,0,0,0.3,2.5,0,0,0,0,0,0,0,0,0,0,0,0,0,0,0,0,0,0,0,0,0,0,0,0,0,0,0,3.2,0,2.7,0,0,0,0,0,0,0,0,0,0,0,0,0,0,0,1.4,0,0,0,0,0,0,0,0,0,0,0,0,0,0,0,0,0,0,0,0,0,0,0,0,0,0,0,0,0,0,0,0,0,2.1,0,0,0,0,2.8,14.3,0,0,0,14.7,6.2,0.9,7.4,0,1.5,0,0.7,0,63.1,46.7,0.3,0.8,0.7,0,0,12.9,7.9,7.2,0.2,12.2,8.7,24.1,2.1,24.3,11,5.2,5.3,0.9,1,0,0,10.3,1.8,1.4,6.8,3.3,16.8,42.1,13.9,7.2,9,17.8,12.9,37.6,10.1,51.6,7.8,10.3,0,1.5,1.4,0,0,0,0.8,38.8,28,0,0.7,4.2,2.6,1.9,1.4,0.2,2.5,0,0,2.6,0,37,11.9,0.9,1.6,0,0,0,0,34.7,7.4,0,0,0,0,3.1,0,12,13.7,3.3,2.5,0,0,2.7,4.3,28.8,22.6,6.3,68.3,33.1,3.9,0.6,0,0,0,0,2.9,0,0,0,0,0,0,0,0,0.2,0,0,0,0,0,0,0,0,0,0,0,0,0,0,0,0,0,0,0,0,0,0,0,0,0,0,0,0,0,0,0,0,0,0,0,0,0,0,0,0,0,0,0,0,0,0,0,0,0,0,0,0,0,0,0,0,0,0,0,0,0,0,0.8,5,0,0,0,0,0.1,0.5,0,0
24.5,82.5,49,0,0,0,0,0,0,0,0,0,0,0,0,0,0,0,0,0,0,0,0,0,0,0,0,0,0,0,0,4.7,0,0,0,0,0,0,0,0,0,0,0,0,0,0,0,0.6,0,0,0,0,0,0,0,0,0,2.9,1.7,0,0.4,1.1,0,0,0,5.2,0,0,0,0,0,0,3,0.4,0,0,0,0,0,0,0,0,0,0,0,0,0,0,0,0,0,0.5,0,0,0,0.2,0,0,0,0,0,0,0,0,0,0,0,0,0,0,0,0,0,0,0,0,0,0,0,0,0,0,0,0,0,0,0,0,0,0,0,0,0,0,0,0,0,0,0,0,0,0,0,0,0,0,0,0,0,0,0,0,0,0,0,0,0,0,0,0,0,0,0,0,0,0,0,0,0,0,0,0,0,0,0,0,1,1.4,1,16.4,2.6,14.7,0,11,2.3,0,0,0,0,0,1.6,37,2,16.6,2.3,15,40.4,33.1,0.2,34.8,46.7,14,12.1,0.2,2,14.7,31.3,0.9,3.8,1.4,0.9,0.9,0.4,3.3,15.4,24,1.3,14.4,0.9,40.4,15,4.2,19.5,0,8.4,7.5,9,13.7,0.2,0,0.5,0,4.7,0.4,0.5,4.5,3.2,0,0,4.1,4.2,0.9,4.3,3.6,4.4,1,3.8,3.4,0.8,0.1,0,0.2,3.1,14.4,7.2,0,1.4,3.3,5.6,7.4,27.2,16.6,6.5,3.8,4.9,2.9,27.1,17.2,21.6,4,0.2,0.6,0.4,0.8,1.2,6.2,0,0.1,0.6,0,0,0.4,0,0,1.2,11.6,22.2,6.8,0,0,0,0,0,0,0,0,25.7,0.5,0,0,0,0,0,0,0,0,0,0,0,0,0,0,0,0,0,0,0,0,0,0,0,0,0,0,0,0,0,0,0,0,0,0,0,0,0,0,0,0,0,0,0,0,0,0,0,0,0,0,0,0,0,0,0,0,0,0,0,0,0,0,0,0,0,0,0,0,0,0
25.5,82.5,50,0,0,0,0,0,0,0,0,0,0,0,0,0,0,0,0,0,0,0,0,0,0,0,0,0,0,0,2.8,13.2,0,0,0,0,0,0,0,0,0,0,0,0,0,0,0,0.2,0,0,0,0,0,0,0,0,0,0,0,0,0,0.8,0,0,0.8,3.4,0,0,0,0,0,0,0,0,0,0,0,0,0,0,0,0,0,0,0,0,0,0,0,0,0,0.3,0,0,0,0.3,0,0,0,0,0,0,0,0,0,0,0,0,0,0,0,0,0,0,0,0,0,0,0,0,0,0,0,0,0,0,0,0,0,0,0,0,0,0,0,0,0,0,0,0,0,0,0,0,0,0,0,0,0,0,0,0,0,0,0,0,0,0,0,0,0,0,0,0,0,0,0,0,0,0,0,0,0,0,0,3.2,0,0.2,0,0,12.3,1,0,54,3.8,0,0,0,0,0,0,0.1,26.2,24.4,4.6,0.7,0,8.1,0.8,46.7,12.5,44.3,1.3,7.9,0.1,8,31.3,39.8,38,18.5,0.9,0.8,0,5,15.3,30,15.6,4.1,2.6,4.4,12.1,10.7,9.5,26.3,29.6,8.9,13.7,17.6,3.9,0.4,0,1.6,3.9,0,0.3,3.4,1.8,0,0.8,1.3,4.6,0,2.3,0,4,1.1,3.6,8,0,0,0,14.2,2.2,11.6,8.5,0.9,0.1,0,0.2,5.7,6.7,8.2,6,0,0.5,0,11.4,19.1,2.7,0,0,0.9,20.8,64.3,3.7,9.5,0,0,26.8,0,0,7.3,0,0,2,0,31.5,8.3,0,0,0,0,0,0,0,7.8,1.3,0,0,0,0,0,0,0,0,0,0,0,0,0,0,0,0,0,0,0,0,0,0,0,0,0,0,0,0,0,0,0,0,0,0,0,0,0,0,0,0,0,0,0,0,0,0,0,0,0,0,0,0,0,0,0,0,0,0,0,0,0,0,0,0,0,0,0,0.1,0,0,0
26.5,82.5,51,0,0,0,0,0,0,0,0,0,0,0,0,0,0,0,0,0,0,0,0,0,0,0,0,0,0,0,0.2,10.6,0,0,0,0,0,0,0,0,0,0,0,0,0,0,0,0,0,0,0,0,0,0,0,0,0,0,0,0,0,0,0,0,0,0,0,0,0,0,0,0,0,0,0,0,0,0,0,0,0,0,0,0,0,0,0,0,0,0,0,0,0,0,0,0,0,0,0,0,0,0,0,0,0,0,0,0,0,0,0,0,0,0,0,0,0,0,0,0.2,0,0,0,0,0,0,0,0,0,0,0,0,0,0,0,0,0,0,3.5,0,0,0,0,0,0,0,0,0,0,0,0,0,0,0,0,0,0,0,0,0,0,0,0,0,0,0,0,0,0,0,0,0.5,0,0,0,0,0,25.9,0,0,0,3.8,0.4,0,0,0,0,1.2,0,0,0.1,56.2,10.8,2,0,0,0,6.7,2.1,0,14,0.8,3.6,14.9,2.9,4.3,23.7,3.6,8.3,29,0.3,0.2,0,0,25.3,22.9,26.1,23.8,50.6,23.1,74.1,78.6,0.5,15.5,14.4,22,24.8,46.9,3.3,1,0.5,6,0,3.2,1.8,9.1,13.4,2.2,11.2,20.1,56.4,0,1,0.8,0.3,0,1.6,0.8,0,0,0,119.3,19.7,0,3.6,3.4,0,0,0,0,4.4,0,0,1,9.6,5.2,0,7.9,16.1,1.2,0,0,0,37.8,4.3,8.8,1.5,0,33.4,10.3,0.5,0,1.7,0,0,7.4,5.7,0,0,0,0,0,0,0,0,5.5,0.8,0,0,0,0,0,0,0,0,0,0,0,0,0,0,0,0,0,0,0,0,0,0,0,0,0,0,0,0,0,0,0,0,0,0,0,0,0,0,0,0,0,0,0,0,0,0,0,0,0,0,0,0,0,0,0,0,0,0,0,0,0,0,0.6,0,0,0,0,1.5,0,0,0
27.5,82.5,52,0,0,0,0,0,0,0,0,0,0,0,0,0,0,0,0,0,0,0,0,0,0,0,0,0,0,0,5.8,15.4,0.3,0,0,0,0,0,0,0,0,0,0,0,0,0,0,0,0,0,0,0,0,0,2.7,0,0,0,0,0,0,0.1,1.5,0,0,0,0,0,0,0,0,0,0,0,0,0,0,0,0,0,0,0,0,0,0,0,0,0,0,0,0,2.2,0,0,0,0,0,0,0,0,0,0,0,0,0,0,0,0,0,0,0,0,0,0,0,0,0,0,0,17.3,0,0,0,0,0,0,0,0,0,0,0,0,0,0,0,0,0,0,6,0,0,0,0,0,0,0,0,0,0,0,0,0,0,0,0,0,0,0,0,0,0,0,0,0,0,0,0,0,0,0,0,2.2,2,0,0,2.1,0,6,0,0,0,0,21.5,0.1,0,0,3.3,13.2,6,0,7.1,54.5,1,1,0,2.1,0,43.2,14.4,6.5,3.5,1.9,3.9,12.7,4.4,4.4,25.5,0.9,0,0.5,4.7,0,0,0,21.7,37.6,37.2,15.2,31.4,63.5,16,5,0.5,0,81.7,23,53.6,35,2.6,1.5,0,0.8,0,5,0.1,6.1,9.9,3,9.6,34.3,3.5,0,0.2,5.1,1.7,0.7,0,0.3,0,1.3,0,38.1,39.5,0.6,0,0,0,0.8,2.5,19.7,10.6,0,0,0.9,0,0,0,14.2,22.2,0,2.4,0,0,0,0.5,7.7,9.8,0,33.2,17,24.3,0,0,0,0,0,0,0.8,0,0,0,0,0,0,0,3.3,7.9,0,0,0,0,0,0,0,0,0,0,0,0,0,0,0,0,0,0,0,0,0,0,0,0,0,0,0,0,0,0,0,0,0,0,0,0,0,0,0,0,0,0,0,0,0,0,0,0,0,0,0,0,0,0,0,0,0,0,0,0,0.3,1.1,2.8,0,0,0,0,1.2,0,0,0
23.5,68.5,53,0,0,0,0,0,0,0,0,0,0,0,0,0,0,0,0,0,0,0,0,0,0,0,0,0,0,0,0,0,0,0,0,0,0,0,0,0,0,0,0,0,0,0,0,0,0,0,0,0,0,0,0,0,0,0,0,0,0,0,0,0,0,0,0,0,0,0,0,0,0,0,0,0,0,0,0,0,0,0,0,0,0,0,0,0,0,0,0,0,0,0,0,0,0,0,0,0,0,0,0,0,0,0,0,0,0,0,0,0,0,0,0,0,0,0,0,0,0,0,0,0,0,0,0,0,0,0,0,0,0,0,0,0,0,0,0,0,0,0,0,0,0,0,0,0,0,0,0,0,0,0,0,0,0,0,0,0,0,0,0,0,0,0,0,0,0,0,0,0,0,0,0.5,0,0,0,0,0,0,0,0,1,0,0.2,0,0,2.2,7.5,3,2.3,8.3,28.3,40.8,2.5,3.4,0,0,0,0,0,0,0,0,0,0,0,0,0,0.9,0,0,0,0,0,0,0,0,0,0,0,0,0,0,0,0.2,0,0,0,0,0,0,0.1,0,0,0,0,0,0,0,0,0,0.1,0,0,0,0,0,0,0,0,0,0,0,4.9,49.1,77.2,109.7,64.8,14.8,16.3,1.4,0.3,0,0,0,0,0,0,7,5.6,5.5,0,0,0,0,0,0,0,0,0,0,0,0,0,1.3,4.8,1.5,0.3,0,0,0,0,0,0,0,0,0,0,0,0,0,0,0,0,0,0,0,0,0,0,0,0,0,0,0,0,0,0,0,0,0,0,0,0,0,0,0,0,0,0,0,0,0,1.9,0.7,0,0,0,0,0,0,0,1,0,0,0,0,0,0,0,0,0,0,0,2.3,10.2,0,0,0,0,0,0,0,0,0,0
24.5,68.5,54,0,0,0,0,0,0,0,0,0,0,0,0,0,0,0,0,0,0,0,0,0,0,0,0,0,0,0,0,0,0,0,0,0,0,0,0,0,0,0,0,0,0,0,0,0,0,0,0,0,0,0,0,0,0,0,0,0,0,0,0,0,0,0,0,0,0,0,0,0,0,0,0,0,0,0,0,0,0,0,0,0,0,0,0,0,0,0,0,0,0,0,0,0,0,0,0,0,0,0,0,0,0,0,0,0,0,0,0,0,0,0,0,0,0,0,0,0,0,0,0,0,0,0,0,0,0,0,0,0,0,0,0,0,0,0,0,0,0,0,0,0,0,0,0,0,0,0,0,0,0,0,0,0,0,0,0,0,0,0,0,0,0,0,0,0,0,0,0,0,0,0,0,0,0,0,0,0,0,0,0,0.4,0,0,0,0,0.5,1.4,0.6,4.3,15.6,47.5,20,0.5,0.6,0,0,0,0,0,0,0,0,0,0,0,0,0,0.2,0,0,0,0,0,0,0,0,0,0,0,0,0,0,0,0,0,0,0,0,0,0,0,0,0,0,0,0,0,0,0,0,0,0,0,0,0,0,0,0,0,0,0,0,4.9,84.7,95.9,121.4,14.6,3.1,3.2,2.6,0,0,0,0,0,0,0,11.1,7.7,1.1,0,0,0,0,0,0,0,0,0,0,0,0,0,0.6,1.3,0.3,0,0,0,0,0,0,0,0,0,0,0,0,0,0,0,0,0,0,0,0,0,0,0,0,0,0,0,0,0,0,0,0,0,0,0,0,0,0,0,0,0,0,0,0,0,0,0.3,0.1,0,0,0,0,0,0,0,0.5,0,0,0,0,0,0,0,0,0,0,0,4.3,2,0,0,0,0,0,0,0,0,0,0
21.5,69.5,55,0.5,0,0,0,0,0,0,0,0,0,0,0,0,0,0,0,0,0,0,0,0,0,0,0,0,0,0,0,0,0,0,0,0,0,0,0,0,0,0,0,0,0,0,0,0,0,0,0,0,0,0,0,0,0,0,0,0,0,0,0,0,0,0,0,0,0,0,0,0,0,0,0,0,0,0,0,0,0,0,0,0,0,0,0,0,0,0,0,0,0,0,0,0,0,0,0,0,0,0,0,0,0,0,3,0,0,0,0,0,0,0,0,0,0,0,0,0,0,0,0,0,0,0,0,0,0,0,0,0,0,0,0,0,0,0,0,0,0,0,0,0,0,0,0,0,0,0,0,0,0,0,0,0,0,0,0,0,0,0,0,0,0,0,0,0,0,0,0,0,0.3,0.3,29.2,6,1.7,0.6,0,0,0,0.4,9.6,5.3,7.3,10.2,1.7,25.2,11.4,16.5,6.7,4.3,9,48.3,138.1,27.4,6,0,0.5,1,1.3,0.2,0.5,0,0,0.4,0.4,0,1,0.3,0.1,0,0,0.6,0,0,0.2,0.4,0.7,0.3,1.4,0.4,0,0,0,0.4,0,2.1,5.8,2.1,5.7,5.1,6.8,14.4,2.1,0.3,0.3,0.9,0,0,2.3,1.4,2.1,2.6,3.3,1.5,0,0,0,0,0,0.5,0.1,0,1.4,19.2,46,72.1,43.6,7.8,6.1,5.2,1.5,0.9,0.3,0.3,4.5,1,0,0,3.3,14.3,9.6,6.3,0,0,0,0,0,0,0,4.8,0,0,0,0.6,9.5,19.9,6,0,0,0,0,0,4,0,0,0,0,0,0,0,0,0,0,0,0,0,0,0,0,0,0,0,0,0,0,0,0,0,0,0,0,0,0,0,0,0,0,0,0,0,1,0,0.4,5.4,0,0,0,0,0,0,0,0,0,0,0,0,0,0,0,0,0,0,0,0,0,4.2,1.1,0,0,0,0,0,0,0,0,0
22.5,69.5,56,0.4,0,0.2,0,0,0,0,0,0,0,0,0,0,0,0,0,0,0,0,0,0,0,0,0,0,0,0,0,0,0,0,0,0,0,0,0,0,0,0,0,0,0,0,0,0,0,0,0,0,0,0,0,0,0,0,0,0,0,0,0,0,0,0,0,0,0,0,0,0,0,0,0,0,0,0,0,0,0,0,0,0,0,0,0,0,0,0,0,0,0,0,0,0,0,0,0,0,0,0,0,0,0,0,0,0,0,0,0,0,0,0,0,0,0,0,0,0,0,0,0,0,0,0,0,0,0,0,0,0,0,0,0,0,0,0,0,0,0,0,0,0,0,0,0,0,0,0,0,0,0,0,0,0,0,0,0,0,0,0,0,0,0,0,0,0,0,0,0,0,0,0,26.2,0,0,0,0,0,0,0,0.7,7.4,0.2,10,0,2.2,0.5,9.5,3.3,1,9.9,15.4,124.9,30,6.5,1.4,0.9,0,0,0,0,0,0,0,0,0,0,0,0,0,0,0.3,0,0,0,0,0.6,0,0.6,0,0,0,0,0,0,0.4,0.5,0,0,2.9,8.5,8.2,0,0,0,0,0.5,0,0,0.7,0.4,0,0.7,0.3,0,0.2,0.6,0,0,0.6,0,0,0,2.5,36.9,32.1,17.7,13.4,9.9,5.4,0.6,0,0,0.3,1,0,0,0,0,1.7,1.2,0,0,0,0,0,0,0,0,0,0,0,0,0,8.4,19.8,5.2,0.5,0,0.7,0.1,0,0,0,0,0,0,0,0,0,0,0,0,0,0,0,0,0,0,0,0,0,0,0,0,0,0,0,0,0,0,0,0,0,0,0,0,0,0,0,1,0,0.4,6.2,0,0,0,0,0,0,0,0,0,0,0,0,0,0,0,0,0,0,0,0,0,4.8,1.3,0,0,0,0,0,0,0,0,0
23.5,69.5,57,0,0,0,0,0,0,0,0,0,0,0,0,0,0,0,0,0,0,0,0,0,0,0,0,0,0,0,0,0,0,0,0,0,0,0,0,0,0,0,0,0,0,0,0,0,0,0,0,0,0,0,0,0,0,0,0,0,0,0,0,0,0,0,0,0,0,0,0,0,0,0,0,0,0,0,0,0,0,0,0,0,0,0,0,0,0,0,0,0,0,0,0,0,0,0,0,0,0,0,0,0,0,0,0,0,0,0,0,0,0,0,0,0,0,0,0,0,0,0,0,0,0,0,0,0,0,0,0,0,0,0,0,0,0,0,0,0,0,0,0,0,0,0,0,0,0,0,0,0,0,0,0,0,0,0,0,0,0,0,0,0,0,0,0,0,0,0,0,0,0,0,0,0,0,0,0,0,0,0,1.1,10.5,0,0,0,1.2,0.9,1.1,0.7,0.3,1.3,20,23.6,4.4,2.1,0.9,0.2,0,0,0,0,0,0,0,0,0,0,0,0.1,0,0,0,0,0,0,0,0,0,0.1,0,0,0,0,0,0,0,0,0,0,0.9,3.8,2.6,0,0,0,0,0.2,0,0,0,0,0.9,1.7,0,0,0.5,0,0,0,0,0,0,0,19.6,44.8,80.4,75.3,21.7,10.6,2.4,0.1,0,0,0,0,0,0,0,9.2,10.8,1.1,0,0,0,0,0,0,0,0,0,0,0,0,0,9.1,13,0.3,0,0,1.7,0,0,0,0,0,0,0,0,0,0,0,0,0,0,0,0,0,0,0,0,0,0,0,0,0,0,0,0,0,0,0,0,0,0,0,0,0,0,0,0,0,0,0,0.3,0.1,0,0,0,0,0,0,0,6.2,0,0,0,0,0,0,0,0,0,0,0,0,1.5,0,0,0,0,0,0,0,0,0,0
24.5,69.5,58,0,0,0,0,0,0,0,0,0,0,0,0,0,0,0,0,0,0,0,0,0,0,0,0,0,0,0,0,0,0,0,0,0,0,0,0,0,0,0,0,0,0,0,0,0,0,0,0,0,0,0,0,0,0,0,0,0,0,0,0,0,0,0,0,0,0,0,0,0,0,0,0,0,0,0,0,0,0,0,0,0,0,0,0,0,0,0,0,0,0,0,0,0,0,0,0,0,0,0,0,0,0,0,0,0,0,0,0,0,0,0,0,0,0,0,0,0,0,0,0,0,0,0,0,0,0,0,0,0,0,0,0,0,0,0,0,0,0,0,0,0,0,0,0,0,0,0,0,0,0,0,0,0,0,0,0,0,0,0,0,0,0,0,0,0,0,0,0,0,0,0,0,0,0,0,0,0,0,0,0,2.2,0,0,0,0,0.6,1.5,0.6,3.1,12.2,41,22.1,1,0.7,0,0,0,0,0,0,0,0,0,0,0,0,0,0.2,0,0,0,0,0,0,0,0,0,0,0,0,0,0,0,0,0,0,0,0,0.5,0.3,0.4,0,0,0,0,0,0,0,0,0,0.3,0.8,0,0,1.2,0,0,0,0,0,0,0,9.5,73.3,91.7,111.1,17.3,4.8,3.2,1.9,0,0,0,0,0,0,0,11.4,8.6,1.1,0,0,0,0,0,0,0,0.6,0,0,0,0,0,2.9,4,1.6,0,0,0,0,0,0,0,0,0,0,0,0,0,0,0,0,0,0,0,0,0,0,0,0,0,0,0,0,0,0,0,0,0,0,0,0,0,0,0,0,0,0,0,0,0,0,0.4,0.1,0,0,0,0,0,0,0,2.3,0,0,0,0,0,0,0,0,0,0,0,3.1,2,0,0,0,0,0,0,0,0,0,0
27.5,69.5,59,0,0,0,0,0,0,0,0,0,0,0,0,0,0,0,0,0,0,0,0,0,0,0,0,0,0,0,0,0,0,0,0,0,0,0,0,0,0,0,0,0,0,0,0,0,0,0,0,0,0,0,0,0,0,0,0,0,0,0,0,0,0,0,0,0,0,0,0,0,0,0,0,0,0,0,0,0,0,0,0,0,0,0,0,0,0,0,0,0,0,0,0,0.7,0,0,0,0,0,0,0,0,0,0,0,0,0,0,0,0,0,0,0,0,0,0,0,0,0,0,0,0,0,0,0,0,0,0,0,0,0,0,0,0,0,0,0,0,0,0,0,0.3,0,0.7,0,0,0,0,0,0,0,0,0,0,0,0,0,0,0,0,0,0,0,0,0,0,0,0,0,0,0,0,0,0,0,0,0,0,0,0,0,0,0,0,4.3,0,33.5,1.5,0,0,0,1.2,5.4,0.1,0.2,0,0,0,0,0.4,0,0,0,0,0,0,0,0,0,0,0,0,0,0,0,0,0,0,0,0,0,0,0,0,0,0,0,0,0,0,0.9,0,0,0,0,2.1,0,0,0,0,0,0,1.4,0,0,0,0,0,0,0,0,0,0,0,0,0,19.6,0,0,0.1,0,0,0,0,0,0,0,0,0,0,0,0,0,0,0.8,0,0,0,0,0,0,0,0,0,0,0,0,0,0,0,0,0,0,0,0,0,0,0,0,0,0,0,0,0,0,0,0,0,0,0,0,0,0,0,0,0,0,0,0,0,0,0,0.5,0,0,0,0,0,0,0,0,0,1.8,1.4,0,0,0,0,0,0,0,0,0,0,0,0,0,0,7.6,0,0,0,0,0,0,0.1,0.1,0,0,0,0,0,0,0,0,0
20.5,70.5,60,0.4,0,0,0,0,0,0,0,0,0,0,0,0,0,0,0,0,0,0,0,0,0,0,0,0,0,0,0,0,0,0,0,0,0,0,0,0,0,0,0,0,0,0,0,0,0,0,0,0,0,0,0,0,0,0,0,0,0,0,0,0,0,0,0,0,0,0,0,0,0,0,0,0,0,0,0,0,0,0,0,0,0,0,0,0,0,0,0,0,0,0,0,0,0,0,0,0,0,0,0,0,0,0,0,0,0,0,0,0,0,0,0,0,0,0,0,0,0,0,0,0,0,0,0,0,0,0,0,0,0,0,0,0,0,0,0,0,0,0,0,0,0,0,0,0,0,0,0,0,0,0,0,0,0,0,0,0,0,0,0,0,0,0,0,0,0,0,0,0,1.8,5.2,31.9,15.5,92.1,5,0,0,2.2,6.4,11.6,16.9,13.1,0.8,7.2,18.7,46,11.2,5.9,40,30.3,79,65.4,2.8,0.6,0.9,3.2,1,1.6,2.4,2.3,0.2,0,0,0,0.4,2.5,1.2,0.4,0.3,0,1.2,0,1.3,0.7,1.6,0.6,1,1,0.7,2.4,0,0,0,0,8.1,13.6,15.2,12.9,6.1,28.9,9.5,4.1,4.1,1.4,0,0.3,2.2,8.7,3.4,1.6,3,12.4,1.8,0,0.5,0,0,0.2,0.8,0.3,0.7,4.7,34.9,48.1,115.8,44.4,1.1,0.4,0.8,4.5,2.8,1,0,1.7,2.2,0.9,0,4.2,10.2,10.1,0,0,0,0,0,0,0,0,7.2,0,0,0,5.8,35.8,16.2,0,0,0,0,0,3.8,12.8,0,0,0,0,0,0,0,0,0,0,0,0,0,0,0,0,0,0,0,0,0,0,0,0,0,0,0,0,0,0,0,0,0,0,0,0,0,0.2,0,0,0,0,0,0,0,0,0,0,0,0,0,0,0,0,0,0,0,0,0,0,0,0,0,0,0,0,0,0,0,0,0,0,0
21.5,70.5,61,0,0,0,0,0,0,0,0,0,0,0,0,0,0,0,0,0,0,0,0,0,0,0,0,0,0,0,0,0,0,0,0,0,0,0,0,0,0,0,0,0,0,0,0,0,0,0,0,0,0,0,0,0,0,0,0,0,0,0,0,0,0,0,0,0,0,0,0,0,0,0,0,0,0,0,0,0,0,0,0,0,0,0,0,0,0,0,0,0,0,0,0,0,0,0,0,0,0,0,0,0,0,0,14.5,0,0,0,0,0,0,0,0,0,0,0,0,0,0,0,0,0,0,0,0,0,0,0,0,0,0,0,0,0,0,0,0,0,0,0,0,0,0,0,0,0,0,0.2,0,0,0,0,0,0,0,0,0,0,0,0,0,0,0,0,0,0,0,0,0,0,0,0.8,11.8,0.5,3.8,0,0,0,0,0,42.4,6.2,0.6,7.3,7.3,118.6,3.1,25.7,15.2,1.5,15.1,142.6,50.9,2.5,2.3,0,0,4.9,4.9,0.3,0,0,0,0,1.9,0,0,0,0,0,0,0,0,0,0,1.2,0.8,0,4.2,1.4,0,0,0,0,0,4.9,24.8,2.5,2.9,14.9,22.4,3.8,3.9,1.3,1.3,0.1,0,0,6.6,0,7.3,0.5,0.5,0.1,0,0,0,0,0,0,0,0,7,79.8,70.2,107.7,12.9,8.2,2.9,3.6,4.9,0,0,0,8,0.1,0,0,15.8,55.1,1,11.9,0,0,0.1,0,0,0,0,12.2,0,0,0,1.8,0.3,0.6,10.7,0,0,0,0,0,0,0,0,0,0,0,0,0,0,0,0,0,0,0.1,0,0,0,0,0,0,0,0,0,0,0,0,0,0,0,0,0,0,0,0,0,0,0,0,0,0.3,0,0,0,0,0,0,0,0,0,0,0,0,0,0,0,0,0,0,0,0,0,0,0,0.1,0,0,0,0,0,0,0,0,0,0
22.5,70.5,62,0.7,0,0.4,0,0,0,0,0,0,0,0,0,0,0,0,0,0,0,0,0,0,0,0,0,0,0,0,0,0,0,0,0,0,0,0,0,0,0,0,0,0,0,0,0,0,0,0,0,0,0,0,0,0,0,0,0,0,0,0,0,0,0,0,0,0,0,0,0,0,0,0,0,0,0,0,0,0,0,0,0,0,0,0,0,0,0,0,0,0,0,0,0,0,0,0,0,0,0,0,0,0,0,0,5.5,3.6,0,0,0,0,0,0,0,0,0,0,0,0,0,0,0,0,0,0,0,0,0,0,0,0,0,0,0,0,0,0,0,0,0,0,0,0,0,0,0,0,0,0,0,0,0,0,0,0,0,0,0,0,0,0,0,0,0,0,0,0,0,0,0,0.9,0,0,0.4,8,0.2,0,0,0,0,0,14.1,7.2,7.7,2,0.3,11,11.2,7.6,29.9,9.5,13.1,23.7,11.5,13.2,1.9,0,0.4,0,0,1.4,1,0,0,0,0,0,0,0,0,0,0,0,0,0,0,0,0,0.4,0,0,0,0,0,0,0,0,0,0.5,0,3.8,25.3,20.4,0.2,0,2.3,0.9,13,0,1,2.6,3,5.3,25.8,3.8,0,7.8,18.6,0,0,0,0.2,0,15.9,30.4,14.5,94.5,80.1,4.1,12.4,0.6,1,0,7.2,0,5.5,5.8,0,0,4.7,6.4,6.3,0,0,0,0,0,0,0,0,0,0,0,0,6.6,4.6,14.7,8,2.7,0,0,0.3,0,0,0,0,0,0,0,0,0,0,0,0,0,0,0,0,0,0,0,0,0,0,0,0,0,0,0,0,0,0,0,0,0,0,0,0,0,0,12.7,5.3,1.8,0.3,0,0,0,0,0,0,0,0,0,0,0,0,0,0,0,0,0,0,0,0,0,0,0,0,0,0,0,0,0,0,0,0,0
23.5,70.5,63,0,0,0.1,0,0,0,0,0,0,0,0,0,0,0,0,0,0,0,0,0,0,0,0,0,0,0,0,0,0,0,0,0,0,0,0,0,0,0,0,0,0,0,0,0,0,0,0,0,0,0,0,0,0,0,0,0,0,0,0,0,0,0,0,0,0,0,0,0,0,0,0,0,0,0,0,0,0,0,0,0,0,0,0,0,0,0,0,0,0,0,0,0,0,0,0,0,0,0,0,0,0,0,0,0,4.5,0,0,0,0,0,0,0,0,0,0,0,0,0,0,0,0,0,0,0,0,0,0,0,0,0,0,0,0,0,0,0,0,0,0,0,0,0,0,0,0,0,0,0,0,0,0,0,0,0,0,0,0,0,0,0,0,0,0,0,0,0,0,0,0,0,0,0,0,0,0,0,0,0,0,17.8,1,0,0,1.7,15.4,2.4,0,0,6.7,36.3,46.6,0.4,6.3,0.2,0,0,0,0,0,0,0,0,0,0,0,0,0,0,0,0.1,0,0,0,0,0,0,0,0,0,0,0,0,0,0,0,0,0,0,8.2,1,1.6,0,0,0,0,0,0,0,0,0,0,11.4,0.3,0,26.3,0.3,0,0,0,0,0,0,0,27.9,65.2,1.1,3.8,0.5,2.3,0.1,2.2,0,0,0,0,0,6.6,1.3,31.8,0.1,0,0,0,0,0,0,0,1.4,0,0,0,0,66.5,5.6,4.7,7.3,0.3,0,0.2,0,0,0,0,0,0,0,0,0,0,0,0,0,0,0,0,0,0,0,0,0,0,0,0,0,0,0,0,0,0,0,0,0,0,0,0,0,0,0,0,2.9,4.5,0,0,0,0,0,0,0,0,0,0,0,0,0,0,0,0,0,0,0,0,0,0,0,0,0,0,0,0,0,0,0,0,0,0
24.5,70.5,64,0,0,0,0,0,0,0,0,0,0,0,0,0,0,0,0,0,0,0,0,0,0,0,0,0,0,0,0,0,0,0,0,0,0,0,0,0,0,0,0,0,0,0,0,0,0,0,0,0,0,0,0,0,0,0,0,0,0,0,0,0,0,0,0,0,0,0,0,0,0,0,0,0,0,0,0,0,0,0,0,0,0,0,0,0,0,0,0,0,0,0,0,0,0,0,0,0,0,0,0,0,0,0,0,2,0,0,0,0,0,0,0,0,0,0,0,0,0,0,0,0,0,0,0,0,0,0,0,0,0,0,0,0,0,0,0,0,0,0,0,0,0,0,0,0,0,0,0,0,0,0,0,0,0,0,0,0,0,0,0,0,0,0,0,0,0,0,0,0,0,0,2.3,0,0,0,0,0,0,0,8.1,7.9,0.9,0,0.8,6.9,1.8,0,0,5.3,15.5,57.1,17.2,3.9,1.5,0,0,0,0,0,0,0,0,0,0,0,0,0,0,0.6,0,0,0,0,0,0,0,1.2,0,0,0,0,0,0,0,0,0,0,0,7,2.3,0.4,0,0,0,0.6,0,0,0,0,0,0,16.8,0,0,10.7,7,10.4,0,0,0,0,0,3.9,14.3,37.6,41.2,2.4,1.8,1.3,1.1,1.7,0,0,0,0,0,3,0,15.6,3.5,0.4,0,0,0,0,0,0,0,0,0,0,0,30.3,2.5,2,2.5,0,0.2,0,0.1,0,0,0,0,0,0,0,0,0,0,0,0,0,0,0,0,0,0,0,0,0,0,0,0,0,0,0,0,0,0,0,0,0,0,0,0,0,0,0,1.3,2,3.8,0.7,0,0,0,0,0,0,0,0,0,0,0,0,0,0,0,0,0,0,0,0,0,0,0,0,0,0,0,0,0,0,0,0
25.5,70.5,65,0,0,0,0.1,0,0,0,0,0,0,0,0,0,0,0,0,0,0,0,0,0,0,0,0,0,0,0,0,0.2,0,0,0,0,0,0,0,0,0,0,0,0,0,0,0,0,0,0,0,0,0,0,0,0,0,0,0,0,0,0,0,0,0,0,0,0,0,0,0,0,0,0,0,0,0,0,0,0,0,0,0,0,0,0,0,0,0,0,0,0,0,0,0,0,0,0,0,0,0,0,0,0,0,0,0,0,0,0,0,0,0,0,0,0,0,0,0,0,0,0,0,0,0,0,0,0,0,0,0,0,0,0,0,0,0,0,0,0,0,0,0,0,0,0,0,0,0,0,0,0,0,0,0,0,0,0.7,0,0,0,0,0,0,0,0,0,0,0,0,0,0,0,0,0,0,0,0,0,0,0,0,0,9.9,0,1.4,0,1.6,3,0,0,0,0,6.8,10,9.6,1.5,0.8,0,0.2,0.2,0,0,1.5,0,0,0,0,0,0,0,0,0,0,0,0,0,0,0,0,0,0,0,0,0,0,0,0,0,0,0.2,0,5.9,0,0,0,0,5.3,0,0,0,0,0,0,0,0,0,0,8.1,10.1,3.9,0,0,0,0,0,3.7,0,14.8,3.8,1.6,1,7.4,0,0,0,0,0,0,0,1,14.3,10.2,2.2,0,0,0.1,0,0,0,0,0,0,0,0,0,0,0,0,0,0,0,0.7,0,0,0,0,0,0,0,0,0,0,0,0,0,0,0,0,0,0,0,0,0,0,0,0,0,0,0,0,0,0,0,0,0,0,0,0,0,0,0,0,0,23.4,6.1,0,0,0,0,0,0,0,0,0,0,0,0,0,0,0,0,0,0,0,0,0,1.4,0,0,0,0,0,0.2,0,0,0,0
26.5,70.5,66,0,0,0,0,0,0,0,0,0,0,0,0,0,0,0,0,0,0,0,0,0,0,0,0,0,0,0,0,0,0,0,0,0,0,0,0,0,0,0,0,0,0,0,0,0,0,0,0,0,0,0,0,0,0,0,0,0,0,0,0,0,0,0,0,0,0,0,0,0,0,0,0,0,0,0,0,0,0,0,0,0,0,0,0,0,0,0,0,0,0,0,0,0,0,0,0,0,0,0,0,0,0,0,0,0,0,0,0,0,0,0,0,0,0,0,0,0,0,0,0,0,0,0,0,0,0,0,0,0,0,0,0,0,0,0,0,0,0,0,0,0,0,0,0,0,0,0,0,0,0,0,0,0,0,0.4,0,0,0,0,0,0,0,0,0,0,0,0,0,0,0,0,0,0,0,0,0,0,0,0,0,0,0,0,19.5,1.8,6,11.2,0,0,5,10.8,10.2,1.7,2.7,0.9,0,0,0,2.8,0.2,0,0,0,0,0,0,0,0,0,0,0,0,0,0,0,0,0,0,0,0,0,0,0,0,0,0,0,0.2,0,7,0,0,0,9,16.9,0,0,0,0,0,3.5,11.1,0,0,0,0.9,0,0.2,0,0,0,0,0,4.3,10,24.9,0,0.6,1.1,0,0,0,0,0,0,0,0,0.3,0,0,0,0,0,6.6,0,0,0,0,0,0,0,0,0,0,0,0,0,0,0,0,0,0,0,0,0,0,0,0,0,0,0,0,0,0,0,0,0,0,0,0,0,0,0,0,0,0,0,0,0,1.2,0.8,4.1,0,0,0,0,0,0,0,0,0,16.1,0.4,0,0,0,0,0,0,0,0,0,0,0,0,0,0,3.5,0,0,0,0,0,0,2.4,1.2,0,0,0,0.3,1,0,0,0,0
27.5,70.5,67,0,0,0,0,0,0,0,0,0,0,0,0,0,0,0,0,0,0,0,0,0,0,0,0,0,0,0,0,0,0,0,0,0,0,0,0,0,0,0,0,0,0,0,0,0,0,0,0,0,0,0,0,0,0,0,0,0,0,0,0,0,0,0,0,0,0,0,0,0,0,0,0,0,0,0,0,0,0,0,0,0,0,0,0,0,0,0,0,0,0,0,0,0.7,0,0,0,0,0,0,0,0,0,0,0,0,0,0,0,0,0,0,0,0,0,0,0,0,0,0,0,0,0,0,0,0,0,0,0,0,0,0,0,0,0,0,0,0,0,0,0,0.3,0,0.7,0,0,0,0,0,0,0,0,0,0,0,0,0,0,0,0,0,0,0,0,0,0,0,0,0,0,0,0,0,0,0,0,0,0,0,0,0,0,0,0,3.5,0,34.4,1,0,0,0.1,0.8,5.1,0,0.1,0,0,0,0,0.2,0,0,0,0,0,0,0,0,0,0,0,0,0,0,0,0,0,0,0,0,0,0,0,0,0,0,0,0,0,0,0.6,0,0,0,0.2,1.4,0,0,0,0,0,0,1,0,0,0,0,0,0,0,0,0,0,0,0,0.2,19,0,0,0,0,0,0,0,0,0,0,0,0,0,0,0,0,0,0.6,0,0,0,0,0,0,0,0,0,0,0,0,0,0,0,0,0,0,0,0,0,0,0,0,0,0,0,0,0,0,0,0,0,0,0,0,0,0,0,0,0,0,0,0,0,0,0,0.4,0,0,0,0,0,0,0,0,0,1.2,1.4,0,0,0,0,0,0,0,0,0,0,0,0,0,0,7.7,0,0,0,0,0,0,0.1,0,0,0,0,0,0,0,0,0,0
28.5,70.5,68,0,0,0,0,0,0,0,0,0,0,0,0,0,0,0,0,0,0,0,0,0,0,0,0,0,0,0,0,0,0,0,0,0,0,0,0,0,0,0,0,0,0,0,0,0,0,0,0,0,0,0,0,0,0,0,0,0,0,0,0,0,0,0,0,0,0,0,0,0,0,0,0,0,0,0,0,0,0,0,0,0,0,0,0,0,0,0,0,0,0,0,0,0.8,0,0,0,0,0,0,0,0,0,0,0,0,0,0,0,0,0,0,0,0,0,0,0,0,0,0,0,0,0,0,0,0,0,0,0,0,0,0,0,0,0,0,0,0,0,0,0,0.3,0,0.8,0,0,0,0,0,0,0,0,0,0,0,0,0,0,0,0,0,0,0,0,0,0,0,0,0,0,0,0,0,0,0,0,0,0,0,0,0,0,0,0,3.4,0,34.8,0.9,0,0,0,0.7,5,0,0.1,0,0,0,0,0.2,0,0,0,0,0,0,0,0,0,0,0,0,0,0,0,0,0,0,0,0,0,0,0,0,0,0,0,0,0,0,0.5,0,0,0,0,1.2,0,0,0,0,0,0,0.8,0,0,0,0,0,0,0,0,0,0,0,0,0,19,0,0,0,0,0,0,0,0,0,0,0,0,0,0,0,0,0,0.5,0,0,0,0,0,0,0,0,0,0,0,0,0,0,0,0,0,0,0,0,0,0,0,0,0,0,0,0,0,0,0,0,0,0,0,0,0,0,0,0,0,0,0,0,0,0,0,0.3,0,0,0,0,0,0,0,0,0,1.1,1.4,0,0,0,0,0,0,0,0,0,0,0,0,0,0,7.8,0,0,0,0,0,0,0,0,0,0,0,0,0,0,0,0,0
20.5,71.5,69,0.1,0,0,0,0,0,0,0,0,0,0,0,0,0,0,0,0,0,0,0,0,0,0,0,0,0,0,0,0,0,0,0,0,0,0,0,0,0,0,0,0,0,0,0,0,0,0,0,0,0,0,0,0,0,0,0,0,0,0,0,0,0,0,0,0,0,0,0,0,0,0,0,0,0,0,0,0,0,0,0,0,0,0,0,0,0,0,0,0,0,0,0,0,0,0,0,0,0,0,0,0,0,0,0,0,0,0,0,0,0,0,0,0,0,0,0,0,0,0,0,2.3,0,0,0,0,0,0,0,0,0,0,0,0,0,0,0,0,0,0,0,0,0,0,0,0,0,0,0,0,0,0,0,0,0,0,0,0,0,0,0,0,0,0,0,0,0,0,0,0,0.2,2.2,37.9,6.4,139.9,76.6,1.1,0,17.8,3.7,3.8,2.5,0.5,0.7,3.8,24.9,31.1,0.8,20.3,23.1,37.1,47.3,34,4.3,0.9,3,0.7,0.9,0.4,0.8,0.2,0,0,1,0,0,13,0.4,0.3,0.5,0,0,0,0.3,0,2.3,0.3,0,3.6,1.6,0.7,2.3,0.2,0.2,0,3.9,5.7,8.8,9.3,5.3,54.3,5.9,0.1,15.9,0.3,0.7,13.7,2.9,8.4,0.2,0.2,4.5,16.6,4.8,0,0.3,0,0,2.8,0.2,0,0.4,10.8,25.8,27.7,16,0.8,0.5,0.5,0.2,2,0.3,0,0,0,2.6,0.5,0.5,3.3,8.3,4.1,4,0,0,0,0,0,0,0,0,0,0,0,19.6,8.3,4.6,7.7,0,0,0,0,0.8,0,3.3,0.3,0,0,0,0,0,0,0,0,0,0,0,0,0,0,0,0,0,0,0,0,0,0,0,0,0,0,0,0,0,0,0,0,0,0,0,0,0.9,0,0,0,0,0,0,0,0,0,0,0,0,0,0,0,0,0,0,0,0,0,0,0,0,0,0,0,0,0,0,0,0,0,0
21.5,71.5,70,0,0,0,0,0,0,0,0,0,0,0,0,0,0,0,0,0,0,0,0,0,0,0,0,0,0,0,0,0,0,0,0,0,0,0,0,0,0,0,0,0,0,0,0,0,0,0,0,0,0,0,0,0,0,0,0,0,0,0,0,0,0,0,0,0,0,0,0,0,0,0,0,0,0,0,0,0,0,0,0,0,0,0,0,0,0,0,0,0,0,0,0,0,0,0,0,0,0,0,0,0,0,0,0.3,0.1,1.4,0,0,0,0,0,0,0,0,0,0,0,0,0,0,2.6,0,0,0,0,0,0,0,0,0,0,0,0,0,0,0,0,0,0,0,0,0,0,0,0,0,0,0,0,0,0,0,0,0,0,0,0,0,0,0,0,0,0,0,0,0,0,0,0,0,0.5,1.6,5.9,4,37.7,3.5,0,0,14.3,2.3,23.6,0.8,0.8,1.3,4.5,36.3,4.2,9.9,3.6,2.5,37.4,64.5,24.4,0.9,0.6,0,0,0.3,1.3,0,0,0,0,1.4,0,0.6,0.2,0.3,0.2,0,0,0,0,0,0,0.3,0.1,1.3,0.2,0,2.6,0.6,4.5,0,0,7,26.9,4.3,4.4,49.7,36.8,0.7,0,7.5,2,11.6,5.8,10.3,8.3,6.1,7.8,3.2,6,0,2.1,0.1,3.4,0,0,0.5,0.3,0.4,19.3,46,18.8,49.7,2.8,2.3,0,0,5.9,0,0,2.4,2.3,0,0.5,0,2.7,1.7,4.7,2.6,0,0,0,0,0,0,0,0,0,0,0.3,12.6,6.1,37.3,0,0,0.4,1.2,1.6,0.7,3.6,0.4,0,0,0,0.4,0,0,0,0,0,0,0,0,0,0,0,0,0,0,0,0,0,0,0,0,0,0,0,0,0,0,0,0,0,0,0,4.4,1,0,0,0,0,0,0,0,0,0,0,0,0,0,0,0,0,0,0,0,0,0,0,0,0,1.9,0,0,0,0,0,0,0,0,0
22.5,71.5,71,0,0,0,0,0,0,0,0,0,0,0,0,0,0,0,0,0,0,0,0,0,0,0,0,0,0,0,0,0,0,0,0,0,0,0,0,0,0,0,0,0,0,0,0,0,0,0,0,0,0,0,0,0,0,0,0,0,0,0,0,0,0,0,0,0,0,0,0,0,0,0,0,0,0,0,0,0,0,0,0,0,0,0,0,0,0,0,0,0,0,0,0,0,0,0,0,0,0,0,0,0,0,2.3,5.4,0,0,0,0,0,0,0,0,0,0,0,0,0,0,0,0,0,0,0,0,0,0,0,0,0,0,0,0,0,0,0,0,0,0,0,0,0,0,0,0,0,0,0,0,0,0,0,0,0,0,0,0,0,0,0,0.3,0,0,0,0,0,0,0,5.7,0,0,0,0.7,1.1,2.1,9.3,0,0,0,5.7,2.7,0.2,0.4,0,0.3,2.2,0,8.1,2,5.7,27,64.5,19.1,2.9,1.4,0,0,0,0.2,5.7,0,0,0,0,0.1,0,0,0,0,0.3,0,0,0,0,0,0,0.1,0.3,0.5,0.2,0,2,0,0.2,0,0,0.3,2.6,1.3,17.7,27.3,7.2,0,0,3.3,2,10.9,0.4,16.3,2,4.5,3.7,0,0,0.1,0.1,1.8,0,0,0,0,0,9.8,25.6,24.6,85.7,9.5,4.9,0,2.1,0.3,0.2,0,0,0,0,0,0,17.6,9.6,12.6,0,0,0,0,0,0,0,0,0,0,0,0,22.4,7.1,8.8,0,0,0,0.5,0.2,2.2,4.7,0,0,0,0,0,0,0,0,0,0,0,0,0,0,0,0,0,0,0,0,0,0,0,0,0,0,0,0,0,0,0,0,0,3.3,0,0,0,3.4,0,0,0,0,0,0,0,0,0,0,0,0,0,0,0,0,0,0,0,0,0,0,0,0,0.2,0,0,0,0,0,0,0,0,0,0
23.5,71.5,72,0.1,0,0.2,0.1,0,0,0,0,0,0,0,0,0,0,0,0,0,0,0,0,0,0,0,0,0,0,0,0,0,0,0,0,0,0,0,0,0,0,0,0,0,0,0,0,0,0,0,0,0,0,0,0,0,0,0,0,0,0,0,0,0,0,0,0,0,0,0,0,0,0,0,0,0,0,0,0,0,0,0,0,0,0,0,0,0,0,0,0,0,0,0,0,0,0,0,0,0,0,0,0,0,0,0,8.3,0,0,0,0,0,0,0,0,0,0,0,0,0,0,0,0,0,0,0,0,0,0,0,0,0,0,0,0,0,0,0,0,0,0,0,0,0,0,0,0,0,0,0,0,0,0,0,0,0,0,0,0,0,0,0,0,0,0,0,0,0,0,0,0,0,0,0,1.3,6,7.1,15,0,0,0,0,0.2,7.9,2.5,0,0,0,8.4,0,0,7.8,4.9,58.6,33.6,3,1.5,0,0.1,0,1.3,0,0,0,0,0,0,0,0,0.1,0,0.8,0,0.2,0,0,0,0,0,3.6,0.3,0.7,0,0,1.3,0.3,0,0,0,0,1.7,2.1,8.5,14.3,0,0,0.2,1.5,15.4,0.3,0.2,0,1.5,0,20.5,0,0,0,18.1,0,0,0,0,0,0,17.6,5.5,42.1,69.6,4.1,2.1,0.8,3.1,0.2,0,0,0,0,0,0,0,11.3,28.8,0,0,0,0,0.3,0,0,0,0,0,0,0,0,0.9,5.3,1,7.4,0.2,0,0,0,0,0,0,0,0,0,0,0,0,0,0,0,0,0,0,0,0,0,0,0,0,0,0,0,0,0,0,0,0,0,0.3,0,0,0,5.4,0,0,0,0,0,0.8,0,0,0,0,0,0,0,0,0,0,0,0,0,0,0,0,0,0,0,0,0,0,0,0,0,0,0,0,0,0,0,0,0
24.5,71.5,73,0,0,7,0,0,0,0,0,0,0,0,0,0,0,0,0,0,0,0,0,0,0,0,0,0,0,0,0,0,0,0,0,0,0,0,0,0,0,0,0,0,0,0,0,0,0,0,0,0,0,0,0,0,0,0,0,0,0,0,0,0,0,0,0,0,0,0,0,0,0,0,0,0,0,0,0,0,0,0,0,0,0,0,0,0,0,0,0,0,0,0,0,0,0,0,0,0,0,0,0,0,0,0,0,0,0,0,0,0,0,0,0,0,0,0,0,0,0,0,0,0,0,0,0,0,0,0,0,0,0,0,0,0,0,0,0,0,0,0,0,0,0,0,0,0,0,0,0,0,0,0,0,0,0,0,0,0,0,0,0,0,0,0,0,0,0,0,0,0,0,0,9.2,0,0.2,0,0,0,0,0,0.4,3.9,11.3,0.3,0,0,0,0,0,0.3,0,22,50.7,5,6.2,0,0,0,0.4,0,0,2.2,0,0,0,0,0,0,0,0.3,0,0,0,0,0,0,0,0.6,0,0.8,0,0,0.4,0,0,0,0,0,0,16.1,0,0.2,0.1,0,0,0.8,1.9,0,0,0,0,4.9,10.2,0,0,2.4,15.7,34.7,0,0,0,0,0,0.9,0,3.1,31.8,6.1,4,2.2,1.8,3.8,0,0.3,0,0,0,0,0,21.1,8.9,0,0,0,0,0.5,0,0,0,0,0,0,0,0,0,0,1.2,4.8,0,0,0,0,0,0,0,0,0,2.7,0,0,0,0,0,0,0,0,0,0,0,0,0,0,0,0,0,0,0,0,0,0,0,0,0,0,0,0,0,0,0,0,0,2.8,10.5,0,0,0,0,0,0,0,0,0,0,0,0,0,0,0,0,0,0,0,0,0,0,0,0,0,0,0,0,0,0,0,0,0
25.5,71.5,74,0,0,0,0.3,0,0,0,0,0,0,0,0,0,0,0,0,0,0,0,0,0,0,0,0,0,0,0,0,0.5,0,0,0,0,0,0,0,0,0,0,0,0,0,0,0,0,0,0,0,0,0,0,0,0,0,0,0,0,0,0,0,0,0,0,0,0,0,0,0,0,0,0,0,0,0,0,0,0,0,0,0,0,0,0,0,0,0,0,0,0,0,0,0,0,0,0,0,0,0,0,0,0,0,0,0,0,0,0.2,0,0,0,0,0,0,0,0,0,0,0,0,0,0,0,0,0,0,0,0,0,0,0,0,0,0,0,0,0,0,0,0,0,0,0,0,0,0,0,0,0,0,0,0,0,0,0,1.6,0,0,0,0,0,0,0,0,0,0,0,0,0,0,0,0,0,0,0,0,0,0,0,0,0,9.9,0.2,3.2,0,0.6,1.2,0,0,0,0,2.5,3.8,21.8,1.2,0.3,0,0.5,0.5,0,0,3.6,0,0,0,0,0,0,0,0,0,0,0,0,0,0,0,0,0,0,0,0,0,0,0,0,0,0,0,0,6.6,0,0,0,0,3.8,0.1,0,0,0,0,0,0,0,0,0,17.5,5.9,8.9,0,0,0,0,0,2,0,10.1,6.7,1.1,2.3,8.5,0,0,0,0,0,0,0,1.9,33.6,3.8,0.7,0,0,0,0,0,0,0,0,0,0,0,0,0,0,0,0,0,0,0.3,0,0,0,0,0,0,0,0,0,0,0,0,0,0,0,0,0,0,0,0,0,0,0,0,0,0,0,0,0,0,0,0,0,0,0,0,0,0,0,0,0,25.6,6.6,0,0,0,0,0,0,0,0,0,0,0,0,0,0,0,0,0,0,0,0,0,2.1,0,0,0,0,0.2,0,0,0,0,0
26.5,71.5,75,0,0,0,0,0,0,0,0,0,0,0,0,0,0,0,0,0,0,0,0,0,0,0,0,0,0,0,0,0,0,0,0,0,0,0,0,0,0,0,0,0,0,0,0,0,0,0,0,0,0,0,0,0,0,0,0,0,0,0,0,0,0,0,0,0,0,0,0,0,0,0,0,0,0,0,0,0,0,0,0,0,0,0,0,0,0,0,0,0,0,0,0,0,0,0,0,0,0,0,0,0,0,0,0,0,0,0,0,0,0,0,0,0,0,0,0,0,0,0,0,0,0,0,0,0,0,0,0,0,0,0,0,0,0,0,0,0,0,0,0,0,0,0,0,0,0,0,0,0,0,0,0,0,0,1.8,1.9,0,0,0,0,0,0,0,0,0,0,0,0,0,0,0,0,0,0,0,0,0,0,0,0,0,0,0,0.5,5.8,13.9,0.8,0.5,0,9.3,2.3,4.3,2.4,4.5,2.9,0,0,0,0.2,0.3,0,0,0,0,0,0,0,0,0,0,0,0,0,0,0,0,0,0,0,0,0,0,0,0,0,0,0,0.6,0,0.5,0,0,0,19.2,3.9,0,0,0,0,0,7.5,0.8,0,0,0,3.6,0,1.9,0,0,0,0,0,12.7,21.7,5.6,0,1.8,2,0.4,0,0,0,0,0,0,0,0.9,0,0,0,0,0,0.9,0,0,0,0,0,0,0,0,0,0,0,0,0,0,0,0.4,0,0,0,0,0,0,0,0,0,0,0,0,0,0,0,0,0,0,0,0,0,0,0,0,0,0,0,0,0,2.6,0.4,0.3,0,0,0,0,0,0,0,0,0,10.8,0.8,0,0,0,0,0,0,0,0,0,0,0,0,0,0,0.2,0,0,0,0,0,0,4.1,0,0,0,0,0.5,2.9,0,0,0,0
27.5,71.5,76,0,0,0,0,0,0,0,0,0,0,0,0,0,0,0,0,0,0,0,0,0,0,0,0,0,0,0,0,0,0,0,0,0,0,0,0,0,0,0,0,0,0,0,0,0,0,0,0,0,0,0,0,0,0,0,0,0,0,0,0,0,0,0,0,0,0,0,0,0,0,0,0,0,0,0,0,0,0,0,0,0,0,0,0,0,0,0,0,0,0,0,0,0,0,0,0,0,0,0,0,0,0,0,0,0,0,0,0,0,0,0,0,0,0,0,0,0,0,0,0,0.2,0,0,0,0,0,0,0,0,0,0,0,0,0,0,0,0,0,0,0,0,0,0,0,0,0,0,0,0,0,0,0,0,0,2.2,4.5,0,0,0,0,0,0,0,0,0,0,0,0,0,0,0,0,0,0,0,0,0,0,0,0,0,0,0,13.6,0.7,1,9,1.1,0,0.4,6.4,8.6,0.5,1.3,0,0,0,0,2.3,0,0,0,0,0,0,0,0,0,0,0,0,0,0,0,0,0,0,0,0,0,0,0,0,0,0,0,0,0,0,5.6,0,0,0,0,12.9,0,0,0,0,0,2.8,8.9,0,0,0,3.2,0,3.3,0,0,0,0,0,0.9,1.3,30.8,0,0,5.4,1,0,0,0,0,0,0,0,0,0,0.7,0,0,0,5.2,0,0,0,0,0,0,0,0,0,0,0,0,0,0,0,1,0,0,0,0,0,0,0,0,0,0,0,0,0,0,0,0,0,0,0,0,0,0,0,0,0,0,0,0,0,0,1.3,3.7,0,0,0,0,0,0,0,0,0,18.2,3.2,0,0,0,0,0,0,0,0,0,0,0,0,0,0,2.8,0,0,0,0,0,0,1.5,0.8,0,0,0,0,4.9,0,0,0,0
28.5,71.5,77,0,0,0,0,0,0,0,0,0,0,0,0,0,0,0,0,0,0,0,0,0,0,0,0,0,0,0,0,0,0,0,0,0,0,0,0,0,0,0,0,0,0,0,0,0,0,0,0,0,0,0,0,0,0,0,0,0,0,0,0,0,0,0,0,0,0,0,0,0,0,0,0,0,0,0,0,0,0,0,0,0,0,0,0,0,0,0,0,0,0,0,0,0.5,0,0,0,0,0,0,0,0,0,0,0,0,0,0,0,0,0,0,0,0,0,0,0,0,0,0,0,0,0,0,0,0,0,0,0,0,0,0,0,0,0,0,0,0,0,0,0,0.2,0,0.5,0,0,0,0,0,0,0,0,0,0,0,1.1,2.2,0,0,0.1,0,0,0,0,0,0,0,0,0,0,0,0,0,0,0,0,0,0,0,0,0,0,0,0,3.9,1.4,21.3,1,0.5,0,0.1,1.6,2.8,0.1,0,0,0,0,0,0.3,0,0,0,0,0,0,0,0,0,0,0,0,0,0,0,0,0,0,0,0,0,0,0,0,0,0,0,0,0,0,0.6,0,0,0,0,1.5,0,0,0,0,0,5.3,1,0,0,0,3.8,0,1.6,0,0,0,0,0,1.7,1.2,20.7,0,0,2.3,0.5,0,0,0,0,0,0,0,0,0,1.3,0,0,0,0.6,0,0,0,0,0,0,0,0,0,0,0,0,0,0,0,0.5,0,0,0,0,0,0,0,0,0,0,0,0,0,0,0,0,0,0,0,0,0,0,0,0,0,0,0,0,0,0,0.4,1,0,0,0,0,0,0,0,0,0,6.3,4.1,0,0,0,0,0,0,0,0,0,0,0,0,0,0,4.9,0,0,0,0,0,0,0.2,0.2,0,0,0,0,3.9,0,0,0,0
18.5,72.5,78,0.4,0,0,1.7,0,0,0,0,0,0,0,0,0,0,0,0,0,0,0,0,0,0,0,0,0,0,0,0,0,0,0,0,0,0,0,0,0,0,0,0,0,0,0,0,0,0,0,0,0,0,0,0,0,0,0,0,0,0,0,0,0,0,0,0,0,0,0,0,0,0,0,0,0,0,0,0,0,0,0,0,0,0.2,0,0,0,0,0,0,0,0,0,0,0,0,0,0,0,0,0,0,0,0,0,0,0,0,0,0,0,0,0,0,0,0,0,0,0.3,0,0,0,7.4,0,0.2,0,0,0,0,0,0,0,0,0,0,0,0,0,0,0,0,0,0,0,0.2,0,0.6,0.1,0.2,0,0,0,0,0,0,0,0,0,0,0,0,0,0,0,0,0,0,0,1.6,0.4,14.9,5,62.6,46.6,47.1,69.9,96,101.2,199.2,158.7,109.7,56.2,31,35.6,33.9,22.7,62.1,82.6,89.6,116.3,53.3,15,68,84.4,29.4,17.6,3.3,2.9,6.9,5.7,29.2,86.5,55.4,4.6,8.3,11,1.5,0.6,4,9.2,1.5,2.7,25.7,7.1,14.7,3.5,4.1,5.6,15.5,11.8,6.5,65.3,10.9,4.1,5.5,44.6,98.2,76.9,53.1,53.1,33.8,84.3,47,15.5,7.9,17.2,44,150.2,114.7,58.9,56.9,28.4,8,9.4,76.1,14.6,2,3.3,17.1,13.9,0.6,3.2,4.6,4.9,4.2,33.6,23.1,38.8,61.2,2.7,0,1,2.8,1.9,0.5,0.6,0,2.8,5.6,11.5,7.6,4.1,6.7,98.1,4.4,0,0,0,0,11.7,0,0,0.6,0.4,1.6,0,2.8,0,0,0,0.1,0,0,0,0,0,0,0,0,0,0,0,0,0,0,0,0,0,0,0,0,0,0,0,0,0,0,0,0,0,0,0,0,0,0,0,0,0,0,0,8.7,0,0,0,0,0,0,0,0,0,0,0,0,0,0,0,0,0,0,0,0,0,0,0,0,0,0,0,0,0,0,0,0,0,0,0,0
19.5,72.5,79,0.2,0.4,0,0.3,0,0,0,0,0,0,0,0,0,0,0,0,0,0,0,0,0,0,0,0,0,0,0,0,0,0,0,0,0,0,0,0,0,0,0,0,0,0,0,0,0,0,0,0,0,0,0,0,0,0,0,0,0,0,0,0,0,0,0,0,0,0,0,0,0,0,0,0,0,0,0,0,0,0,0,0,0,0,0.2,0,0,0,0,0,0,0,0,0,0,0,0,0,0,0,0,0,0,0,1.7,0,0,0,0,0,0,0,0,0,0,0,0,0,0,0,0,0,1.1,0,0,0,0,0,0,0,0,0,0,0,0,0,0,0,0,0,0,0,0,0,0.1,0,0,0.2,0,0,0,0,0,0,0,0,0,0,0,0,0,0,0,0,0,0,0,0,0.7,0.5,3,0,36.9,44.1,70.2,5.9,121.3,96.7,147,127.8,67.5,63.5,46,18.7,0.8,9.9,93.4,128.4,82.6,40.8,24.3,19.6,54.5,213.7,79.5,60.9,2.1,4.1,7,7.1,74.9,170.7,23.2,5.9,6,4.9,0.1,0.8,4.5,4.7,11,16,6.9,6.8,7.3,4.7,12.8,20.2,12.8,9.9,4.2,43.1,10.8,1,0,12.8,122.6,134.2,63.5,34.9,43,85.2,37.9,14.1,29.5,28.7,4.4,60.6,59.5,116.2,33.8,20.6,12.1,2.1,89.7,163.2,11.4,1.2,4,2.2,1.7,0.7,6.5,2.7,23.9,89,52.1,38.7,28.8,21.3,0,2.2,0.8,12.2,1.4,0,1.9,8.7,28.2,2.5,6.4,2.5,20,8.9,0,0,0,0,0,0,0,0,0,0.1,0,0.4,0.3,0,0.4,0,0.7,1.5,1.7,0,0,0,0,0,0,0,0,0,0,0,0,0,0,0,0,0,0,0,0,0,0,0,0,0,0,0,0,0,0,0,0,0,0,0,0,0,9.4,0,0,0,0,0,0,0,0,0,0,0,0,0,0,0,0,0,0,0,0,0,0,0,0,0,0,0,0,0,0,0,0,0,0,0,0
20.5,72.5,80,0,0,0,0,0,0,0,0,0,0,0,0,0,0,0,0,0,0,0,0,0,0,0,0,0,0,0,0,0,0,0,0,0,0,0,0,0,0,0,0,0,0,0,0,0,0,0,0,0,0,0,0,0,0,0,0,0,0,0,0,0,0,0,0,0,0,0,0,0,0,0,0,0,0,0,0,0,0,0,0,0,0,0,0,0,0,0,0,0,0,0,0,0,0,0,0,0,0,0,0,0,0,0,0,0,0,0,0,0,0,0,0,0,0,0,0,0,0,0,0,0,0,0,0,0,0,0,0,0,0,0,0,0,0,0,0,0,0,0,0,0,0,0,0,0,0,0,0,0,0,0,0,0,0,0,0,0,0,0,0,0,0,0,0,0,0,0,0.2,0,0,1.4,58.1,62.7,3.5,49.9,137.6,94.2,32.7,25.2,1.1,3,2.1,1,27.4,63.6,64.8,52.5,72.3,86.2,57.3,162,118.4,60.8,10.2,0.7,2.3,6.4,6,75.5,23.5,0.9,2.1,2.4,0,1.6,1.9,6.3,3.9,5.4,11.8,1.7,1.7,10.1,10.9,7.4,5.3,3.6,6.9,7,3.2,0,0.6,0,27,75.7,126.7,54.6,39.2,37.6,54.8,41,51.3,26.9,18.5,9.2,30.5,111.6,43,73.1,9.5,3,3.5,72.2,129.5,34.9,10.2,19.5,0,2.3,4.1,11.8,32.4,82.3,78,61.8,36.9,7.3,1.8,6.4,10.1,6.9,2.8,1.4,0.7,20.1,13.9,3.6,0,11.2,23.5,12.5,1.6,5.7,0,0,0,0,0,0,0,0,0,0,1.4,0,0.2,0,0,0,0,0.2,0,0,0,0,0,0,0,0,0,0,0,0,0,0,0,0,0,0,0,0,0,0,0,0,0,0,0,0,0,0,0,0,0,0,0,0,0,3.5,1.5,0,0,0,0,0,0,0,0,0,0,0,0,0,0,0,0,0,0,0,0,0,0,0,0,0,0,0,0,0,0,0,0,0,0,0
21.5,72.5,81,0,0,0,0,0,0,0,0,0,0,0,0,0,0,0,0,0,0,0,0,0,0,0,0,0,0,0,0,0,0,0,0,0,0,0,0,0,0,0,0,0,0,0,0,0,0,0,0,0,0,0,0,0,0,0,0,0,0,0,0,0,0,0,0,0,0,0,0,0,0,0,0,0,0,0,0,0,0,0,0,0,0,0,0,0,0,0,0,0,0,0,0,0,0,0,0,0,0,0,0,0,0,0,0,0,0,0,0,0,0,0,0,0,0,0,0,0,0,0,0,0,0,0,0,0,0,0,0,0,0,0,0,0,0,0,0,0,0,0,0,0,0,0,0,0,0,0,0,0,0,0,0,0,0,0,0,0,0,0,0,0,0,0,0,0,0,0,0,0,0.3,3.4,16.6,24.8,9.1,0.7,6.5,0,1.8,8.8,0.3,5.9,35.7,0.4,2.2,9.2,10.4,1.7,10.1,7.7,36.8,36.2,11.3,2.3,0,0.2,0,6.3,7.5,12,0.4,0,0,0,0,0.6,2.2,2,6.4,4.6,1.4,0,0,1.4,1.6,2.5,1.7,0.2,2.1,2,3.4,5.2,1.2,0.8,0.2,24.4,33.7,5.6,30.5,30.9,37.1,18.4,10.4,4.5,3.6,2.9,1.1,14.2,43.8,8.3,9.1,11.4,7.2,17.2,36.3,36.8,0,0,0,0,1,0.5,42.7,23.1,22,4.6,2,0.1,0.3,0.5,3.5,4.8,0.5,0,0,19.9,0.2,0,0,0.1,59.7,24.6,2.3,0,0,0,0,0,0,0,0,0,0,0,1.6,4.5,3.1,5.6,3.8,0,6.3,0,0,0,0,0,0,0,0,0,0,0,0,0,0,0,0,0,0,0,0,0,0,0,0,0,0,0,0,0,0,0,0,0,0,0,0,0,0,0.1,0.5,0,0,0,0,0,0,0,0,0,0,0,0,0,0,0,0,0,0,0,0,0,0,0,0,0,0,0,0,0,0,0,0,0,0,0
22.5,72.5,82,0,0,0,0,0,0,0,0,0,0,0,0,0,0,0,0,0,0,0,0,0,0,0,0,0,0,0,0,0,0,0,0,0,0,0,0,0,0,0,0,0,0,0,0,0,0,0,0,0,0,0,0,0,0,0,0,0,0,0,0,0,0,0,0,0,0,0,0,0,0,0,0,0,0,0,0,0,0,0,0,0,0,0,0,0,0,0,0,0,0,0,0,0,0,0,0,0,0,0,0,0,0,0,0,0,0,0,0,0,0,0,0,0,0,0,0,0,0,0,0,0,0,0,0,0,0,0,0,0,0,0,0,0,0,0,0,0,0,0,0,0,0,0,0,0,0,0,0,0,0,0,0,0,0,0,0,0,0,0,0,0,0,0,0,0,0,0,0,0,0,0.2,2.6,10,2.7,1.2,0,0,14.7,35.2,1.6,1.5,0.3,0.8,0.8,6,1.3,0.3,10.2,76.1,29.6,45.3,15.5,1,8.4,3.4,0.4,0.6,1,2.1,0.2,0,0,0,0.3,0.1,0.2,0,0,0.2,8.8,0.6,0,7.5,1.4,0,1.1,0.8,1.4,1.5,0.4,0,0,0,0.4,5.2,1,1.9,1,6,19.4,19,4.4,0.4,1.9,2.5,0,0.7,7.6,0.7,2,9.4,13.9,8.9,26,41.2,4.2,1.2,0,0.5,1.1,1,10.9,38.5,53.6,44.8,13.8,8.2,1.8,3.6,1.3,0.3,7.7,4.6,0.8,0,0,0,0,11.1,24.2,0,0,0,0,0,0,0,0,0,0,0,1.7,9.5,8.6,13.1,3.6,0,0,0,0,0,0,0,0,0,0,0,0,0,0,10.7,0,0,0,0,0,0,0,0,0,0,0,0,0,0,0,0,0,0,0,0,0,0,0,0,0,0,0,0,0.9,0,0,0,0,0,0,0,0,0,0,0,0,0,0,0,0,0,0,0,0,0,0,0,0,0,0,0,0,0,0,0,0,0,0,0
23.5,72.5,83,0,0.4,0,2,0,0,0,0,0,0,0,0,0,0,0,0,0,0,0,0,0,0,0,0,0,0,0,0,0,0,0,0,0,0,0,0,0,0,0,0,0,0,0,0,0,0,0,0,0,0,0,0,0,0,0,0,0,0,0,0,0,0,0,0,0,0,0,0,0,0,0,0,0,0,0,0,0,0,0,0,0,0,0,0,0,0,0,0,0,0,0,0,0,0,0,0,0,0,0,0,0,0,0,0,0,0,0,0,0,0,0,0,0,0,0,0,0,0,0,0,0,0,0,0.7,0,0,0,0,0,0,0,0,0,0,0,0,0,0,0,0,0,0,0,0,0,0,0,0,0,0,0,0,0,0,0,0,0,0,0,0.6,0,0,0,0,0,0,0,0,0,0,0,11.1,36.1,68.8,0,0,0,11.8,12.2,1.1,1,3.3,6.5,0,16.1,6.8,0.7,2.7,22.7,23.9,52.1,9.3,12.9,7.5,4.9,6.9,2.3,3.2,3.9,7.2,2.1,0,0.2,0,0.3,0.3,0,0,0.6,2.3,0.6,0,0,0,0,0.3,1.9,4.6,3.5,0.4,1.7,9.6,0,0,0,0,0,0.8,5.8,1.6,11.4,0,0,0,3.1,2.4,0,1.5,1.2,0.9,7.9,0,0,1.9,7,14.8,11.6,0,0,2.2,1.1,6.8,16.3,20.2,66.5,12.7,8.1,3.5,6.1,2.2,1.3,0.4,0,0,0,0,0,1.7,11.2,31.2,3.7,0,0,6.1,0,0,0,0,0,0,0,0,4.4,14,3.9,1.1,1,0,0,0,0,0,0,0,0,0,0,0,0,0,0,0,0,0,0,0,0,0,0,0,0,0,0,0,0,0,0,0,0,0,0,0,0,0,0,0,0,0,0,0,0,0,0,0,0,0,0,0,0,0,0,0,0,0,0,0,0,0,0,0,0,0,0,0,0,0,0,0,0,0,0,0,0,0,0
24.5,72.5,84,0,0,1.3,2,0,0,0,0,0,0,0,0,0,0,0,0,0,0,0,0,0,0,0,0,0,0,0,0,0,0,0,0,0,0,0,0,0,0,0,0,0,0,0,0,0,0,0,0,0,0,0,0,0,0,0,0,0,0,0,0,0,0,0,0,0,0,0,0,0,0.1,0,0,0.1,0,0,0,0,0,0,0,0,0,0,0,0,0,0,0,0,0,0,0,0,0,0,0,0,0,0,0,0,0,0,0,0,0,0,0,0,0,0,0,0,0,0,0,0,0,0,0,0,0,0,0.8,0,0,0,0,0,0,0.1,0,0,0.1,0,0,0,0,0,0,0,0,0,0,0,0,0,0,0,0,0,0,0,0,0,0,0,0,0,0,0,0,0,0,0,0,0,0,0,0,0,0.1,0,0,0,0,0,0,0.4,29.3,3.5,28.3,1.2,12.5,0.7,0.8,0,0,7.2,45.1,25,10.4,16.8,2.6,0.6,0,1.2,6.1,1.4,6.6,0.5,0,0.7,0,0.6,0.6,0.7,0.1,0.2,0.5,0.6,0.5,0,0,0,1.9,0,0.6,1.8,0.2,0.6,0.2,0,0,0,0,0,1.2,11.1,7.3,0.7,0,1.6,1.5,6.4,3.1,0,0,2.3,0,0,3.8,2.3,0.4,8.2,27.4,11,0,0,0,0,0.6,11.4,4.5,22.9,12.2,10.3,2.3,4.5,6.4,4.4,0,0,0,0.2,0,0,1,34,14.8,1.4,0,0,0,0,1.5,0,0,0,0,0,0,0,0,0.4,18.8,1.9,3.2,0,0,0,0,0,0.2,0,0,0,0,0,0,0,0,0,0,0,0,0,0,0,0,0,0,0,0,0,0,0,0,0,0,0,0,0,0,0,0,0,0,0,0.1,0,0,0,0.7,0,0,0,0,0,0,0,0,0,0,0,0,0,0,0,0,0,0,0,0,0,0.7,0,0,0,0,0,0,0,0,0
25.5,72.5,85,0,0,5,0,0,0,0,0,0,0,0,0,0,0,0,0,0,0,0,0,0,0,0,0,0,0,0,0,0,0,0,0,0,0,0,0,0,0,0,0,0,0,0,0,0,0,0,0,0,0,0,0,0,0,0,0,0,0,0,0,0,0,0,0,0,0,0,0,0,0,0,0,0,0,0,0,0,0,0,0,0,0,0,0,0,0,0,0,0,0,0,0,0,0,0,0,0,0,0,0,0,0,0,0,0,0,0,0,0,0,0,0,0,0,0,0,0,0,0,0,0,0,0,0,0,0,0,0,0,0,0,0,0,0,0,0,0,0,0,0,2.1,0,0,0,0,0,0,0,0,0,0,0,0,11.5,0.9,0,0,0,0,0.7,2.2,0,0,0,0,0,0,0,0,0,1.5,0,0,0,0,0,0,0,0,17.8,17.2,15.7,0.6,0.1,0,9.3,0,0.7,0,0.3,33,0,16.1,2,0,0,0,2.7,0,0,3.4,0,0,0,0,0,0,0,0,0,0,0,0,0,0,0.6,0,0,0.3,0,0,0,0,0,0,0,0,0,1.4,0,0,0,0,0,0,8.4,3.8,0,0,0,0,13.2,0.6,0,6.5,30.8,12.4,0,0,0,0,0,0.6,3.7,11.7,6.9,4.3,0,0,0.6,0.4,0,0,0,0,0,0,1.8,22,28.1,0,0,0,12.7,0,0,0,0,0,0,0,0,0,0,0.4,0,0,0,0.1,2.2,0,0,0,0,0,0,0,0.5,0,0,0,0,0,0,0,0,0,0,0,0,0,0,0,0,0,0,0,0,0,0,0,0,0,0,0,0,0,0,0,0,0.2,3.3,7.2,0,0,0,0,0,0,0,0,0,0,0,0,0,0,0,0,0,0,0,0,0,0,0,0,0,0,0,0,0,0,0,0
26.5,72.5,86,2.6,0,0,0,0,0,0,0,0,0,0,0,0,0,0,0,0,0,0,0,0,0,0,0,0,0,0,0,0,0,0,0,0,0,0,0,0,0,0,0,0,0,0,0,0,0,0,0,0,0,0,0,0,0,0,0,0,0,0,0,0,0,0,0,0,0,0,0,0,0,0,0,0,0,0,0,0,0,0,0,0,0,0,0,0,0,0,0,0,0,0,0,0,0,0,0,0,0,0,0,0,0,0,0,0,0,0,0,0,0,0,0,0,0,0,0,0,0,0,0,0,0,0,0,0,0,0,0,0,0,0,0,0,0,0,0,0,0,0,0,3.7,0,0,0,0,0,2.5,0,0.9,0,0,0,0,4.3,0.8,0,0,0,5.5,0,0.3,0,0,0,0,0,0,0,0,0,0,0,0,0,0,0,0,0,0,1,0.2,9.3,6.4,0,0.5,0.6,0,0.7,8.2,21.1,0,2.6,27.1,0,0.1,0,0,0.3,0,5.2,3.5,0,0,0,0,0,0,0,0,0,0,0,0,0,0,0.5,0,0,0,0,0,0,0,0,0,0,0,0,0.5,0.6,0,0,1.7,0,0,14.6,0,0,0,0,1.3,0,0,3.7,10.2,4.9,1.5,1.8,0,0,0,0,0,1.4,4.6,27.9,0.1,0,0,0.3,3.2,0,0,0,0,0,0,4.3,13,5.2,3.1,0,14.4,0,0,0,0,0,0,0,0,0,0,0,0,0,0,0,0.1,0,0,0,0,0.3,0,0,0,0,0,0,0,0,0,0,0,0,0,0,0,0,0,0,0,0,0,0,0,0,0,0,0,0,0,0,0,0,0,0,0,0,0,14.1,2.5,0,0,0,0,0,0,0,0,0,0,0,0,0,0,0,0,0,0,0,0,0,0,0,0,0,0,0,0,1,0,0,0
27.5,72.5,87,0,0,0,0,0,0,0,0,0,0,0,0,0,0,0,0,0,0,0,0,0,0,0,0,0.1,0,0,0,1.3,0,0,0,0,0,0,0,0,0,0,0,0,0,0,0,0,0,0,0,0,0,0,0,0,0,0,0,0,0,0,0,0,0,0,0,0,0,0,0,0,0,0,0,0,0,0,0,0,0,0,0,0,0,0,0,0,0,0,0,0,0,0,0,0,0,0,0,0,0,0,0,0,0,0,0,0,0,0,0,0,0,0,0,0,0,0,0,0,0,0,0,0.1,0,0,0,0,0,0,0,0,0,0,0,0,0,0,0,0,0,0,0,0,0,0,0,0,0,0.6,0,0,0,0,0,0,0,1.3,2.7,0,0,0.5,0,0.3,0,0,0,0,0,0,0,0,0,0,0,0,0,0,0,0,0,0,0,0,0,0.2,0,5.1,0,0,2.1,0,0.6,0,0,0,0,0,0,0,0,0,0,0.6,0.3,0,0.1,0,0,0,0,0,0,0,0,0,0,0,0,0,0,0,0,0,0,0,0,0,0,0,0,0,0.1,0,0,0,0,0.5,0,0,0,0,0,20.1,0.4,0,0,3.1,17.4,1,2,0,0,0,0,1,7.9,4.2,19.2,0,0,2.7,0.7,0,0,0,0,0,0,0,2.5,2.9,5.7,0,0,0,0,0,0,0,0,0,0,0,0,0,0,0,0,0,0,0,0.6,0,0,0.4,0,0,0,0,0,0,0,0,0,0,0,0,0,0,0,0,0,0,0,0,0,0,0,0,0,0,0,0.4,2.5,0,0,0,0,0,0,0,0,0,13,10.3,0,0,0,0,0,0,0,0,0,0,0,0,0,0,0,0,0,0,0,0,0,0.3,0,0,0,0,0,10.4,0,0,0,0
28.5,72.5,88,0,0,0,0,0,0,0,0,0,0,0,0,0,0,0.2,0,0,0,0,0,0,0,0,0,1.2,0,0,0,9.7,0,0,0,0,0,0,0,0,0,0,0,0,0,0,0,0,0,0,0,0,0,0,0,0,0,0,0,0,0,0,0,0,0,0,0,0,0,0,0,0,0,0,0,0,0,0,0,0,0,0,0,0,0,0,0,0,0,0,0,0,0,0,0,0,0,0,0,0,0,0,0,0,0,0,0,0,0,0,0,0,0,0,0,0,0,0,0,0,0,0,0,0,0,0,0,0,0,0,0,0,0,0,0,0,0,0,0,0,0,0,0,0,0,0.7,0,1.4,0,0,0,0,0,0,0,0,0,0,0,0,0,0,2.8,1.2,4.4,0,0,0,0,0,0,0,0,0,0,0,0,0,0,0,0,0,0,0,0,1.1,0,3.7,0.8,9.1,0.2,0,4.4,0,0,0,0,0,0,0,0,2.4,0,6.8,0.3,0,0,0,0,0,0,0,0,0,0,0,0,0,0,0.2,0,0,0.2,0,0,0,0,0,0,0,0,0.8,0.8,0,0,4.5,0,0.9,0,0.2,0,0,0.3,0,0.2,0,3,32.3,28.2,10.6,0.2,0,0,0,2.5,15.1,1.8,0,0.5,0,0,0,0.8,0,0,0,0,0,0,0,2.5,23.4,9.7,0,0,0,0,0,0,0,0,0,0,0,0,0,0,0,0,0,0,0,0,0,0,4.2,0,0,0,0,0,0,0,0,0,0,0,0,0,0,0,0,0,0,0,0,0,0,0,0,0,0,0,0,0,0,0,0,0,0,0,0,0,0.7,6.3,3.5,0,0,0,0,0,0,0,0,0,0,0,0,0,0,0,0,0,0,0,0,0,0.1,0,0,0,0,3.4,10.3,1.6,0,0,0
29.5,72.5,89,0,0,0,0,0,0,0,0,0,0,0,0,0,0,0,0,0,0,0,0,0,0,0,0,0,0,0,0,0.9,0,0,0,0,0,0,0,0,0,0,0,0,0,0,0,0,0,0,0,0,0,0,0,0,0,0,0,0,0,0,0,0,0,0,0,0,0,0,0,0,0,0,0,0,0,0,0,0,0,0,0,0,0,0,0,0,0,0,0,0,0,0,0,0,0,0,0,0,0,0,0,0,0,0,0,0,0,0,0,0,0,0,0,0,0,0,0,0,0,0.7,0,0,0,0,0,0,0,0,0,0,0,0,0,0,0,0,0,0,0,0,0,0,0,2.6,0,2.4,0,1.7,0,0,0,0,0,0,0,0,0,0,0,0,0,0,0,0,0,0,0,0,0,0,0,0,0,0,0,0,0,0,0,0,0,0,0,0,0,0,0,15.6,13.4,10.1,10.2,0,0,0,0,0,0,0,0,1.2,0,0,0,0,0,0,0,0,0,0,0,0,0,0,0,0,0.8,2.9,0,2.2,0,2.5,0,0,0,0,0,0,0,0,0,0,0,0,0,0,0,0.4,0,0.5,0,0,0,0,0,8.9,43.1,15.4,1.9,0,0,0,0,6.8,6.5,0.5,0.5,0,2.6,0,1.2,0,0,0,0,0,0,0,0,0,0,0,0,0,0,0,0,0,0,0,0,0,0,0,0,0,0,0,0,0,0,0,0,0,0,0,0,0,0,0,0,0,0,0,0,0,0,0,0,0,0,0,0,0,0,0,0,0,0,0,0,0,0,0,0,0,0,0,0,0,0,0,0,0,0,0,0,0,0,0,0,0,0,0,0,0,0,0,0.7,1.6,0,0,0,0,0,0.2,0,0,0,0,0,20.8,5.6,0,0,0
36.5,72.5,90,0,0,0,0,0,0,0,0,0,0,0,0,0,0,0.2,0,0,0,0,0,0,0,0,0,0,0,0,0,0,0,0,0,0,0,0,0.6,0,0,0,0,0,0,0,0,0,0,0,0,0,0,0,0,0,0,0,0,0,0,0,0,0,0.3,0.6,0,0,0,0,0,0,0,0.5,0,0,0,0,0,0,0,0,0,0,0,0,0,0,0,0,0,0,0,0,0,0.1,0,0,0,0,0.1,0,0,0,0,0,0,0,0,0,0,0,0,0,0,0,0,0,0,0,0,0,0,0,0,0,0,0,0,0,0,0,0,0,0,0,0,0,0,0,0,0,0,0,0,0,0,0,0,0,0,0,0,0,0,0,0,0,0,0,0,0,0,0,0,0,0,0,0,0,0,0,0,0,0.2,0,0,0,0,0,3.1,0.2,0,0.6,0.6,0,0.3,0,4.1,4.1,1.7,3.2,10.4,32.7,26.6,4.7,1.7,0,1.6,0,1.7,0.7,0,0,1.3,0,0.5,0.3,0,1.6,0.6,0,0,0,0.4,0,2,4.8,1.9,1.6,6.6,0.8,1.1,0,1.3,0,0.1,1.7,0,0,0,0,0,0,0,3.4,0,0.2,0.2,0,0,0,0,0.1,0,0,0,0.2,2.2,3,0,0,0.3,0.2,1,4.4,57.8,74.6,101.1,35.1,7.8,9.8,1.8,0.2,0,0,0,0,0,0,7.8,5.8,3.7,1.1,3.4,0,1.5,0.2,0,0,0,0,0,0,0,0,0.8,2.6,0.8,0.2,0,0,0,0,0,0.3,0,0,0,0,0,0,0,0,0,0,0,0,0,0,0,0,0,0,0,0,0,0,0,0.2,0,0,0,0,0,0,0,0,0,0,0,0,0,0,0.2,1.1,0.4,0,0,0,0,0,0,0,0.6,0,0,0,0,0.1,2.4,0.4,0,0,0,0,2.9,5.6,1.6,0.2,0,0,0,0.3,0.2,0,0,0
15.5,73.5,91,0,0,0,0,0,0,0,0,0,0,0,0,0,0,0,0,0,0,0,0,0,0,0,0,0,0,0,0,0,0,0.2,0.4,0,0,0,0,0,0,0,0,0,0,0,0,0,0,0,0,0,0,0,0,0,0,0,0,0,0,0,0,0,0,0,0,0,0,0,0,0,0,0,0,0,0,0,0,0,0,0,0,0,0,0,0,0,0,0,0,0,0,0,0,0,0,0,0,0,0,0,0,0,0,0,0,0,0,0,0,0,0,0,0,0,0,0.4,0,0,0.6,4.4,7.4,4.4,0,0.4,0.1,29.4,0,0.6,0,0,0,0,0.1,15.5,0.4,6.2,0,0,0,0,0,0,0,0,18.2,9,0.9,2.2,0.3,2.6,6.3,0,0,0,0,0,0,0,0,0,0,0,0,0,0,4.4,22.2,9.8,38.3,20.8,104.5,77.4,79.9,69.2,48.5,40.8,150.6,47.5,115.3,175.5,66.1,107.1,125,83.7,30.4,7.6,32.4,45.3,50.6,17.8,18.1,21.1,16.9,43.5,54.3,47.2,22.8,18.3,20.5,26.3,10.3,11.7,10.3,13.6,1.4,5.5,9.5,5.8,1.8,8.2,12.5,2.6,3,25.9,57.1,35.3,5.3,1.1,22.7,130.9,51.8,0,2,11.4,72.6,45,49.3,49.3,71.9,21.5,25.3,20.9,39.5,71.9,69.6,110.6,96.3,40.1,22.2,12.6,18.7,10.9,11,28,7.9,3.3,2.5,17.6,14.3,8.5,7.2,12.7,4.7,2.9,11.6,4.2,73.9,44.2,14.8,4,0,0.4,0,1,0,0,0,1.3,4.4,4.2,2.5,6.2,0,0,0.1,0,0,0.2,7.6,0.5,30,28.2,20.4,8.5,3.8,0,0,0,0,0,2.7,0.5,0,0,0,0,0,0,0,0,0,0,0,0,0,0,0,0,2.9,1.8,0,0,0,0,0,0,0,0,0,0,1.3,0,0,0,0,0,0,5.3,0.5,0,0,0,0,6,0.5,0.2,0,0,0,0,0,0,0,0,0,0,0,0,0,0,0,0,0,0,0,0,0,0,0,0,0,0,0,0,0,0
16.5,73.5,92,0,0,0,0,0,0,0,0,0,0,0,0,0,0,0,0,0,0,0,0,0,0,0,0,0,0,0,0,0,0,0,0.8,0,0,0,0,0,0,0,0,0,0,0,0,0,0,0,0,0,0,0,0,0,0,0,0,0,0,0,0,0,0,0,0,0,0,0,0,0,0,0,0,0,0,0,0,0,0,0,0,0,0,0,0,0,0,0,0,0,0,0,0,0,0,0,0,0,0,0,0,0,0,0,0,0,0,0,0,0,0,0,0,0,0,0,0,0.3,0,3.6,0,4.4,0,0,0,0,1.6,0,0,0,0,0,0,3.3,5.2,0,0,0,0,0,0,0,0,0,0,10.6,0.1,0,0.2,0,0,0,0,0,0,0,0,0,0,0,0,0,0,0,0,0,0.6,4,1.3,17.9,11.6,127.3,79.4,77.1,36.5,139.9,47.9,134,137.5,196.7,143.2,39,83.8,93.8,50.2,54.7,36.8,22.1,104.1,13.1,12.9,32.7,18.9,40.3,23.8,36.8,20.4,33.3,11.1,29.3,23,30,26,36.8,68.6,10.7,10.5,6.7,22.1,7.4,7.3,7.7,8.3,10.6,23.7,22.7,36.9,9.5,5.6,36.6,74.3,30.2,3.9,4.9,88.5,70.7,59.2,104.6,50,80,22,28.3,25.9,25.8,41.6,76,84.5,80.8,34.7,17.2,20.9,13.4,14.2,71.4,70.6,3.3,4.6,13.7,20.6,7.2,10.8,11.6,14,5.6,8.2,9.2,23.9,14.9,24.3,1.1,4.1,2.2,0.1,0,0,0,0,0,1.9,1,2.1,2.8,0.3,0,14.3,0,0,0,0,5.2,0,30.8,24.9,40.8,6.2,1.9,0,0.2,0,0,0,0,0,0,0,0,0,0,0,0,0,0,0,0,0,0,0,0,0,0,0,0,0,0,0,0,0,0,0,0,7.7,15.4,0,0,0,0,0,0,0,0,0,0,0,0,6.3,3.8,0,0,0,0,0,0,0,0,0,0,0,0,0,0,0,0,0,0,0,0,0,0,0,0,0,0,0,0,0,0
17.5,73.5,93,0,0,0,0,0,0,0,0,0,0,0,0,0,0,0,0,0,0,0,0,0,0,0,0,0,0,0,0,0,0,0,0,0,0,0,0,0,0,0,0,0,0,0,0,0,0,0,0,0,0,0,0,0,0,0,0,0,0,0,0,0,0,0,0,0,0,0,0,0,0,0,0,0,0,0,0,0,0,0,0,0,0,0,0,0,0,0,0,0,0,0,0,0,0,0,0,0,0,0,0,0,0,0,0,0,0,0,0,0,0,0,0,0,0,0,0,0,0,0.2,0,12.5,46,0,0,12.4,0,0,0,0,0,0,0,0,0,0,0,0,0,0,0,0,0,0,0,3.9,21,0,0,0,0,0,0,0,0,0,0,0,0,0,0,0,0,0,0,0,0,3.7,7.4,0,134.3,68.2,78.2,92.8,137.3,132.8,315.5,304,20.1,16.4,52.2,62.8,65.5,141.9,81.9,29.2,60.7,65.7,59.4,67.5,39.1,119.7,33.3,34,25.1,14.1,35.5,26.6,60.7,41.2,167.3,101.9,64.7,56.1,54,11.4,1.6,2.5,6.5,0.2,15.2,45.6,47.1,48.4,42,23.7,26.9,5.4,6.3,33,17.8,2.5,0.9,10.1,63.9,156.6,36.1,86.7,53.2,99.1,39.3,18.3,26.3,41.5,10.3,10.4,109.1,75,43,68.8,25.8,27.1,36.2,113.6,68.6,20.3,7,4.2,11.6,7.8,5.9,5.3,9.9,14.3,1.9,13.6,11.8,31.4,79.3,0,0,4.2,0,0,0,0,0,0,10,7,20.1,3.1,0.5,2.3,0,0,0,0,0.2,0,0,0,0,6.5,9.1,0,0.1,0,0,0,0,0.1,0,0,0,0,0,0,0,0,0,0,0,0,0,0,0,0,0,0,0,0,0,0,0,0,0,0,0,0,0,0,0,0,0,0,0,0,0,0.1,0,0,0,0,0,0,0,0,0,0,0,0,0,0,0,0,0,0,0,0,0,0,0,0,0,0,0,0,0,0,0,0,0,0,0,0
18.5,73.5,94,0.4,0,0,0,0,0,0,0,0,0,0,0,0,0,0,0,0,0,0,0,0,0,0,0,0,0,0,0,0,0,0,0,0,0,0,0,0,0,0,0,0,0,0,0,0,0,0,0,0,0,0,0,0,0,0,0,0,0,0,0,0,0,0,0,0,0,0,0,0,0,0,0,0,0,0,0,0,0,0,0,0,2.8,0,0,0,0,0,0,0,0,0,0,0,0,0,0,0,0,0,0,0,7.3,1.5,0,0,1.7,0,0,0,0,0,0,0,0,0,9.2,4.1,1.9,1.6,15.5,4.6,1.4,2.3,0.1,0,0,0,0,0,0,0,0,0,0,0,0,0,0,0,0,0,2.8,3.2,0,0,0,0,0,0,0,0,0,0,0,0,0,0,0,0,0,0,0,0,0,0,0,16,12.5,6.9,1.5,17.3,37.2,75.9,51.4,70.6,63.3,76.4,41.2,9.5,22.7,12.9,14.9,6.5,11.4,24.3,21.7,42.9,52.1,54.2,56.2,79.6,156.5,76.9,51.5,31.6,10.5,22.7,24.3,35.2,155.1,173,31.5,14.5,28.7,4,3.3,13.8,11.2,6,6.4,33.5,22.3,14.3,9.2,9.7,3.4,4.4,5.9,8.6,19.7,2.7,0.2,3,0.1,51.5,27.3,52.6,25.7,19.1,23.8,20.3,5.8,7.5,7.5,9.5,63.3,30,48.8,19.4,18.1,8.2,16.9,28.7,30,23.1,1.1,9.8,1.3,6.1,6.7,11.3,8.3,17.1,22.6,16.5,33.5,42.7,5.6,0,0.2,0,0,0,0,1,0,0.4,14.9,4.1,4.9,5.5,16.2,0,0,0,0,0,5.1,1.2,0,3.7,6.8,16.8,0.2,1.4,0,0,0,7.4,2.2,8.3,0,0,0,0,0,0,0,0,0,0,0,0,0,0,0,0,0,0,0,0,0,0,0,0,0,0,0,0.6,0,0,0,0,0,0,0,0,3.5,1.1,2.9,1.3,0,0,0,0,0,0,0,0,0,0,0,0,0,0,0,0,0,0,0,0,0,0,0,0,0,0,0,0,0,0,0,0,0,0
19.5,73.5,95,0,0.4,0,0,0,0,0,0,0,0,0,0,0,0,0,0,0,0,0,0,0,0,0,0,0,0,0,0,0,0,0,0,0,0,0,0,0,0,0,0,0,0,0,0,0,0,0,0,0,0,0,0,0,0,0,0,0,0,0,0,0,0,0,0,0,0,0,0,0,0,0,0,0,0,0,0,0,0,0,0,0,0,0,0,0,0,0,0,0,0,0,0,0,0,0,0,0,0,0,0,0,0,0.4,0,0.1,0,0,0,0,0,0,0,0,0,0,0,9.6,0,0,7.2,3.7,0,0,0,0,0,0,0,0,0,0,0,0,0,0,0,0,0,0,0,0,0,4.8,0,0,16.7,0,0,0,0,0,0,0,0,0,0,0,0,0,0,0,0,0,0,0,0,3.6,6.4,6.2,0.1,10.4,44.2,38.6,53.4,86.8,37.3,42.9,10.5,28.7,7.1,13,4.4,3.6,7.5,27.3,29.9,32.1,49.7,94.5,119.1,182.8,240.8,136.3,104.5,27.9,33.5,14.2,42.7,154.7,195.9,87.6,30,19.7,33.7,8.5,8.2,19.2,27,15.1,22.7,25,25.9,32.5,20.4,32.9,15.7,5.1,18.6,24,22.7,7.2,0,2.7,4.8,72.4,33,67.2,47.8,21.9,32.8,26.9,17.3,18.1,2.3,8.2,53.7,65.7,29,29.9,18.5,17.5,18.7,59.1,42.8,35.3,7.3,17.5,16.6,4.7,11.2,21.6,22.2,35.2,83.9,93.6,78.4,92.5,3.8,4.3,3.7,4.3,2.1,1.6,0.2,5.1,0.8,1.9,9.9,13.9,8.7,19.3,20.7,8.9,0,0,0,0,0,0,0,1.9,0.7,0,0.4,3,0,0.1,13.3,10.2,0.8,1.8,0,0,0,0,0,0,0,0,0,0,0,0,0,0,0,0,0,0,0,0,0,0,0,0,0,0,0,0,0,0,0,0,0,0,0,0,1.6,11.9,9.5,0,0,0,0,0,0,0,0,0,0,0,0,0,0,0,0,0,0,0,0,0,0,0,0,0,0,0,0,0,0,0,0,0,0,0
20.5,73.5,96,0,0.2,0,0,0,0,0,0,0,0,0,0,0,0,0,0,0,0,0,0,0,0,0,0,0,0,0,0,0,0,0,0,0,0,0,0,0,0,0,0,0,0,0,0,0,0,0,0,0,0,0,0,0,0,0,0,0,0,0,0,0,0,0,0,0,0,0,0,0,0,0,1.6,0.4,0,0,0,0,0,0,0,0,0,0,0,0,0,0,0,0,0,0,0,0,0,0,0,0,0,0,0,0,0,0,3.6,0,0,0,0,0,0,0,0,0,0,0,0,3,1.1,0,24.4,6.5,0,0,0,0,0,0,0,0,0,0,0,0,0,0,0,0,0,0,0,0,0,0,0,0,0,0,0,0,0,0,0,0,0,0,0,0,0,0,0,0,0,0,0,0,0,0,4.6,3.7,0,0,3.3,18.6,8.8,17.6,5.6,24.2,2.3,4.2,0.1,0,12.6,10.4,1.2,2.3,11.1,3.2,56.9,170.3,113.6,197.7,60.2,108.3,25.5,12.8,15.3,11.3,10,113.5,92.9,34.7,3.4,3.6,3.3,10.1,12.7,16.4,12.6,7.6,20.9,10.5,8.8,4.5,29.7,18.9,8.6,5.6,13.4,18.5,12,14.3,0.1,0,6.1,26.5,7.9,17.2,30.5,11.8,3.7,5.9,14.4,14.4,2.5,37.1,22.6,22.6,29.7,25.4,5.9,10.8,14.4,23.8,99.9,42.5,17.2,22.4,3.5,4.1,6.7,20.1,23.9,48.9,85.7,50.1,38.2,48.6,4.4,0,5.2,7.5,8.1,6.1,0.2,1.6,2.5,3.2,9.7,6.7,13.3,45.4,68.4,0.3,0,0,0,0,0,0,0,0,3.3,0,14.8,10.1,3.2,2.1,0.5,1.1,0.9,20.2,0,0,0,0,0,0,0,0,0,0,0,0,0,0,0,0,0,0,0,0,0,0,0,0,0,0,0,0,0,0,0,0,0,0,0,0,0,12.7,7,3.9,0.1,0.6,0,0,0,0,0,0,0,0,0,0,0,0,0,0,0,0,0,0,0,0,0,0,0,0,0,0,0,0,0,0,0,0
21.5,73.5,97,0.8,0,0,0,0,0,0,0,0,0,0,0,0,0,0,0,0,0,0,0,0,0,0,0,0,0,0,0,0,0,0,0,0,0,0,0,0,0,0,0,0,0,0,0,0,0,0,0,0,0,0,0,0,0,0,0,0,0,0,0,0,0,0,0,0,0,0,0,0,0,0,0,0,0,0,0,0,0,0,0,0,0,0,0,0,0,0,0,0,0,0,0,0,0,0,0,0,0,0,0,0,0,0,0,0,0,0,0,0,0,0,0,0,0,0,0,0,0,0,0,0,3.4,0,0,0,0,0,0,0,0,0,0,0,0,0,0,0,0,0,0,0,0,0,0,0,0,0,0,0,0,0,0,0,0,0,0,0,0,0,0,0,0,0,0,0,0,0,21.5,6.3,0,0.2,29.6,39,10,0.6,0,0,25.6,6.7,2.5,27.9,11.8,6,1.8,5.6,3,1.7,65.6,86.8,63.2,22.4,10.8,10.8,12.6,1.4,8.6,23.8,18.3,18.1,22.4,1.2,0,2,4.4,8.8,20.6,10.1,13.3,15.4,0.1,0.9,1.8,5.4,4.7,18.7,1.4,2,10.6,6.3,3.9,0,0.4,0,9.7,20.4,7.6,17,28,10.8,24.2,23.2,28.9,1.8,13.8,9.1,65.7,19.2,56.8,25,22.2,19.6,3.9,74.3,135.1,15.3,38.8,1.4,0,2.1,6.7,8.8,10.6,17.9,56.3,21.4,10.1,4.5,3.4,5.7,4.7,2,6.2,0,0,0,9.9,0,0.8,5.8,59.6,13.6,0,0,0,0,0,0,0,0,0,0,0,2.5,4.5,41.4,1.2,0,0,0,0,0,0,0,0,0,0,0,0,0,0,0,0,0,0,0,0,0,0,0,0,0,0,0,0,0,0,0,0,0,0,0,0,0,0,0,0,0,0,0.5,1.8,0.5,0,0,0,0,0,0,0,0,0,0,0,0,0,0,0,0,0,0,0,0,0,0,0,0,0,0,0,0,0,0,0,0,0,0
22.5,73.5,98,0,0,0,0,0,0,0,0,0,0,0,0,0,0,0,0,0,0,0,0,0,0,0,0,0,0,0,0,0,0,0,0,0,0,0,0,0,0,0,0,0,0,0,0,0,0,0,0,0,0,0,0,0,0,0,0,0,0,0,0,0,0,0,0,0,0,0,0,0,0,0,0,0,0,0,0,0,0,0,0,0,0,0,0,0,0,0,0,0,0,0,0,0,0,0,0,0,0,0,0,0,0,0,0,0,0,0,0,0,0,0,0,0,0,0,0,0,0,0,0,0,0,0,0,0,0,0,0,0,0,0,0,0,0,0,0,0,0,0,0,0,0,0,0,0,0,0,0,0,0,0,0,0,0,0,0,0,0,0,0,0,0,0,0,0,0,0,0,0,0,0,0,10.3,26.5,0.3,0,20.5,0,13.1,0.2,26.9,0,31.4,0,0,49.7,0,0,55.4,81.6,17.6,10.3,11.2,7.3,1.2,1.7,0,13.5,8.3,6.1,12.4,0,0,0,1.2,0,0.5,0.1,0,5.2,0,0,0.3,0,0,0,1.3,0,3.8,1,33.1,5.3,0.1,0,6.2,19.5,20.2,0,10.2,17.7,8.2,1.3,7,14.1,0,0,0,110.5,0.2,6.8,31.6,5.3,0,38.6,76.4,2.9,3.1,0.2,0,0,8.9,4.2,27.2,7,30.7,33.5,13,3.1,2.8,25.7,0,15.5,24.6,0,0,0,0,0,0,10.1,39.2,0,0,0,1.2,0,0,0,0,0,0,0.6,0,12.1,0,7,3.5,0,0,0,0,0,0,0,0,0,0,0,0,0,0,0,0,0,0,0,0,0,0,0,0,0,0,0,0,0,0,0,0,0,0,0,0,0,0,0,0,0,1.2,1.5,0,0,0,0,0,0,0,0,0,0,0,0,0,0,0,0,0,0,0,0,0,0,0,0,0,0,0,0,0,0,0,0,0,0,0
23.5,73.5,99,0,0,0,0,0,0,0,0,0,0,0,0,0,0,0,0,0,0,0,0,0,0,0,0,0,0,0,0,0,0,0,0,0,0,0,0,0,0,0,0,0,0,0,0,0,0,0,0,0,0,0,0,0,0,0,0,0,0,0,0,0,0,0,0,0,0,0,0,0,0,0,0,0,0,0,0,0,0,0,0,0,0,0,0,0,0,0,0,0,0,0,0,0,0,0,0,0,0,0,0,0,0,0,0,0,0,0,0,0,0,0,0,0,0,0,0,0,0,0,0,0,0,0,0,0,0,0,0,0,0,0,0,0,0,0,0,0,0,0,0,0,0,0,0,0,0,0,0,0,0,0,0,0,0,0,0,0,0,0,0,0,0,0,0,0,0,0,0,0,0,0,1,1.9,3.2,0.8,0.6,1.5,4.7,4.8,4.6,17.2,11.7,1.5,0,3.1,0,0,0,10.4,240.8,62,8.9,12.6,4.8,3.8,1.3,5,4.3,1.8,0.5,0,0,0,0,0,0,0,0,1.5,0,0,0,5.1,0,0,32,0.8,0,12.7,0,0,0,6.1,0,0,0,0,0,61,3.1,4.6,16.5,0,7.9,0,0,0,1.3,1.3,0,0,2.3,0,22.9,25.9,21.6,8.9,0,0,0,0,17.8,47,67.3,44.5,15.2,9.1,2.8,3.1,7.1,11.4,0,0,0,0,0,0,0,2,3.1,0,0,0,0,0,0,0,0,0,0,0,0,0,7.4,47,0,0,0,0,0,0,0,0,0,0,0,0,0,0,0,0,0,0,0,0,0,0,0,0,0,0,0,0,0,0,0,0,0,0,0,0,0,0,0,0,0,0,0,0,0,0,0,0,0,0,0,0,0,0,0,0,0,0,0,0,0,0,0,0,0,0,0,0,0,0,0,0,0,0,0,0,0,0,0,0
24.5,73.5,100,0,0,9.6,6.7,0,0,0,0,0,0,0,0,0,0,0,0,0,0,0,0,0,0,0,0,0,0,0,0,0,0,0,0,0,0,0,0,0,0,0,0,0,0,0,0,0,0,0,0,0,0,0,0,0,0,0,0,0,0,0,0,0,0,0,0,0,0,0,0,0,0,0,0,0,0,0,0,0,0,0,0,0,0,0,0,0,0,0,0,0,0,0,0,0,0,0,0,0,0,0,0,0,0,0,0,0,0,0,0,0,0,0,0,0,0,0,0,0,0,0,0,0.9,0,0,0,0,0,0,0,0,0,0,0,0,0,0,0,0,0,0,0,0,0.2,0,0,0,0,0,0,0,0,0,0,0,0.4,0.1,4.2,0,0.6,0.1,0,1.6,5.7,0,0,0,0,0,0,0,10.2,0,0.2,0,0,0,0,2.7,0,16.7,1.4,2.5,7.9,8.4,2.7,0.1,11.1,0.9,4.8,7.1,31.6,43,9.9,39.9,0.2,0.3,0.3,0.6,8,1.6,0,11,0.1,0,0,0,0,0.6,1.6,3.2,2.1,0,0.4,0,0,0.6,2,1,0,1,0,5.5,4.8,0,0,0,0,8,6,2,7.6,2.3,0,39.8,22.9,0.1,41.1,7.8,6.4,11.2,19.8,0,4.1,11.1,11.9,53.4,7.7,2.7,0,0,0,5.9,1.4,16.2,7.2,28.5,7.7,2.1,0,0.1,0,0.5,0,0,0,0,1.2,9.7,54.1,23.1,2.4,7,0,0,0,0,0,0,0,0,0,0.7,0.1,5,12.7,0,1.8,0.5,0,13.9,0.3,0,0,0,0,0,0,0,0,0,0,0,0,0,0,0,0,0,0,0,0,0,0,0,0,0,0,0,0,0,0,0,0,0,0,0,0,0,0,0,0,0,0,3.4,0,0,0,0,0,0,0,0,0,0,0,0,0,0,0,0,0,0,0,0,0,0,0,0,0,0,0,0,0,0,0,0
25.5,73.5,101,0,0,0.7,0,0,0,0,0,0,0,0,0,0,0,0,0,0,0,0,0,0,0,0,0,0,0,0,0,0,0,0,0,0,0,0,0,0,0,0,0,0,0,0,0,0,0,0,0,0,0,0,0,0,0,0,0,0,0,0,0,0,0,0,0,0,0,0,0,0,0,0,0,0,0,0,0,0,0,0,0,0,0,0,0,0,0,0,0,0,0,0,0,0,0,0,0,0,0,0,0,0,0,0,0,0,0,0,0,0,0,0,0,0,0,0,0,0,0,0,0,0,0,0,0,0,0,0,0,0,0,0,0,0,0,0,0,0,0,0,0,0,0,0,0,0,0,0,0,0,0,0,0,0,0.9,0.4,0,0,0,0.3,0,0,0,0,0,0,0,0,0,0,0,0,0,0.7,0,0,0,0,0,0,0,0,27.8,10.9,0,0,3,0,1.1,26.3,1.9,11.1,23.1,25.6,0.4,0,0,0,0.5,0,0,26.8,0,0,0,0,0.5,0,8.3,0,0,0,0,0,0,0.7,0.7,0,0,0,0,0,1,0.9,0,0,0,0.4,0,3.1,0,0,0,0.9,0.9,0.3,15.9,0.3,0,0.5,0,0,0,0,3,39.9,40.6,0.9,0,0,0,0,0,0.7,7.5,32.5,1.6,0,0,0,0.5,3.6,0,0,12,4.3,9.6,22.6,2.8,0,1.3,0,0,0,0,0,2.5,0,0,0,0,0,0,0,4.8,0,0,0,0,0,0,0,0,0.1,0,0,0,0,0,0,0,0,0,0,0,0,0,0,0,0,0,0,0,0,0,0,0,0,0,0,0,0,0,0,0,0,0,0,0,0,0,0,0,4.6,0,0,0,0,0,0,0,0,0,0,0,0,0,0,0,0,0,0,0,0,0,0,0,0,0,0,0,0,0,0,0,0
26.5,73.5,102,0,0,0,0,0,0,0,0,0,0,0,0,0,0,0,0,0,0,0,0,0,0,0,0,0,0,0,0,0,0,0,0,0,0,0,0,0,0,0,0,0,0,0,0,0,0,0,0,0,0,0,0,0,0,0,0,0,0,0,0,0,0,0,0,0,0,0,0,0,0,0,0,0,0,0,0,0,0,0,0,0,0,0,0,0,0,0,0,0,0,0,0,0,0,0,0,0,0,0,0,0,0,0,0,0,0,0,0,0,0,0,0,0,0,0,0,0,0,0,0,0,0,0,0,0,0,0,0,0,0,0,0,0,0,0,0,0,0,0,0,0,0,0,0,0,0,2.5,0,0,0,0,0,0,0,1.9,0,0,4.3,1.1,0,0.7,0,0,0,0,0,0,0,0,0,0.8,0,0,0,0,0,0,0,0,6.3,4.3,8,15,2.8,0.3,1.1,0,0.5,28.2,2.8,0,5.3,7.8,0.3,0.3,0,0,0.6,0,2.3,27.5,5.5,0.8,0,0,0,0,0,0,0,0,0,0,0,0.7,2.8,0,0,0,0,0,0.2,0,0,0,0,0,0,6.3,0.8,0,3,2.2,0,0,2.8,0,0,0,0,2,0,0,5.4,22.9,35.9,9.2,1.1,0,0,0,1.2,0,9.5,14.4,6.2,0,0,0,0.7,0.5,0,0,2.4,0,1.1,7.7,14.4,19.5,26.5,6.5,0,3.1,0,0,0,0,0,0,0,0,0,0,1.1,0,0,0,0,0,0,0,0,0,0.7,0,0,0,0,0,0,0,0,0,0,0,0,0,0,0,0,0,0,0,0,0,0,0,0,0,0,0,0,0,0,0,0,0,0,0,0,0,7,14,0,0,0,0,0,0,0,0,0,0,0,0,0,0,0,0,0,0,0,0,0,0,0,0,0,0,0,0.2,0,0,0,0
27.5,73.5,103,0.1,0,0,0,0,0,0,0,0,0,0,0,0,0,0,0,0,0,0,0,0,0,0,0,0,0,0,0,0.5,0,0,0,0,0,0,0,0,0,0,0,0,0,0,0,0,0,0,0,0,0,0,0,0,0,0,0,0,0,0,0,0,0,0,0,0,0,0,0,0,0,0,0,0,0,0,0,0,0,0,0,0,0,0,0,0,0,0,0,0,0,0,0,0,0,0,0,0,0,0,0,0,0,0,0,0,0,0,0,0,0,0,0,0,0,0,0,0,0,0,0,0,0,0,0,0,0,0,0,0,0,0,0,0,0,0,0,0,0,0,0,0,0,0,0,0,0,14.5,0,0,0.1,0,0,0,0,0,0.5,0,0,1.2,0,0,0,0,0,0,0,0,0,0,0,0,0,0,0,0,0,0,0,0,0,0,0,7.5,0.3,0.3,0.3,0,33,1.8,0.4,0.1,0,0,0,0,0,0,0,0,0,0.3,5.7,1,3.4,0,0,0,0,0,0,0,0,0,0,0,0.5,0,0,0,0,0,0,0,0,0,0,0,0,0.1,0,0,0,0,0,10.5,0,0,0,0,0,0,8.4,0,0.1,16.2,55.1,0.3,0.6,0,0,0,0,0.3,26.9,21.1,10.5,0,0,0,0.4,0,0,0,0,0,0,0.9,56.8,4,0.9,0,0,0,0,0,0,0,0,0,0,0,0,0,0,0,0,0,0,0,0,0,0,8.5,0,0,0,0,0,0,0,0,0,0,0,0,0,0,0,0,0,0,0,0,0,0,0,0,0,0,0,0,0,0,0,0,0,0,0,0,0,0.2,24.8,6.9,0,0,0,0,0,0,0,0,0,0,0,0,0,0,0,0,0,0,0,0,0,0.3,0,0,0,0,0,0.2,0,0,0,0
28.5,73.5,104,0,0,0,0,0,0,0,0,0,0,0,0,0,0,0.7,0,0,0,0,0,0,0,0,0,0.8,0,0,0,1.4,0,0,0,0,0,0,0,0,0,0,0,0,0,0,0,0,0,0,0,0,0,0,0,0,0,0,0,0,0,0,0,0,0,0,0,0,0,0,0,0,0,0,0,0,0,0,0,0,0,0,0,0,0,0,0,0,0,0,0,0,0,0,0,0,0,0,0,0,0,0,0,0,0,0,0,0,0,0,0,0,0,0,0,0,0,0,0,0,0,0.1,0.3,0,0,0,0,0,0,0,0,0,0,0,0,0,0,0,0,0,0,0,0,0,0,1.6,0,0,0,0,0,0,0,0,0,0,0,0,0,0,0,0,6.7,4.3,16.5,0,0,0,0,0,0,0,0,0,0,0,0,0,0,0,0,0,0,0,0,4.5,0,9.2,3.5,0,1.1,0.6,0.6,0.5,0,0,0,0,0,0,0,5.8,0,5.9,0,0,0,0,0,0,0,0,0,0,0,0,0,0,0,0.7,0,0,0,0,0,0,0,0,0,0,0,1.8,0.1,0,0,10.8,0,2.5,0,0,0,0,1.4,0,0.7,0,9,36.2,14.6,1,0,0,0,0,4.9,13.6,2.2,0,0.4,0,0,0,0.2,0,0,0,0,0,0,0.6,6.1,13.1,12.4,0,0,0,0,0,0,0,0,0,0,0,0,0,0,0,0,0,0,0,0,0,0,9.8,0,0,0,0,0,0,0,0,0,0,0,0,0,0,0,0,0,0,0,0,0,0,0,0,0,0,0,0,0,0,0,0,0,0,0,0,0,1.6,7.7,0.7,0,0,0,0,0,0,0,0,0,0,0,0,0,0,0,0,0,0,0,0,0,0.5,0.3,0,0,0,8.3,3.4,0,0,0,0
29.5,73.5,105,0,0,0,0,0,0,0,0,0,0,0,0,0,0,0,0,0,0,0,0,0,0,0,0,0,0,0,0,0.9,0,0,0,0,0,0,0,0,0,0,0,0,0,0,0,0,0,0,0,0,0,0,0,0,0,0,0,0,0,0,0,0,0,0,0,0,0,0,0,0,0,0,0,0,0,0,0,0,0,0,0,0,0,0,0,0,0,0,0,0,0,0,0,0,0,0,0,0,0,0,0,0,0,0,0,0,0,0,0,0,0,0,0,0,0,0,0,0,0,0,0,0,0,0,0,0,0,0,0,0,0,0,0,0,0,0,0,0,0,0,0,0,0,10,0,0,0,6.3,0,0,0,0,0,0,0,0,0,0,0,0,0,0,0,0,0,0,0,0,0,0,0,0,0,0,0,0,0,0,0,0,0,0,0,0.4,0,0,0,0,16.6,5.4,32,0,0,0,0,0,0,0,0,0,0,0,0,0,0,0,0,0,0,0,0,0,0,0,0,0,0.3,7.7,0,1.1,0,9.4,0,0,0,0,0,0,0,0,0,0,0,0,0,0,0,0,0,0,0,0,0,0,0.1,2.5,58.7,23.1,0.6,0,0,0,0,1.6,8.8,1.4,0,0,0.8,0,0,0,0,0,0,0,0,0,0,0,0,0,0,0,0,0,0,0,0,0,0,0,0,0,0,0,0,0,0,0,0,0,0,0,0,0,0,0,0,0,0,0,0,0,0,0,0,0,0,0,0,0,0,0,0,0,0,0,0,0,0,0,0,0,0,0,0,0,0,0,0,0,0,0,0,0,0,0,0,0,0,0,0,0,0,0,0,0,2.6,0.1,0,0,0,0,0,0,0,0,0,0,0.1,16.8,8.6,0,0,0
30.5,73.5,106,0,0,0,0,0,0,0,0,0,0,0,0,0,0,0.3,0,0,0,0,0,0,0,0,0,0,0,0,0,1,0,0,0,0,0,0,3.1,0,0,0,0,0,0,0,0,0,0,0,0,0,0,0,0,0,0,0,0,0,0,0,0,0,7.1,0,0,0,0,0,0,0,0,0,0,0,0,0,0,0,0,0,0,0,0,0,0,0,0,0,0,0,0,0,0.2,0,0,0,0,0,0,0,0,0,0,0,0,0,0,0,0,0,0,0,0,0,0,0,0,0,0,0.9,0,0,0,0,0,0,0,0,0,0,0,0,0,0,0,0,0,0,0,0,0,0,0,0,0,0,0,0,0,0,0,0,0,0,0,0,0,0,0.1,0,0,0,0,0,0,0,0,0,0,0,0,0,0,0,0.6,0,0,0,0,0,0,0,0,0,0,0,0,0,13.3,0,2.9,0,0,0,0,0,0,0,0,7.7,0,0,0,0,0,0,0,0,0,0.9,0,0,0,0,0,0,6.7,1.8,0.1,0,29.8,0,0,0,0,0,0,0.3,0,0,0,0,0,0,0,0,0.9,19.4,0,3,8.7,0,0,0,0,9.5,114.6,34.1,9.5,0,0,0,0,2.6,19.2,21.9,7.5,0,14.8,0,2.3,0,0,0,0,0,0,0,0,28.8,22.1,1.5,0.2,0,0,0,0,0,0,0,0,0,0,0,0,0,0,0,0,0,0,0,0,0.1,0,0,0,0,0,0,0,0,0,0,0,0,0,0,0,0,0,0,0,0,0,0,0,0,0,0,0,0,0.8,0,0,0,0,0,0,0,0,0,0,0,0,0,0,0,0,0,0,0,0,0,0,0,0,0,7.2,3.3,0,0,0,0,4.1,1.2,0,0,0,0,4.5,14.1,7,0,0,0
33.5,73.5,107,0,0,0,0,0,0,0,0,0,0,0,0,0,0,4.3,0,0,0,0,0,0,1.3,0,0,0,0,0,0,0,0,0,0,0,0,0,13.5,0,0,0,0,0,0,0,0,0,0,0,0,0,0,0.5,0,0,0,0,0,0,0,1,0.3,0,7.6,14.7,0,0,0,0,1.5,0,0,12.2,0,0,0,0,0,0,0,0,0,0,0,0,0,0,0,0,1.3,2.3,0,0,1.8,2,0,0,0,0,2.5,0.5,0,0,0,0,0,0,0,0,0,0,0,0,0,0,0,0,0.3,0,0,0,0.5,0,0,0,0,0.3,0,0,0,0,0.3,0,0,0,0,0,0,0,0,0,0,0,0,0,0,0,0,0,0,1,0,0,0,0,0,0,0,0,0,0,0,0,0,0,0.8,0,0,0,0,0,0,0,0,0,0,0,0,0,75.6,4.2,0,0,13.2,0,0,0,5.1,0,0,5.2,0,0,0,81.2,0,0,39,0,40.4,14.1,0,0,30.3,0,12.2,8,0,38.2,2.2,0,0,0,10,1,49,116.3,45,38.3,158.4,18.4,24.6,0,30.4,0,0,39.6,0,0,0,0,0,0,1.2,81.6,1.8,2.4,4,0,0,0,0,0,0,0,0,2,32.2,64.2,0,0,8,5,23.2,2.6,0,0,0,25.2,2,33.4,2.2,0,0,0,0,0,0,0,0,0,20.3,26.3,80.6,0,35.2,6,0,0,0,0,0,0,0,0,0,0,0,0,0,0,0,0,0,6.2,0,0,0,0,0,0,0,0,0,0,0,0,0,0,0,0,0,0,0,0,0,0,0,4.2,0,0,0,0,0.4,0,0,0,0,0,0,0,0,0,0,0,0,0,0,0,0,0,0,0,0,0,0,0,0,3.4,40.8,8.4,0,0,0,0,0,9.8,37.4,3.6,0,0,0,0.4,3.6,0,0,0
34.5,73.5,108,0,0,0,0,0,0,0,0,0,0,0,0,0,0,3.1,0,0,0,0,0,0,0.9,0,0,0,0,0,0,0,0,0,0,0,0,0,9.8,0,0,0,0,0,0,0,0,0,0,0,0,0,0,0.4,0,0,0,0,0,0,0,0.7,0.2,0,5.5,10.6,0,0,0,0,1.1,0,0,8.8,0,0,0,0,0,0,0,0,0,0,0,0,0,0,0,0,0.9,1.7,0,0,1.3,1.5,0,0,0,0,1.8,0.4,0,0,0,0,0,0,0,0,0,0,0,0,0,0,0,0,0.2,0,0,0,0.4,0,0,0,0,0.2,0,0,0,0,0.2,0,0,0,0,0,0,0,0,0,0,0,0,0,0,0,0,0,0,0.7,0,0,0,0,0,0,0,0,0,0,0,0,0,0,0.6,0,0,0,0,0,0,0,0,0,0,0,0,0,54.6,3,0,0.1,9.5,0,0.2,0,5.6,1.2,0.6,4.6,2.7,8.2,6.7,59,0.4,0,28.2,0,29.2,10.2,0,0,21.9,0,8.8,5.8,0,27.6,1.7,0,0,0,7.2,0.7,35.4,84,32.5,27.7,114.4,13.3,17.9,0,22,0,0,28.6,0,0,0,0,0,0,0.9,58.9,1.3,1.8,2.9,0,0,0,0,0,0,0,0,1.6,24.3,46.7,0,0,5.8,3.6,16.8,3,14.5,18.6,25.7,26.6,3.4,26.2,2,0,0,0,0,0,0,0,1.9,1.6,15.5,19,58.2,0,25.5,4.3,0,0,0,0,0,0,0,0,0.2,0.7,0.2,0,0,0,0,0,0,4.5,0,0,0,0,0,0,0,0,0,0,0,0,0,0,0,0,0,0,0,0,0,0,0,3,0,0,0,0,0.3,0,0,0,0,0,0,0,0,0,0,0.3,0,0,0,0,0,0,0,0,0.2,0,0,0,0,2.5,29.9,6.1,0,0,0,0,0.7,8.4,27,2.6,0,0,0,0.6,2.7,0,0,0
35.5,73.5,109,0,0,0,0,0,0,0,0,0,0,0,0,0,0,1.7,0,0,0,0,0,0,0.5,0,0,0,0,0,0,0,0,0,0,0,0,0,5.5,0,0,0,0,0,0,0,0,0,0,0,0,0,0,0.2,0,0,0,0,0,0,0,0.4,0.1,0,3.1,5.9,0,0,0,0,0.6,0,0,4.9,0,0,0,0,0,0,0,0,0,0,0,0,0,0,0,0,0.5,0.9,0,0,0.7,0.9,0,0,0,0,1,0.2,0,0,0,0,0,0,0,0,0,0,0,0,0,0,0,0,0.1,0,0,0,0.2,0,0,0,0,0.1,0,0,0,0,0.1,0,0,0,0,0,0,0,0,0,0,0,0,0,0,0,0,0,0,0.4,0,0,0,0,0,0,0,0,0,0,0,0,0,0,0.3,0,0,0,0,0,0,0,0.1,0,0,0,0,0,30.4,1.7,0,0.3,5.3,0,0.3,0,5.4,2.5,1.2,3.9,6.1,18.9,15.4,33.5,1,0,15.7,0,16.3,5.8,0,0,12.2,0,4.9,3.2,0,15.4,1.2,0,0,0,4,0.4,19.7,46.8,18.2,15.5,63.8,7.4,10.1,0,12.2,0,0,16,0,0,0,0,0,0,0.5,32.9,0.7,1.1,1.6,0.1,0,0,0,0,0,0,0,1,14.3,26.3,0,0,3.2,2,9.3,3.6,33.4,43,58.8,29.7,5.3,18.3,1.9,0,0,0,0,0,0,0,4.5,3.5,9.9,10.6,32.5,0,14.2,2.4,0,0,0,0,0,0,0,0,0.5,1.5,0.4,0,0,0,0,0,0,2.5,0,0,0,0,0,0,0,0,0,0,0,0,0,0,0,0,0,0,0,0,0,0,0,1.7,0,0,0,0,0.2,0,0,0,0,0,0,0,0,0,0.2,0.7,0.2,0,0,0,0,0,0,0,0.4,0,0,0,0,1.4,17.1,3.4,0,0,0,0,1.7,7,15.1,1.5,0,0,0,0.6,1.6,0,0,0
36.5,73.5,110,0,0,0,0,0,0,0,0,0,0,0,0,0,0,1,0,0,0,0,0,0,0.3,0,0,0,0,0,0,0,0,0,0,0,0,0,3,0,0,0,0,0,0,0,0,0,0,0,0,0,0,0.1,0,0,0,0,0,0,0,0.2,0,0,1.7,3.3,0,0,0,0,0.3,0,0,2.7,0,0,0,0,0,0,0,0,0,0,0,0,0,0,0,0,0.3,0.5,0,0,0.4,0.5,0,0,0,0,0.6,0.1,0,0,0,0,0,0,0,0,0,0,0,0,0,0,0,0,0,0,0,0,0.1,0,0,0,0,0,0,0,0,0,0,0,0,0,0,0,0,0,0,0,0,0,0,0,0,0,0,0,0,0.2,0,0,0,0,0,0,0,0,0,0,0,0,0,0,0.2,0,0,0,0,0,0,0,0.2,0,0,0,0,0,16.8,0.9,0,0.5,2.9,0,0.3,0,4.8,3.3,1.4,3.5,8.3,25.8,21,19.1,1.4,0,8.7,0,9,3.2,0,0,6.7,0,2.7,1.8,0,8.5,0.9,0,0,0,2.2,0.2,10.9,25.8,10,8.6,35.2,4.1,5.6,0,6.8,0,0,8.8,0,0,0,0,0,0,0.3,18.1,0.4,0.7,0.9,0,0,0,0,0.1,0,0,0,0.6,8.3,14.6,0,0,1.8,1.1,5.2,4,45.6,58.8,79.9,32.4,6.6,14,1.9,0.1,0,0,0,0,0,0,6.1,4.6,6.8,5.9,17.9,0,7.9,1.3,0,0,0,0,0,0,0,0,0.7,2.1,0.6,0.1,0,0,0,0,0,1.4,0,0,0,0,0,0,0,0,0,0,0,0,0,0,0,0,0,0,0,0,0,0,0,0.9,0,0,0,0,0.1,0,0,0,0,0,0,0,0,0,0.2,0.9,0.3,0,0,0,0,0,0,0,0.5,0,0,0,0,0.8,9.7,1.9,0,0,0,0,2.3,6.3,8.3,0.8,0,0,0,0.4,0.9,0,0,0
12.5,74.5,111,0,0.4,0.7,0,0,0,0,0,0,0,0,0,0,0,0,0,0,0,0,0,0,0,0,0,0,0,0,0,0,0,0,0,0,0,0,0,0,0,0,0,0,0,0,0,0,0,0,0,0,0,0,0,0,0,0,0,0,0,0,0,0,0,0,0,0,0,0,0,0,0,0,0,0,0,0,0,0,0,0,0,0,0,0,0.3,0,0,0,0,0,0,0,0,0,0,0,0,0,0.2,0,0,0,0,0,0.9,0,0,0,0,1.2,5,1.7,0.2,0,0,0.2,0,0.2,3,2.2,1.7,0,2.5,41.5,0,3.4,40.7,1.1,0,0,0,0,5.6,9.5,10.6,5.1,0.4,1.2,14.1,0.3,0,0,0.2,0,0.4,2.5,8.4,15,0.5,14.7,8.2,4.1,6.4,0.1,0,16.3,2.5,0,0,0,0,0,0,0,7.6,3,53.6,49.1,102.1,80.5,62.7,69.7,85.4,107,41.9,69.3,5.2,20.6,77.6,128.4,140.1,89.5,109.4,36.1,61.2,27.1,27.1,6.4,4.4,9.7,2.7,18,36.6,55.9,9.7,60.6,93,37.9,12.5,43.3,20.4,1.5,6.2,19.8,65,5.5,4.7,74.9,24.9,8.1,19.3,61.6,3.3,7.2,5.5,38.8,0.5,5.7,21.6,7.1,31.6,7.2,7.4,27.8,24.5,23.2,10.4,44.6,15,14,7.4,7.6,7.1,51.8,78.9,75.9,25.4,19,2.9,5.3,12.5,12.9,19.7,6.4,8.2,14,11.2,1.4,6.5,4.5,8.1,0.8,6,33.9,8.3,5.1,11,4.4,0.8,1.5,0.6,0.3,0.3,0,0,0.9,1.3,1.6,7.2,0.3,1.3,0.3,0.5,4.1,1.3,0.3,0.2,0.2,0.1,0.5,6,39.1,7.7,2.3,4.2,0.4,1,0.4,0.3,7,4,16.2,17.2,5.4,0.2,0.3,0,0,0,0,0,0,0,2.7,0.4,3.6,0,0,0,4.3,0,0,0,0,0,0,0,0,0,0.2,0,1.9,0,0,0,2.9,15.7,46.4,28.1,0,0,0,0,0,0.2,2,0,0,0,0,0,0,0,0,0,0,0,0,0,0,0,0,0,0,0,0,0,0,0,0,0,0,0,0,0,0
13.5,74.5,112,1.4,0,0,0,0,0,0,0,0,0,0,0,0,0,0,0,0,0,0,0,0,0,0,0,0,0,0,0,0,0,0,0,0,0,0,0,0,0,0,0,0,0,0,0,0,0,0,0,0,0,0,0,0,0,0,0,0,0,0,0,0,0,0,0,0,0,0,0,0,0,0,0,0,0,0,0,0,0,0,0,0,0,0,0,0,0,0,0,0,0,0,0,0,0,0,0,0,0,0,0,0,0,13.3,0,0,0,0,0,0,6.6,1.2,0,0,0.1,0.1,0,1,0.3,19.6,0,0.5,19.5,45.8,4.2,2.3,48.1,1.4,5.3,0,0,0,2,0.1,0,5.4,0,0.5,0,0,0,0,0,0,0.1,0.1,1.5,12.3,23,2.7,10.5,12.4,11.1,0,2.4,0,0.1,0,0,0,0,0,0,0,0.6,9.3,68.6,29.9,44.1,94.1,26,92.6,63.5,168.3,97,104.1,54.5,79.5,37.7,130,200.3,125.8,121.6,78.4,51,34.8,34,14.1,22.4,21.8,20.7,10.6,29,102.2,33.6,52.7,69.7,16.4,18.5,38.1,37.5,10.1,9.4,12.2,84.1,15.3,13.3,83,43.2,13.6,22.2,70.8,9.2,6.8,12.2,35.4,4.3,3.9,25.4,13.2,32.3,12,8.7,17.7,34.9,43.5,27.7,45.2,28.9,28.1,19.2,16.8,21.9,60.1,92.3,60.7,30.7,23.7,9,24.6,21.3,23.6,27,37,8.4,8.2,7,4.3,22.8,14.3,7.7,6.3,44.2,69.5,23.1,6.8,39.9,20.1,39.8,8.8,0.9,1.7,1.4,0.3,0,1.6,1.5,1.8,7.3,18.3,8.2,0.5,2.2,4.4,3.7,4.6,2,0,0,3.3,0,50.5,19,4.7,2.1,2.1,1.3,12.6,12.4,1.9,0,4.7,2,0,0,0,0,0,0,0,0,0,0,0,0,0.3,0,0,0,1.6,0,0,0,0,0,0,0,0,0,0,0,0,0,0,0,0,10.8,6.6,2.4,0,0,0,0,0,0,0.3,0,0,0,0,0,0,0,0,0,0,0,0,0,0,0,0,0,0,0,0,0,0,0,0,0,0,0,0,0,0
14.5,74.5,113,0,0,0,0,0,0,0,0,0,0,0,0,0,0,0,0,0,0,0,0,0,0,0,0,0,0,0,0,0,0,0,0,0,0,0,0,0,0,0,0,0,0,0,0,0,0,0,0,0,0,0,0,0,0,0,0,0,0,0,0,0,0,0,0,0,0,0,0,0,0,0,0,0,0,0,0,0,0,0,0,0,0,0,0,0,0,0,0,0,0,0.2,0,0,0,0,0,0,0,0,0,0,0,0,0,0,0,0,0,0,4.8,0,0,0,0,19.1,0,2.6,14.6,12.8,0.6,12.2,1.3,0.3,0,4.2,26.2,0,2.8,0,0,0,0,0,0,0.3,7.9,0,0,0,0,0,0,0,0,24.2,2.2,16.8,1.8,22.5,58.7,0,26.1,0.6,0,0,0,0,0,0,0,0,0.1,0,0,16.1,38,24.3,28.6,78.7,21.1,109.1,68.3,92.3,79.6,95.2,59,36.7,17.7,92.9,202.1,115.5,109,119.2,106.7,39.2,14.9,27.9,48.5,22.3,27.3,11.9,12.9,21.6,38.2,75.1,134.5,9.4,15.3,12.9,34.9,13.1,11,24.9,24.2,21.3,23.4,54.4,13.5,4.9,2.8,52.4,13.3,7.3,18.5,25.9,3.9,13,34.3,26.8,4.7,3.8,2.1,1.7,54.8,71.5,24.9,38.2,29.1,18.4,39.7,11.2,51,56.1,115.8,76.4,20.6,35.4,11.6,14,13.2,11.8,19.5,22,25.4,12.3,6.4,9.6,14.6,20.1,13.2,8.9,21.2,14.1,23.6,19.5,21.6,93.2,116,32.9,2.1,0.3,0.3,0,0.4,0,2.2,0,8.3,1.5,0.4,0,0.2,1.9,0,0,0,0,0,0,0,13.7,19,4.6,0,1.4,0,7.5,4.4,0,0,2.1,0,0,0,0,0,0,0,0,0,0,0,0,0,0,0,0,0,15.3,0,0,0,0,0,0,0,0,0,0,0,0.4,0,0,0,0,0.4,18.4,0.9,0,0,0,0,0,3.1,0,0.1,0,0,0,0,0,0,0,0,0,0,0,0,0,0,0,0,0,0,0,0,0,0,0,0,0,0,0,0,0
15.5,74.5,114,0,0,0,0,0,0,0,0,0,0,0,0,0,0,0,0,0,0,0,0,0,0,0,0,0,0,0,0,0,0,0,0,0,0,0,0,0,0,0,0,0,0,0,0,0,0,0,0,0,0,0,0,0,0,0,0,0,0,0,0,0,0,0,0,0,0,0,0,0,0,0,0,0,0,0,0,0,0,0,0,0,0,0.9,0.3,9.7,0,0,0,0,0,1.1,3.3,0,1.2,0,0,0,0,0,0,0,0,0,0,0,0,0,0,0,4.1,0,7.7,0,0,3.4,0,0,11.3,0,1.8,7.6,5.9,7.5,2.5,4.6,24.3,0,0.9,0,0,0,0,0,13.2,0.5,11.5,0,0.7,0,0,0,1.8,0,1.2,31.8,0,0,1.3,14.9,16.1,1.4,0.5,0,0,0,0,0,0,0,0,0,0,0,0,2.5,1.7,1.8,0,16.8,8.2,28.3,19.7,51.2,12.8,54.2,49.8,71.7,58.2,23.7,17,44.8,35.5,85.7,87.7,23.2,17.3,16.2,16.9,32.3,93.8,91.5,86.5,152.8,41.9,55.6,55.9,41.9,60.4,38.1,74.5,66,35.2,74.3,41.9,7.1,8.4,1.3,1.7,2.6,2.2,11.8,9.5,6.2,10.4,15.6,2.7,6.8,0.4,1.1,4.7,0,0.2,2.4,13.7,19.7,2.2,9.3,18.6,53,13.1,18.1,9.8,9.3,8.2,37.7,28.3,11.3,12.3,13.1,8.7,9.4,10.1,20.1,16.8,9.6,0.2,0.5,4.6,0.9,4.3,6.3,8.7,4.8,4.3,9.5,6.6,19.1,16.3,1.5,0.5,0,0,3.9,0,0,0,0,0.8,0,0,0.1,0,0,2.2,0,0,0,7.9,11.9,0,32,45.4,13.4,0.3,0.3,0,0,0,0,0,3.5,1.3,0,0,0,0,0,0,0,0,0,0,0,0,0,0,0,0,8.6,0,0,0,0,0,0,0,0,0,0,1.4,4.4,1.3,0,0,0,0,0.6,18.5,0,0,0,0,0,19.8,0.1,0,0,0,0,0,0,0,0,0,0,0,0,0,0,0,0,0,0,0,0,0,0,0,0,0,0,0,0,0,0
16.5,74.5,115,0,0,0,0,0,0,0,0,0,0,0,0,0,0,0,0,0,0,0,0,0,0,0,0,0,0,0,0,0,0,0,0,0,0,0,0,0,0,0,0,0,0,0,0,0,0,0,0,0,0,0,0,0,0,0,0,0,0,0,0,0,0,0,0,0,0,0,0,0,0,0,2.4,0,0,0,0,0.6,0,0,0,0,6.4,1.2,0,0,0,0,0,0,0,0,0,0.8,1,0,0,0,0,0,0,0,0.5,0.4,0.2,1.4,1.8,5.1,0.1,0,5.3,0,0,0,0,0.3,0,0.3,10.9,8.3,0.4,27,5.9,0.2,0,0,19,0,0.3,0,0,0,0,0,4.2,0,0,0,0,0,0,0,0,0,0,11.3,0,4.3,0.6,0,5.8,0.5,1,0,0,0,0,0,0,0,0.5,0.2,1,1.1,0,0,0,0,0,0,0,0,0,2,0.5,13.4,2.2,5.3,15.7,6.7,2.3,3.1,2.5,3.3,2.8,5.3,11.7,1.6,6.4,0.5,17.9,12,21.5,51.2,5.9,12.4,8.6,23.3,4.3,4.8,14.6,22.5,7.4,0.6,3.6,0.4,0,0,0,0,0,0,0,0,0,9.5,3,0,0,0,0,0,0,1.4,3.6,5.5,1.8,4.2,7.1,4.4,4.1,7.8,5.9,7.2,1.7,0,6,9.3,4.1,2.2,1.9,0,0.6,10.1,6.4,0,0,0,0,0,0,0.6,1.3,3.1,0,0.2,2.4,0,0,0,0,0,0,0,0,0,0,0,0,1.2,0,0,0,0,1.3,0,0,0,3.3,0,0,7.5,10.2,0.7,0,0,0,0,0,0,0,0,0,0,0,0,0,0,0,0,0,0,0,0,0,0,0,0,0,0,0,0,0,0,0,0,0,0,0,0,1,0,0,0,0,0,0,0,0.3,0.2,0,0,0.2,11.5,0,0.8,0,0,0,0,0,0,0,0,0,0,0,0,0,0,0,0,0,0,0,0,0,0,0,0,0,0,0,0,0,0
17.5,74.5,116,0,0,0,0,0,0,0,0,0,0,0,0,0,0,0,0,0,0,0,0,0,0,0,0,0,0,0,0,0,0,0,0,0,0,0,0,0,0,0,0,0,0,0,0,0,0,0,0,0,0,0,0,0,0,0,0,0,0,0,0,0,0,0,0,0,0,0,0,0,0,0,0,0,0,0,0,0,0,0,0,0,0.6,0.1,0,0,0,0,0,0,0,0.2,0.2,0.9,3.8,0,0,0.5,0,0,0,0,0.3,0.7,0,0,1.9,0.6,0,0,2.7,0,0,0,0,0,0,2.2,3,0.9,4.6,2.3,13.5,0,0,0,0,0,0,0,0,0,0,0,35.4,0,2,0,0,0,0,0,0,0,0,1.2,7.6,25.4,2.4,0.2,0,0.2,0,5,0,0,0,0,0,0,0,2.6,0,0,0,0,0.9,3.3,0,0,0,0,0.5,0,0,0,0,0,0.7,0.6,0,0,0.5,0,0,0.1,2,0.1,1.7,1.7,10.4,2.5,13.2,28,0.7,1.2,1.6,2.3,4.1,1,21.2,9.9,0.7,0,0,0,0,0,0,0,0,0,0,0,0,0.2,0.2,0.6,0,0,0.3,2.5,1.3,32.3,5,7.5,0.2,0,0.1,1.3,11.7,4.1,0.8,1.4,18.9,3.5,4,0.6,0,0,0,0,0.6,14.3,4.1,3.1,0,0,4.6,0,0,0,0.2,0.2,0,0,0,0,0,0,0,0,0,0,0,0,0,0,0.2,0,0.6,0,0,5.2,0,0.9,0,0.5,9.9,0,0,5.9,14.4,5.4,0,0,0.4,2.7,2.3,4.5,0,0,0,0,0,0,0,0,0,0,0,0,0,0,0,0,0,0,0,0,0,0,0,0,0,0,0,0,0,0,0,0,0,0,0,0,0,8.3,6.3,0,0,0,0,0,0,0,0,0,0,0,0,0,0,0,0,0,0,0,0,0,0,0,0,0,0,0,0,0,0,0,0,0,0,0,0,0
18.5,74.5,117,0,0,0,0,0,0,0,0,0,0,0,0,0,0,0,0,0,0,0,0,0,0,0,0,0,0,0,0,0,0,0,0,0,0,0,0,0,0,0,0,0,0,0,0,0,0,0,0,0,0,0,0,0,0,0,0,0,0,0,0,0,0,0,0,0,0,0,0,0,0,0,0,0,0,0,0,0,0,0,0,0,0,0.2,0,0,0,0,0,0,0,0,0,0,0,0,0,0,0,0,0,0,0,0,0,0.4,3.5,0,0,0,0,0,0,0,0,0,0,4.9,2.8,6.1,0.8,0.3,0,0,0,0,0,0,0,0,0,0,0,0,0,3.7,0,0,0,0,0,0,0,0,0,0,0.3,0.5,0,0,0,0,0,0,0.1,0,0,0,0,0,0,0,0,0,0,0,0,3.1,2.8,1.6,0,0,0,0,0,0,0,0,0.1,1.4,0,0,8.3,5.8,0,1.1,2.2,0,0,1.3,3.5,0.9,36.9,12.8,1.4,18.5,0,0.6,0,0.1,19.9,10.1,0,32.3,0,0,0,0,0,0,0,0,0,0,0,0,0,0.5,0,0,0,8.7,38.2,0.5,47.1,0.3,0.2,0,0,0.2,13.8,5.5,0,5.8,54.3,3,10.7,0,0,0,8.7,1.4,0.9,23.1,4.2,2.1,0,6,0.1,0.8,0,0.5,1.1,0,0,0,0,0,0,0,0,0,0,0,0,0,0,0,0.1,0,0,0,0,0,0,0,0,0,11.2,4.4,0.3,1.9,5.2,13.9,0,0,4.3,3.9,0,0,0,0,0,0,0,0,0,0,0,0,0,0,0,0,0,0,0,0,0,0,0,0,0,0,0,0,0,0,0,0,0,0,0,0,0,0,0,3.5,0.7,3.7,12.2,5.2,0,5.3,0.5,0.1,0,0,0,0,0,0,0,0,0,0,0,0,0,0,0,0,0,0,0,0,0,0,0,0,0,0,0,0,0,0
19.5,74.5,118,0,0,0,13.4,5.2,0,0,0,0,0,0,0,0,0,0,0,0,0,0,0,0,0,0,0,0,0,0,0,0,0,0,0,0,0,0,0,0,0,0,0,0,0,0,0,0,0,0,0,0,0,0,0,0,0,0,0,0,0,0,0,0,0,0,0,0,0,0,0,0,0,0,0,0,0,0,0,0,0,0,0,0,0.2,0,0,0,0,0,0,0,0,0,0,0,0,0,0,0,0,0,0,0,0,0,0,0,0,0,0,0,0,0,0,0,0,0,1.7,1.7,1.4,0.6,0,1.2,0,0,0,0,0,0,0,0,0,0,0,0,0,0,0,0,0,0,0,0,0,0.2,0,0,0,0,0,0,0,0,0,0,0,0,0,0,0,0,0,0,0,0,0,0,0.1,7.7,6.4,4.4,0,0,0,0,0,0,1.7,0.1,3.2,1.8,1.2,28,38.7,3,0,6.7,2.5,0.3,0,0.2,3,26.4,8.1,19.2,20.1,0.2,0.1,0.1,0.1,1.9,11.4,0.7,0,0,0,0,0,0,0.1,0,0,0,0.2,0.7,0,0.1,0.7,1.5,0.1,0,0.3,1,61.1,7.6,31.6,6.8,6.2,3,0,1.9,12,8.7,1.9,2.4,5.4,8.1,2.7,0.4,0.7,0.2,0.4,7.5,29.9,9.7,7.7,2.8,0,0,0,0,0,0.9,2.5,0.4,0,0,0,2.1,0.7,0,0,0,0,0,0,0,0,6.3,2.4,0.2,0,0,0.2,0.1,0,0,0,0,0,0,0,7.4,1.7,0.2,1.7,5.2,26,2.9,0.6,0,0,0,0,0,0,0,0,0,1.6,22.9,0,0,0,0,0,0,0,0,0,0,0,0,0,0,0,0,0,0,0,0,0,0,0,0,0,0,0,0,1.8,28.4,46.9,0.2,0,2.8,0.5,0,0,0,0,0,0,0,0,0,0,0,0,0,0,0,0,0,0,0,0,0,0,0,0,0,0,0,0,0,0,0
20.5,74.5,119,0,0.9,0,0.2,0.2,0,0,0,0,0,0,0,0,0,0,0,0,0,0,0,0,0,0,0,0,0,0,0,0,0,0,0,0,0,0,0,0,0,0,0,0,0,0,0,0,0,0,0,0,0,0,0,0,0,0,0,0,0,0,0,0,0,0,0,0,0,0,0,0,0,0,0,0,0,0,0,0,0,0,0,0,0,2.6,0,0,0,0,0,0,0,0,0,0,0,0,0,0,0,0,0,0,0,0.3,0.7,0,0,0,0,0,0,0,0,0,0,0,0,2,25.1,0.5,0.3,0.1,0,0,0,0,0,0,0,0,0,0,0,0,0,0,0,0,0,0,0,0,0,0,0,0.4,4.5,0.6,0,0,0,0,0,0,0,0.2,0,0,0,0,0,0,0,0,0,0,1.2,0.2,28,0,6.1,0,0,0,0.1,0,0,25.8,20.2,0.4,1.1,0,1.2,0.3,3.6,0,3.5,0.2,0,28.8,9.3,22.4,3.6,16.9,0.3,0,3.5,0,0.2,3.9,6.3,0.2,0,0,0,0,0,0,0,0,0,0,0,0,0,2.3,0,0,0,0.2,6.6,12.2,12.5,4.1,24.3,58.3,4.4,32.6,0,7.8,3.8,18.5,12.3,9.7,5.5,37.8,6.5,0.6,22.2,0.1,3.2,17.1,25.2,12.3,27.5,10.2,0,0,0,0,0,0,0.1,0.1,0.7,0.2,0.2,5.3,0,0,0,0,0,0,0,0,0,0.1,0.3,0,0,0.2,2.4,0,0,0.6,3.8,0,0,0,0,0.7,1.1,1.3,4.9,3.5,2.4,17.5,0,0,1.8,0,0,0,0,0,0,0,0,0,0,0,0,0,0,0,0,0,0,0,0,0,0,0,0,0,0,0,0,0,0,0,0,0,0,0,0,0,0.1,13.2,16.5,0.3,0,0.4,0,0,0,0,0,0,0,0,0,0,0,0,0,0,0,0,0,0,0,0,0,0,0,0,0,0,0,0,0,0,0,0
21.5,74.5,120,0,0,0,0,0,0,0,0,0,0,0,0,0,0,0,0,0,0,0,0,0,0,0,0,0,0,0,0,0,0,0,0,0,0,0,0,0,0,0,0,0,0,0,0,0,0,0,0,0,0,0,0,0,0,0,0,0,0,0,0,0,0,0,0,0,0,0,0,0,0,0,0,0,0,0,0,0,0,0,0,0,0,0,0,0,0,0,0,0,0,0,0,0,0,0,0,0,0,0,0,0,0,0,0,0,0,0,0,0,0,0,0,0,0,0,0,15.3,0.8,0,1.3,1.3,0,0,0,0,0,0,0,0,0,0,0,0,0,0,0,0,0,0,0,0,0,0,0,1.2,0,0,0,0,0,0,0,0,0,0,0,0,0,0,0,0,0,0,0,0,0,0,0,7.3,0.2,0,0,13.7,14.7,0.2,0.4,0,0,14,1.4,3.1,4.8,24.8,5,0,17.4,0,1.4,32.5,69,17.8,1.5,1.1,2.1,1,7.6,0,11.3,18.5,3.6,131.5,2.5,0,0,5.2,4.9,5.9,34.5,46.9,50.1,0,1,0,2.9,0,0,0,2,5.8,22.5,1.4,0,0,0.1,0,0.3,0.2,0,7.7,5.8,21.5,11.4,5.2,0.3,0,17.3,21.5,1.6,0,1.7,5.4,21.6,0.5,19.5,80.9,2,5.2,0,0.1,3.1,4.6,12.3,1.7,0.5,8,4.6,13.7,0.2,0,1.7,1.8,0,7.3,0.1,3.1,1,0,0,0,2.2,8.1,1.6,0,0,0.2,0.7,0,0,0,0,0,0,0,3.3,38,2,1.5,0,0,0.3,2.9,0,0,0,0,0,0,0,0,0,0,0,0,0,0,0,0,0,0,0,0,0,0,0,0,0,0,0,0,0,0,0,0,0,0,0,0,0,6.1,2.7,0,0.1,0.2,0,0,0,0,0,0,0,0,0,0,0,0,0,0,0,0,0,0,0,0,0,0,0,0,0,0,0,0,0,0,0,0
22.5,74.5,121,0,0,0.4,0.2,0.2,0,0,0,0,0,0,0,0,0,0,0,0,0,0,0,0,0,0,0,0,0,0,0,0,0,0,0,0,0,0,0,0,0,0,0,0,0,0,0,0,0,0,0,0,0,0,0,0,0,0,0,0,0,0,0,0,0,0,0,0,0,0,0,0,0,0,0,0,0,0,0,0,0,0,0,0,0,1.4,0,0,0,0,0,0,0,0,0,0,0,0,0,0,0,0,0,0,0,0,0,0,0,0,0,0,0,0,0,0,0,0,0,0,0,9,1.9,0,0,0,0,0,0,0,0,0,0,0,0,0,0,0,0,0,0,0,0,0,0,0,0,0,0,0,0,0,0,0,0,0,0,0,0,0,0,0.5,0,0,0,0,0,0,0,0,0,0.3,0,0,0,0.6,18.6,0.3,1.1,0.7,0.2,0.4,0.5,24.5,18,0.7,12.1,0.9,7.3,0.6,0.6,25,165,110.3,3.6,1.7,2.4,15.1,11.2,0.2,5.1,12.3,12.5,12.4,2.9,0,0,1,1.5,0.3,23,0.7,19.7,0.8,0.8,1,0.7,1.4,2.6,0.7,1.1,6.3,10.5,10.4,0.5,5.4,0,0.4,0,4.4,4.5,17.1,29.4,36.5,8.8,6.3,12.5,0.9,5.1,0.9,38.9,0,5.3,50.6,9.7,5.1,23,91.8,6.8,2.1,0,0,0,4.4,8.2,6.1,51.6,17.3,6.2,10.7,1.3,2.2,3.8,1.9,11.2,0,0,0,0,0.4,1.2,2.9,3.6,51.3,3.2,0,0,0,0,0,0,0,0,4.3,0,0.6,9.3,38.4,10,0,0.2,0.4,0,4,0,0,0,0,0,0,0,0,0,0,0,0,0,0,0,0,0,0,0,0,0,0,0,0,0,0,0,0,0,0,0,0,0,0,0,0,0,0.6,34.3,0,0.9,0,0,0,0,0,0,0,0,0,0,0,0,0,0,0,0,0,0,0,0,0,0,0,0,0,0,0,0,0,0,0,0,0
23.5,74.5,122,0,0,0,1,0,0,0,0,0,0,0,0,0,0,0,0,0,0,0,0,0,0,0,0,0,0,0,0,0,0,0,0,0,0,0,0,0,0,0,0,0,0,0,0,0,0,0,0,0,0,0,0,0,0,0,0,0,0,0,0,0,0,0,0,0,0,0,0,0,0,0,0,0,0,0,0,0,0,0,0,0,0,0,0,0,0,0,0,0,0,0,0,0,0,0,0,0,0,0,0,0,0,0,0,0,0,0,0,0,0,0,0,0,0,0,0,0,0,0,1.2,0,0,0,0,0,0,0,0,0,0,0,0,0,0,0,0,0,0,0,0,0,0,0,0,0,0,0,0,0,0,0,0,0,0,0,0,0,0,0.2,0.4,0,0,0,0,0,0,0,0,0,1.3,0,0,4.7,0,0,0,8.1,0,31.9,1.4,18.1,3.2,10.1,10.7,1.1,10.8,13.9,0,1.7,115.5,96.4,5.6,3.9,12.1,1.9,0.6,5.3,22.8,4.3,7,28.9,4.9,0,0,0,0.8,0.6,0.4,0.4,2.9,0,0,0.4,1.7,0.8,7.9,8.9,11.4,0.8,5.6,0,0,0,0,0.1,1.2,6.2,31.7,44.2,0.4,36,50.3,0.4,6.3,0,0,7.8,70.6,0,15.3,15.7,0.6,0,7.9,114.8,9.8,2.6,0,0,0,0.3,68.3,45.3,33.8,43.5,10.5,0.8,2.3,1.2,0,0.4,0,0,0,0,0,0,15.5,8.1,5.7,17.6,28.1,0.1,0,0.8,0.5,0,0,0,0,0,0,0.6,10.4,0.2,0,0,0,0,0,0,0,0,0,0,0,0,0,0,0,0,0,0,0,0,0,0,0,0,0,0,0,0,0,0,0,0,0,0,0,0,0,0,0,0,0,0,0,0,0,0,0,0,0,0,0,0,0,0,0,0,0,0,0,0,0,0,0,0,0,0,0,0,0,0,0,0,0,0,0,0,0,0,0,0
24.5,74.5,123,0,0,15.8,1.7,0,0,0,0,0,0,0,0,0,0,0,0,0,0,0,0,0,0,0,0,0,0,0,0,0,0,0,0,0,0,0,0,0,0,0,0,0,0,0,0,0,0,0,0,0,0,0,0,0,0,0,0,0,0,0,0,0,0,0,0,0,0,0,0,0,0,0,0,0,0,0,0,0,0,0,0,0,0,0,0,0,0,0,0,0,0,0,0,0,0,0,0,0,0,0,0,0,0,0,0,0,0,0,0,0,0,0,0,0,0,0,0,0,0,0,0,0,0,0,0,0,0,0,0,0,0,0,0,0,0,0,0,0,0,0,0,0,0,0,0,0,0,0,0,0,0,0,0,0,0,0,0,0,0.2,0.6,0.1,0,0,0,0,0,0,0,0,12.4,0.6,0,0,0,0,0.4,0.2,2,46.1,1.7,0.5,13.5,6.8,3.4,0,1.8,0.3,0,1.5,17.2,181.8,30.1,21.5,4.6,0,0,0,10.4,4.7,0,46,56.6,0.8,0,0,1.2,6.8,1.1,6.4,1.1,0.6,0,0,0,0,5.1,5.8,2.5,0.3,9.9,3.7,0.5,0,0.4,0,0,19.8,3.2,13.7,1.6,0.2,0.8,3.2,4.9,3,0.7,2.9,54.7,0.8,1.7,7.5,0.8,0,0,33,49.7,11.4,4.7,0,0,0,18.1,2.7,13.7,41.5,24.2,7,0,0,0,0,0,0,0,0,0,0,4.5,4,2.2,4.3,3.6,4.3,0,0,0,0,0,0,0,0,0,0,7.9,3.4,0,0,26.4,0,0,0,0,0,0,0,0,0,0,0,0,0,0,0,0,0,0,0,0,0,0,0,0,0,0,0,0,0,0,0,0,0,0,0,0,0,0,0,0,0,0,0,0,0,23.8,0,0,0,0,0,0,0,0,0,0,0,0,0,0,0,0,0,0,0,0,0,0.7,0,0,0,0,0,0,0,0,0,0
25.5,74.5,124,0,0,2.3,1.5,0,0,0,0,0,0,0,0,0,0,0,0,0,0,0,0,0,0,0,0,0,0,0,0,0,0,0,0,0,0,0,0,0,0,0,0,0,0,0,0,0,0,0,0,0,0,0,0,0,0,0,0,0,0,0,0,0,0,0,0,0,0,0,0,0,0,0,0,0,0,0,0,0,0,0,0,0,0,0,0,0,0,0,0,0,0,0,0,0,0,0,0,0,0,0,0,0,0,0,0,0,0,0,0,0,0,0,0,0,0,0,0,0,0,0,0,0.8,0,0,0,0,0,0,0,0,0,0,0,0,0,0,0,0,0,0,0,0,0,0,0,0,0,0,0,0,0,0,0,0,1,0,2,0,0.6,0.9,0.7,0,2.3,0,0,0,3.4,2.8,0.4,0,0,0,0,7.2,0,0,0,0,9.2,13.4,0,2.2,7,3.8,34.7,23.1,14.9,5.2,0.3,10,11.3,24.9,16.7,3.5,2.6,0,0,6.7,0.9,0,30.9,28.3,0,0,1.9,0.7,1,9.6,9.5,37.7,7.9,0,0,0,0,4.6,2.7,3.5,0,0,0,0,26.3,2.7,0,0,0,0,12.6,0,0.8,1.3,1,42.1,0,3.8,4,7.9,0,18,3.8,3.6,0,0,23.1,21.1,5.9,0.8,0,0,0,17,3.5,5.1,71.4,15.7,0,0,0,0,0,0,0,0,0,0,3.9,14.6,16.8,0,2.6,1.2,0,0,0,0,0,0,0,0,0,0,0,1.2,0,0,0,0,0,0,0,0,0,0,0,0,0,0,0,0,0,0,0,0,0,0,0,0,0,0,0,0,0,0,0,0,0,0,0,0,0,0,0,0,0,0,0,0,0,0,0,0,20,0,0,0,0,0,0,0,0,0,0,0,0,0,0,0,0,0,0,0,0,0,0,0.2,0,0,0,0,0,0,0,0,0,0
26.5,74.5,125,0,0,0,0.2,0.2,0,0,0,0,0,0,0,0,0,0,0,0,0,0,0,0,0,0,0,0,0,0,0,0,0,0,0,0,0,0,0,0,0,0,0,0,0,0,0,0,0,0,0,0,0,0,0,0,0,0,0,0,0,0,0,0,0,0,0,0,0,0,0,0,0,0,0,0,0,0,0,0,0,0,0,0,0,0,0,0,0,0,0,0,0,0,0,0,0,0,0,0,0,0,0,0.4,0,0,0,0,0,0,0,0,0,0,0,0,0,0,0,0,0,0,0,0,0,0,0,0,0,0,0,0,0,0,0,0,0,0,0,0,0,0,0,0,0,0,0,0,0,0.4,0,0,0,0,0,0,0,0,0.2,1.9,0,0.7,0.2,0,0,0,0,0,0,0,0,0,0,0,0.2,2.4,2.4,0,0,0,0,0,7.8,10.3,8.7,11.5,4,15.5,24.6,0,0.2,35,4.2,27,19.2,3.3,0,0,0,0,2,11.4,8.4,19,4.5,8.2,2.2,0,0,11.8,7,4.2,0,0,0,0,0,1.5,30,0,0,0,0.3,0,0,0,0,0,0,0,0,1.9,0,5.5,16.4,9,7.7,0,0,0,0,6.2,1,0.9,0,0,23,13.1,52.2,2,13.4,0,0,0,0,0,0.6,18.3,11.6,0.1,0,0,0.3,0,0,0,0,0,4.2,7.1,3.2,3,18.3,2,0,0,0,0,0,0,0,0,0,0,0,0,0,0,0,0,0,0,0,0,0,0,0,0,0,0,0,0,0,0,0,0,0,0,0,0,0,0,0,0,0,0,0,0,0,0,0,0,0,0,0,0,0,0,0,0,0,0,0,0,0,5,7.5,0,0,0,0,0,0,0,0,0,0,0,0,0,0,0,0,0,0,0,0,0,0,0,0,0,0,0.4,0.6,0,0,0
27.5,74.5,126,0.4,0,0,0,0,0,0,0,0,0,0,0,0,0,0,0,0,0,0,0,0,0,0,0,0,0,0,0,0,0,0,0,0,0,0,0,0,0,0,0,0,0,0,0,0,0,0,0,0,0,0,0,0,0,0,0,0,0,0,0,0,0,0,0,0,0,0,0,0,0,0,0,0,0,0,0,0,0,0,0,0,0,0,0,0,0,0,0,0,0,0,0,0,0,0,0,0,0,0,0,0,0,0,0,0,0,0,0,0,0,0,0,0,0,0,0,0,0,0,0.8,0,0,0,0,0,0,0,0,0,0,0,0,0,0,0,0,0,0,0,0,0,0,0,0,0,0,3.4,0,0,0,0,0,0,0,0,4.2,5.4,0,4.5,7.3,2.6,2.9,4.2,0,0,0,0,0,0,0,12.1,0,0,11.4,0,0,0,0,0,0,0,5.8,0,0,0.5,0.7,0,49.8,59.4,6.2,0,3.1,0,0,0,0,0,0,0,11.9,0,0,0,0,0.1,0,0,0,0,0,0,0,0,0,0,5.4,1.4,0,0,0,0,1.1,0,0,0,0,0,0,0,0,0,1.2,0,0,41.7,0,0,0,0,9.5,0.7,0,0,0,17.1,10.6,6.4,4.5,0,0,0,0,2.2,55.1,8.5,0.9,0,0,0,0,25.1,0,0,0,0,0,18.6,7.7,67.9,8.3,0.7,0,0,0,0,0,0,0,0,0,0,0,0,0,0,0,0,0,0,0,0,0,8.2,0,0,0,0,0,0,0,0,0,0,0,0,0,0,0,0,0,0,0,0,0,0,0,0,0,0,0,0,0,0,0,0,0,0,0,0,0,0,0,10.5,0,0,0,0,0,0,0,0,0,0,0,0,0,0,0,0,0,0,0,0,0,0,0.9,0,0,0,0,0.2,0,0,0,0
28.5,74.5,127,0,0,0,0,0,0,0,0,0,0,0,0,0,0,0.1,0,0,0,0,0,0,0,0,0,0,0,0,0.5,0,0,0,0,0,0,0,0,0,0,0,0,0,0,0,0,0,0,0,0,0,0,0,0,0,0,0,0,0,0,0,0,0,0,0,0,0,0,0,0,0,0,0,0,0,0,0,0,0,0,0,0,0,0,0,0,0,0,0,0,0,0,0,0,0,0,0,0,0,0,0,0,0,0,0,0,0,0,0,0,0,0,0,0,0,0,0,0,0,0,0,0,0,0,0,0,0,0,0,0,0,0,0,0,0,0,0,0,0,0,0,0,0,0,0,0,0,0,0.2,0,0,0,0,0,0,0,0,0,0.7,0,0,0,0.3,4.7,0,0.2,0,0,0,0,0,0,0,0,0,0,0,0,0,0,0,1.1,0,0,0,0.1,0.2,27.3,0,38.2,76.9,0,0,0,0,0,0,0,0,0,0,0.4,0,0,0,8.5,0.6,0,0,0,0,0,0.2,0,0,0,0,0,0,0,0,0,0,0.7,0,0,0,0,0,0,0,0,0,0,0,0,0,0.1,1.3,10.6,0.2,0,0,0,0,0,47.6,3.8,14.2,2.4,0,0,0,0,0.3,28.6,0.1,0,0,0,0,0,0,0,0,0,0,0,0,0.3,29.3,70.6,1.1,0.2,0,0,0,0,0,0,0,0,0,0,0,0,0,0,0,0,0,0,0,0,9,0,0,0,0,0,0,0,0,0,0,0,0,0,0,0,0,0,0,0,0,0,0,0,0,0,0,0,0,0,0,0,0,0,0,0,0,0,0,0,0.7,4.8,0,0,0,0,0,0,0,0,0,0,0,0,0,0,0,0,0,0,0,0,0,2.6,0,0,0,0,0,0,0,0,0
29.5,74.5,128,0,0,0,0,0,0,0,0,0,0,0,0,0,0,0,0,0,0,0,0,0,0,0,0,0,0,0,0,0,0,0,0,0,0,0,0,0,0,0,0,0,0,0,0,0,0,0,0,0,0,0,0,0,0,0,0,0,0,0,0,0,0,0,0,0,0,0,0,0,0,0,0,0,0,0,0,0,0,0,0,0,0,0,0,0,0,0,0,0,0,0,0,0,0,0,0,0,0,0,0,0,0,0,0,0,0,0,0,0,0,0,0,0,0,0,0,0,0,0,0,0,0,0,0,0,0,0,0,0,0,0,0,0,0,0,0,0,0,0,0,0,0,0,0,0,0,0,0,0,0,0,0,0,0,0,0,0,0,0,0,0,0,0,0,0,0,0,0,0,0,1,0,0,0,0,0,0,0,0,0,0,1.1,3.9,2.8,0,0,0,7.7,44.7,2.2,0,0,0,0,0,0,0,0,1.4,0,0,0.6,0,0,1.3,0,0,0,0,0.5,0,0.2,0,0,0,0,1.8,0,8.7,0.9,0,0.2,0,0,0,0,0,0,0,0,0,0,0,0,0,0.4,2.7,6,0,3.6,0,0,0,4,20.8,4.2,0.6,0.3,0.7,0,0,4.4,8.2,17.4,5.4,0,0,12.7,0,1.9,0,0,0,0,0,0,0,0,2.1,2.4,2.4,0,0.8,0.6,0,0,0,0,0,0,0,0,0,0,0,0,0,0,0,0,0,0,0,0,0,0,0,0,0,0,0,0,0,0,0,0,0,0,0,0,0,0,0,0,0,0,0,0,0,0,0,0,0,0,0,0,0,0,0,0,0,0,0,0,0,0,0,0,0,0,0,0,0,0,0,0,0,0,0,0,0,0,0,0,0,0.3,0,0,0,0,1,0.1,0,0,0
30.5,74.5,129,0,0,0,0,0,0,0,0,0,0,0,0,0,0,0,0,0,0,0,0,0,0,0,0,0,0,0,0,0,0,0,0,0,0,0,0,0,0,0,0,0,0,0,0,0,0,0,0,0,0,0,0,0,0,0,0,0,0,0,0,0,0,0,0,0,0,0,0,0,0,0,0,0,0,0,0,0,0,0,0,0,0,0,0,0,0,0,0,0,0,0,0,0,0,0,0,0,0,0,0,0,0,0,0,0,0,0,0,0,0,0,0,0,0,0,0,0,0,0,0,0,0,0,0,0,0,0,0,0,0,0,0,0,0,0,0,0,0,0,0,0,0,0,0,0,0,0,0,0,0,0,0,0,0,0,0,0,0,0,0,0,0,0.1,0,0,0,0,0,0,0,0,0,0,0,0,0,0,0,0,0,0,0,21.2,0,0,0,0,0,28.2,2.5,0,0,0,0,0,0,0,0,20,0,0,0,0,0,0,0,0,0,0,0,0,0,0,0,0,0.2,0,0,0,45.2,0,0,0,0,0,13.7,0,0,0,0,0,0,8.7,0,0,0,0.6,0,0,21.9,0,0,0,0,10.4,91.8,20.4,0.1,0,0,0,5,50.2,46.6,7.9,0,0,20.4,0,0,0,0,0,0,0,0,0,5,11.4,21.5,15.2,0,2.5,71.3,0,0,0,0,0,0,0,0,0,0,0,0,0,0,0,0,0,0,0,0,0,0,0,0,0,0,0,0,0,0,0,0,0,0,0,0,0,0,0,0,0,0,0,0,0,0,0,0,0,0,0,0,0,0,0,0,0,0,0,0,0,0,0,0,0,0,0,0,0,0,0,0,0,0.2,0,0,0,0,0,0.1,5.5,7.5,0,0,0,0,20.3,3.9,0,0,0
31.5,74.5,130,0,0,0,0,0,0,0,0,0,0,0,0,0,0,3.1,0,0,0,0,0,0,0,0,0,0,0,1.1,0,5.7,0,0,0,0,0.5,0,2.5,0,0,0,0,0,0,0,0,0,0,0,0,0,0,0,0,0,0,0,0,0,0,3.3,0,0,1.2,5.6,0,0,0,0,0,0,0,0.4,0,0,0,0,0,0,0,0,0,0,0,0,0,0,0,0,0,0,0,0,1.4,0,0,0,0,0,0,0,0,0,0,0,0,0,0,0,0,0,0,0,0,0,0,0,0,0,0,0,0,0,0,0,0,0,0,0,0,0,0,0,0,0,0,0,0,0,0,0,0,0,0,0,0,0,0,0,0,0,0,0,0,0,0,0,0,0,0,0,0,0,0,0,3.3,0,0,0,0,0,0,0,2,8.4,8.9,0,0,0,0,1.2,0,0,6.2,7.5,0,0,0,0,0,47,1.3,0,0,0,0,0,0,5.2,4.1,25.2,0,0,0,0,0,1.9,0,22.6,20.6,0.4,0,0,0,0.8,11.8,0,0,0,18.1,0.9,28.2,1.1,0,6.2,0,0,1.1,0,0,2.1,4.1,0,20.6,1.4,0,0,0,3.9,0,6.6,9.2,0,0,0,0.3,28.2,63.5,19.2,0,0,0.5,4.3,7.2,14.2,13.1,0.6,0,8.4,30.9,2.6,5.8,0,0,0,0,0,0,0,0.4,8.4,24.3,52.3,20.2,38.7,15.7,0.4,0,0,0,0,0,0,0,0,0,0,0,0,0,0,0,0,0,3.3,0,0,0,0,0,0,0,0,0,0,0,0,0,0,0,0,0,0,0,0,0,0,0,0,0,0,0,0,0,0,0,0,0,0,0,0,0,0,0,0,0,0,0,0,0,0,0,0,0,0,0,0,0,0,11.2,6.8,0,0,0,0,0,8.8,9.7,0,0,0,0,10.9,6.8,0,0,0
32.5,74.5,131,0,0,0,0,0,0,0,0,0,0,0,0,0,0,3.8,0,0,0,0,0,0,1.1,0,0,0,0.1,0.2,0,0.2,0,0,0,0.1,0,0,11.9,0,0,0,0,0,0,0,0,0,0,0,0,0,0,0.4,0,0,0,0,0,0,0,1.8,0.3,0,7,14.2,0,0,0,0,1.3,0,0,10.9,0,0,0,0,0,0,0,0,0,0,0,0,0,0,0,0,1.1,2.5,0,0,1.9,2.3,0,0,0,0,2.2,0.4,0,0,0,0,0,0,0,0,0,0,0,0,0,0,0,0,0.3,0,0,0.6,0.5,0,0,0,0,0.3,0,0,0,0,0.3,0,0,0,0,0,0,0,0,0,0,0,0,0,0,0,0,0,0,0.9,0,0,0,0,0,0,0,0,0,0,0,0,0,0,1,0,0,0,0,0,0,0,0.3,1.8,0,0,0,0,66.2,4,0,0,11.6,0,0,0.2,4.5,0,0,11.2,0,0,0,71,0,0.5,35.2,1.7,36.8,24.1,0,0,26.4,0.5,11.8,9.9,1.2,42.5,5.5,3.2,0,1.5,11.9,3.7,45.5,103.7,40,33.5,144.7,18.8,21.7,0,27.3,3.1,0,34.6,0.3,0,0,0,0,0,7.7,74.7,1.6,2.1,3.5,0,0,0.4,0,0,0,0,0,5,30.7,60,0,0.1,8.1,6.2,21.7,3.9,0.4,0,0,23,1.7,30.2,5.2,0,0,0,0,0.4,0,0,0,3.1,20.1,35.2,74.4,8,34.5,6.3,0,0,0,0,0,0,0,0,0,0,0,0,0,0,0,0,0,6,0,0,0,0,0,0,0,0,0,0,0,0,0,0,0,0,0,0,0,0,0,0,0,3.7,0,0,0,0,0.3,0,0,0,0,0,0,0,0,0,0,0,0,0,0,0,0,0,0,0,0,0,0,0,0,3,38.1,10.4,0,0,0,0,0,8.7,35,3.4,0,0,0,0.6,4.2,0,0,0
33.5,74.5,132,0,0,0,0,0,0,0,0,0,0,0,0,0,0,4.2,0,0,0,0,0,0,1.3,0,0,0,0,0,0,0,0,0,0,0,0,0,13.3,0,0,0,0,0,0,0,0,0,0,0,0,0,0,0.5,0,0,0,0,0,0,0,1.4,0.3,0,7.5,14.9,0,0,0,0,1.5,0,0,12.1,0,0,0,0,0,0,0,0,0,0,0,0,0,0,0,0,1.3,2.4,0,0,1.8,2.1,0,0,0,0,2.5,0.5,0,0,0,0,0,0,0,0,0,0,0,0,0,0,0,0,0.3,0,0,0.2,0.5,0,0,0,0,0.3,0,0,0,0,0.3,0,0,0,0,0,0,0,0,0,0,0,0,0,0,0,0,0,0,1,0,0,0,0,0,0,0,0,0,0,0,0,0,0,0.8,0,0,0,0,0,0,0,0,0.2,0,0,0,0,74.7,4.2,0,0,13,0,0,0,5,0,0,5.6,0,0,0,80.2,0,0.2,39,0.2,40.3,15.5,0,0,29.9,0.1,12.6,8.2,0.4,38.8,2.3,1,0,0.5,10.4,1.3,48.9,115.6,44.6,37.8,157.2,19,24.4,0,30.2,0.5,0,39.1,0,0,0,0,0,0,1.8,80.9,1.8,2.4,4,0,0,0,0,0,0,0,0,2.1,32,63.6,0,0,8.2,5.2,23,2.6,0,0,0,25.2,2,33.4,2.4,0,0,0,0,0.1,0,0,0,0.6,20.2,27,80,0.4,35.2,6,0,0,0,0,0,0,0,0,0,0,0,0,0,0,0,0,0,6.1,0,0,0,0,0,0,0,0,0,0,0,0,0,0,0,0,0,0,0,0,0,0,0,4.1,0,0,0,0,0.4,0,0,0,0,0,0,0,0,0,0,0,0,0,0,0,0,0,0,0,0,0,0,0,0,3.4,40.6,8.6,0,0,0,0,0,9.7,37.3,3.6,0,0,0,0.4,3.6,0,0,0
34.5,74.5,133,0,0,0,0,0,0,0,0,0,0,0,0,0,0,4.3,0,0,0,0,0,0,1.3,0,0,0,0,0,0,0,0,0,0,0,0,0,13.5,0,0,0,0,0,0,0,0,0,0,0,0,0,0,0.5,0,0,0,0,0,0,0,1,0.3,0,7.6,14.7,0,0,0,0,1.5,0,0,12.2,0,0,0,0,0,0,0,0,0,0,0,0,0,0,0,0,1.3,2.3,0,0,1.8,2,0,0,0,0,2.5,0.5,0,0,0,0,0,0,0,0,0,0,0,0,0,0,0,0,0.3,0,0,0,0.5,0,0,0,0,0.3,0,0,0,0,0.3,0,0,0,0,0,0,0,0,0,0,0,0,0,0,0,0,0,0,1,0,0,0,0,0,0,0,0,0,0,0,0,0,0,0.8,0,0,0,0,0,0,0,0,0,0,0,0,0,75.6,4.2,0,0,13.2,0,0,0,5.1,0,0,5.2,0,0,0,81.2,0,0,39,0,40.4,14.1,0,0,30.3,0,12.2,8,0,38.2,2.2,0,0,0,10,1,49,116.3,45,38.3,158.4,18.4,24.6,0,30.4,0,0,39.6,0,0,0,0,0,0,1.2,81.6,1.8,2.4,4,0,0,0,0,0,0,0,0,2,32.2,64.2,0,0,8,5,23.2,2.6,0,0,0,25.2,2,33.4,2.2,0,0,0,0,0,0,0,0,0,20.3,26.3,80.6,0,35.2,6,0,0,0,0,0,0,0,0,0,0,0,0,0,0,0,0,0,6.2,0,0,0,0,0,0,0,0,0,0,0,0,0,0,0,0,0,0,0,0,0,0,0,4.2,0,0,0,0,0.4,0,0,0,0,0,0,0,0,0,0,0,0,0,0,0,0,0,0,0,0,0,0,0,0,3.4,40.8,8.4,0,0,0,0,0,9.8,37.4,3.6,0,0,0,0.4,3.6,0,0,0
35.5,74.5,134,0,0,0,0,0,0,0,0,0,0,0,0,0,0,3,0,0,0,0,0,0,0.9,0,0,0,0,0,0,0,0,0,0,0,0,0,9.5,0,0,0,0,0,0,0,0,0,0,0,0,0,0,0.4,0,0,0,0,0,0,0,0.7,0.2,0,5.4,10.3,0,0,0,0,1.1,0,0,8.6,0,0,0,0,0,0,0,0,0,0,0,0,0,0,0,0,0.9,1.6,0,0,1.3,1.4,0,0,0,0,1.8,0.4,0,0,0,0,0,0,0,0,0,0,0,0,0,0,0,0,0.2,0,0,0,0.4,0,0,0,0,0.2,0,0,0,0,0.2,0,0,0,0,0,0,0,0,0,0,0,0,0,0,0,0,0,0,0.7,0,0,0,0,0,0,0,0,0,0,0,0,0,0,0.6,0,0,0,0,0,0,0,0,0,0,0,0,0,53,2.9,0,0.2,9.3,0,0.2,0,5.3,1.3,0.6,4.5,3.1,9.4,7.7,57.3,0.5,0,27.4,0,28.3,9.9,0,0,21.3,0,8.6,5.6,0,26.8,1.7,0,0,0,7,0.7,34.4,81.6,31.6,26.9,111.1,12.9,17.3,0,21.3,0,0,27.8,0,0,0,0,0,0,0.8,57.2,1.3,1.7,2.8,0,0,0,0,0,0,0,0,1.5,23.2,45.2,0,0,5.6,3.5,16.3,3.1,16.7,21.5,29.4,27.5,3.7,25.8,2.1,0,0,0,0,0,0,0,2.2,1.7,15.1,18.5,56.5,0,24.7,4.2,0,0,0,0,0,0,0,0,0.2,0.8,0.2,0,0,0,0,0,0,4.3,0,0,0,0,0,0,0,0,0,0,0,0,0,0,0,0,0,0,0,0,0,0,0,2.9,0,0,0,0,0.3,0,0,0,0,0,0,0,0,0,0,0.3,0.1,0,0,0,0,0,0,0,0.2,0,0,0,0,2.4,28.9,5.9,0,0,0,0,0.8,8.4,26.2,2.5,0,0,0,0.5,2.6,0,0,0
36.5,74.5,135,0,0,0,0,0,0,0,0,0,0,0,0,0,0,2,0,0,0,0,0,0,0.6,0,0,0,0,0,0,0,0,0,0,0,0,0,6.2,0,0,0,0,0,0,0,0,0,0,0,0,0,0,0.2,0,0,0,0,0,0,0,0.5,0.1,0,3.5,6.8,0,0,0,0,0.7,0,0,5.6,0,0,0,0,0,0,0,0,0,0,0,0,0,0,0,0,0.6,1.1,0,0,0.8,1,0,0,0,0,1.2,0.2,0,0,0,0,0,0,0,0,0,0,0,0,0,0,0,0,0.1,0,0,0,0.2,0,0,0,0,0.1,0,0,0,0,0.1,0,0,0,0,0,0,0,0,0,0,0,0,0,0,0,0,0,0,0.5,0,0,0,0,0,0,0,0,0,0,0,0,0,0,0.4,0,0,0,0,0,0,0,0.1,0,0,0,0,0,34.9,1.9,0,0.3,6.1,0,0.2,0,5,2.3,1,4,5.7,17.6,14.4,38.2,0.9,0,18,0,18.7,6.6,0,0,14,0,5.6,3.7,0,17.6,1.3,0,0,0,4.6,0.5,22.6,53.7,20.8,17.7,73.2,8.5,11.5,0,14,0,0,18.3,0,0,0,0,0,0,0.6,37.7,0.8,1.2,1.9,0,0,0,0,0,0,0,0,1,15.8,29.9,0,0,3.7,2.3,10.7,3.5,31.1,40.1,54.7,29.9,5.1,19.9,2,0,0,0,0,0,0,0,4.2,3.2,11,12.2,37.2,0,16.3,2.8,0,0,0,0,0,0,0,0,0.4,1.4,0.4,0,0,0,0,0,0,2.9,0,0,0,0,0,0,0,0,0,0,0,0,0,0,0,0,0,0,0,0,0,0,0,1.9,0,0,0,0,0.2,0,0,0,0,0,0,0,0,0,0.1,0.6,0.2,0,0,0,0,0,0,0,0.3,0,0,0,0,1.6,19.3,3.9,0,0,0,0,1.5,7.3,17.3,1.7,0,0,0,0.5,1.7,0,0,0
10.5,75.5,136,0,0,0,0,0,0,0,0,0,0,0,0,0,0,0,0,0,0,0,0,0,0,0,0,0,0,0,0,0,0,0,0,0,0.3,3.4,22.7,0,0,0,0,0,0,0,0,0,0,0,0,0,0,0,0,0,0,8.7,0,0,0,0,0,0,0,0,0,0,0,0,0,0,0,0,0,0,0,0,0,0,0,0,0,0,5.7,0,0,0,17.5,0,0,0,0,0,0,0,0,0,1.9,0,0,0,0,0,0,0,8.7,7.3,0.2,0,0,1.8,7.8,0.9,0,0,11.6,5.2,2,7.6,7.7,8.5,7,5,13.4,3.9,11.1,44.7,13.7,0,6.7,0,20.8,48.5,52.6,19.1,31.1,56,61.8,20,11.1,5.4,0,28.5,0,23,46.9,4.7,15.5,2.7,0.8,8.8,11.5,1.9,1,0.2,0.9,0,1.7,0,0,3.5,0,0,3.8,1.3,12.7,18.2,62.8,64.2,113,34.1,24.7,40.9,25.9,21.7,25.5,26.6,14.2,31.4,108.6,71.4,87.7,47.7,64.1,56.9,29.8,14.7,8.7,2,0.6,2.5,5.5,18.5,46.8,17.7,1.7,7.9,31.5,39.8,6.9,8.5,3.3,0,5.6,20.6,17.6,5.7,5.1,15.2,12.5,8.2,18.3,14.6,0.3,2.7,0,13.2,14.9,21.6,12.9,26.6,0.3,1.9,15.1,11.2,16.3,20.7,1.9,8.9,7.3,2.8,9.9,15.8,10.9,33.3,47.9,25.8,7.3,5.4,9.9,3.9,6.5,2.7,6.4,1.8,3,1.5,6,0,1.1,0,0,0,2.3,6.6,5.9,0.9,0,4.5,0.9,0,0,0,0,0,0,0,0,0,1.9,0,0,0,0,0,2.4,0,0,0,0,0.3,13.7,7.3,20.4,1.2,0,0.2,6.4,0.7,0,2.8,0,0,4.3,6.4,0,7.7,16.4,0,0,0,0,0,8.7,6.9,9.6,16.1,0.3,0.5,17.8,0,0,0,0,4,4.8,9.8,0,1.3,17,0,3.8,11.9,8.8,0,0.2,13,39.4,47,2.1,0,0,0,0,0,0,1.2,0,0,0,2,0,0,0,0,0,0,0,0,0,0,0,0,0,0,0,0,0,0,0,0,0,0,0,0,0,0
11.5,75.5,137,0,0,0,3.6,0,0,0,0,0,0,0,0,0,0,0,0,0,0,0,0,0,0,0,0,0,0,0,0,0,0,0,0,0,0,0.1,0.2,0,0,0,0,0,0,0,0,0,0,0,0,0,0,0,0,0,0,0,0,0,0,0,0,0,0,0,0,0,0,0,0,0,0,0,0,0,0,0,0,0,0,0,0,0,27.5,0,0,0,0,0,0,0,0,0,0,0,0,0,0,0,0,6.2,0,0,0,2,0.1,0,0,0,0,0,0,11.1,0,0,4,0.5,0.1,6.6,0.2,0,0,0.3,0.6,40,0.2,14.3,30.7,4.1,0,0,0.9,15.2,13.9,24.5,12.9,6.3,9.2,1.4,4.4,3.5,0,0.1,0,0,15.7,0,0.5,6.9,0,2,5.8,0.9,0,3.4,6.6,0,2.4,0,0,0,0,0,0,2.1,20.7,0.9,56.8,43.2,80.8,40.5,41.2,33.6,35.2,19.3,34.3,33.6,29.2,50.9,85,158.5,92.2,64.4,68.4,63.2,63.4,39.4,11.8,1,9.1,7.8,7.6,21.9,33.1,70.4,0,34.5,75.6,41.7,22.6,71.6,7.9,3.3,15.6,22.1,34.3,2.6,8.1,26.4,18,3.7,20.4,14.9,0.4,10.4,1.8,1.9,18.3,0.8,33.1,0.6,0.5,23.6,1.5,28.2,6.9,8.8,2,8.1,2.8,18.2,11.2,19.1,17.1,33.6,61.2,16.5,14.3,15.2,7.1,6.2,12,18.1,11.8,12.3,8.4,5.7,2,2.9,7.7,0.9,0.5,3.1,5.2,7.3,4.4,2.7,4.6,6.7,4,0.5,0,0,0.5,0,0,0,0,0,0,0,0,0,0,0,0,0,0,0,0,0,1.9,19.8,9.7,4.7,1.6,2.5,0,0,0,1.2,0,3.9,0,0,0,0,0,0,0,0,0,0,0.2,0,5.5,0,0,0,8.9,0,0,0,0,2.4,0,0,0.2,0,0,30.6,0,9.6,0,0,0,20.1,26.9,30.9,8.1,0,0,0,0,0,0,0,0,0,0,3.4,0,0,0,0,0,0,0,0,0,0,0,0,0,0,0,0,0,0,0,0,0,0,0,0,0,0
12.5,75.5,138,0,0,0,0,0,0,0,0,0,0,0,0,0,0,0,0,0,0,0,0,0,0,0,0,0,0,0,0,0,0,0,0,0,0,0,0,0,0,0,0,0,0,0,0,0,0,0,0,0,0,0,0,0,0,0,0,0,0,0,0,0,0,0,0,0,0,0,0,0,0,0,0,0,0,0,0,0,0.1,9.2,0,0,0,0,0,0,0,0,0,0.2,0.2,0.8,0,0,0,0,0,0,0,14.4,0,0.3,14.6,8.3,15.3,51.8,1.8,5.4,0.1,4,0,0,0.4,0,0,1.5,0,17.4,19,0,4.5,0.8,27.1,86.5,2.4,38.4,30.6,13.3,2.9,0,0.9,0,26.8,3.6,0,13.1,0,13.3,0,0,13.9,7,0,15.4,4.6,7.7,12.4,10,0,4.4,9.8,1.6,13,0,0,0,0,0,0,0,0,0,0,0,24.8,1,17.6,2.9,20.8,37.7,28,20.3,28.3,8,10.1,53.8,8.8,75.9,136.3,122.6,110.5,97.5,98.8,120.5,77,59.1,79.4,10.3,26.8,37,37.2,47,107.6,62.5,1,28.2,134.5,101.3,71.1,35.7,54.8,0.7,17.4,18.4,150,10,1.4,56.6,17,24.7,16,65.4,55.6,12.5,6.5,36.1,0.5,45.5,30.6,33.1,36.2,21.7,22.7,38,21.4,72.2,17.4,33.6,17.7,32.9,19.7,27.6,26.4,47.2,83.9,65.6,30.3,70.9,38,11.6,21,39.3,32.1,13.5,20.5,14.9,6.4,3.1,3.2,8.7,34.5,9,2.5,41.6,21.4,1,9.4,0.3,0,17,0.5,14.7,0.6,0.5,25.4,22.9,0,0,2.5,3.8,0,3.2,12.8,9.1,0,2.3,0,0,2.5,24.5,36.1,37.3,7.3,5.5,0,2.4,0,12.2,14.4,47.2,29.4,27,39,6.3,0,0,0,0,0,0,0,0,0,40.9,15.9,2.4,30.8,0,0,0,9.5,28.1,0,0,9.7,0,1.5,0.1,13.4,1.6,4.5,11.5,8,0,0,9.6,19.4,49.5,1.2,0,0.1,0.2,9.1,0,2.4,0,0,0,0,0,0,0,0,0,0,0,0,0,0,0,0,0,0,0,0,0,0,0,0,0,0,0,0,0.7,0,0
13.5,75.5,139,0,0,0,0.2,0,0,0,0,0,0,0,0,0,0,0,0,0,0,0,0,0,0,0,0,0,0,0,0,0,0,0,0,0,0,0,0,0,0,0,0,0,0,0,0,0,0,0,0,0,0,0,0,0,0,0,0,0,0,0,0,0,0,0,0,0,0,0,0,0,0,0,0,0,0,0,0,0,0.5,0,0,0,0.4,0,0,7.2,0,0,0,0,12.5,0,0.2,0,0,0,0,0,0,0,0,8.5,10.2,8.1,1.9,0.7,6.6,3.4,0.9,2.9,17.3,0,6.4,3.1,9.5,0.2,0.2,9,9.2,0.4,0,3.4,15.9,2.3,5.9,23.6,24.4,12.7,1.7,0,0,0,0,0,0.7,0.7,0,0,0,0,0,0,0.5,0,0.7,0,0,6.3,5.5,5.6,10.8,1.1,15.2,0,0,0,0,0,0,0,0,0,0,0,6.6,0.2,0.2,0,0,3.6,2.1,3.8,10.6,4.4,20.9,37,35.1,57.3,76.2,45.7,50.8,52.7,36.7,56.1,36.2,36.7,32.6,12.4,24.1,32.6,64.6,29.6,59.1,78.6,6.7,72.8,133.6,49.8,30.9,49.3,39.5,26.8,9.2,37.1,86.2,17.5,5.5,27.3,3.9,5.3,9,13.5,12.7,5,2.4,3.2,0.1,5.5,1.5,0.9,2.9,21.3,2.1,13.1,8.4,26.8,11.2,24,22,33.9,34.7,24.1,17.3,21.7,20.9,20.3,16.8,25.3,16.5,19.9,10.6,20.1,22.6,27.8,10.9,9.7,2.2,0.7,1.5,4.1,10.7,2.1,13.4,14.9,14.1,2.3,2.4,2.2,0.2,0.2,0,0,21.4,0.4,18.6,1.6,0,0,0.7,0,0,0,0,0.1,0,3.5,0,0,3.6,13.5,13.6,61.5,0.6,0.8,0,0,0,3.7,0,2.1,0.5,0,0,0,0,0,0,0,0,0,0,0,0,1,13.5,0,0,0,0,0.1,0,0,0,0,0,0,0,0,0,0,0,0,0,0,0,0.2,27.3,6.7,11.6,0,0,0.9,0.8,0,0,0,0,0,0,0,0,0,0,0,0,0,0,0,0,0,0,0,0,0,0,0,0,0,0,0,0,0,0,0,0,0
14.5,75.5,140,0,0,0,0,0,0,0,0,0,0,0,0,0,0,0,0,0,0,0,0,0,0,0,0,0,0,0,0,0,0,0,0,0,0,0,0,0,0,0,0,0,0,0,0,0,0,0,0,0,0,0,0,0,0,0,0,0,0,0,0,0,0,0,0,0,0,0,0,0,0,0,0,0,0,0,0,0,0,0,0,0,0.3,2.2,0,0,0,0,0.5,0,0,11.9,0,0,0,0,0,0,0,0,0,4.1,0.5,2.9,0,0,0,4.2,0,19.5,4.6,0,1.9,0,0,12.7,0,0.3,1.6,0,2.5,2.7,0,8.7,0,10.9,0.3,4.3,8.2,2.8,0,0,0,0,4.2,38,1.7,0.2,0,0,0,0,0,0,0,0.2,1.1,0.7,4.7,1.3,8.7,2.2,13.6,0,8.4,0,0,0,0,0,0,0,0,0,0,13,0,0,0,0,0,0,9.4,8.1,0.8,22.8,3.2,5.6,12.3,11,4.3,5.9,4.8,14.2,25.4,5.7,4.3,2.9,9,3.8,10.1,8.6,7.7,17.1,2.9,10,24.7,9.3,13.2,7.1,11.4,16.3,3.8,13.7,5.1,1,1,2.4,0,0,0,0.9,0.7,0,0,2,0,2.2,0,0,0,0,2.8,6.7,2.3,8.3,0.6,5,11.9,19,27.1,6.3,6,2.1,5.2,0.5,3.6,9.3,0.5,0.8,2.1,1.5,0.7,1.8,0,0,0,0,0,2.6,0.7,0.4,3.3,3.6,7.1,2.7,1.4,1.4,5.8,1.4,1.3,0,0,1.1,19.9,0,0,0,2.7,0,0,0.7,0,0,0,0,0,0,32.1,6.1,0.4,39.8,21.7,2.2,0,0,0,0,0.3,0,10.8,0,0,0,0,0,0,0,0,0,0,0,0,1.3,0.7,0,0,0,0.7,10.8,0,0,0,0,0,0,0,0,0,31.3,0,0.5,0,0,0,0,6.3,9.6,2.8,0,0,0,0,0,0,1.9,0,0,0,0,0,0,0,0,0,0,0,0,0,0,0,0,0,0,0,0,0,0,0,0,0,0,0,0,0,0
15.5,75.5,141,0,0,0,0,0,0,0,0,0,0,0,0,0,0,0,0,0,0,0,0,0,0,0,0,0,0,0,0,0,0,5.1,0,0,0,0,0,0,0,0,0,0,0,0,0,0,0,0,0,0,0,0,0,0,0,0,0,0,0,0,0,0,0,0,0,0,0,0,0,0,0,0,0,0,0,0,0,0,0,0,0,0,0,0.9,2.8,0,0,0,0,0,0,0.1,0,0,0,0,0,0,0,0,0,0,33,2.6,0,0.8,0,0,0,2.7,7.2,6.2,0,0,0.2,0.6,0.3,0,3.7,0,11.1,6.2,0,6.6,14.2,8.6,44.5,0,4.8,0,0,0,0,0,15.5,0,8,14.3,0,0,0,0,5.3,0,0,35.7,0,0,19.5,6.9,4.9,3.1,25,0,2,0,0,0,0,0,0,0,0,0,1.8,7.9,0,0,0,0,0,0,0.4,1.6,0,3,0.8,3.3,1.6,4.9,0,0,0.1,2.7,6.5,0.6,6.4,0,4,2.8,6.2,1.3,4.1,18.7,2.2,1,9.7,0.8,1.1,0.2,2.1,4.2,0,0.2,0,0,0,0,0,0,0,0,0,0,0.1,2.5,0,3.2,8.4,2.8,0.5,0,1.7,8.5,1.2,0,0,0.2,0.2,2,0,2.4,0.3,0,10.3,0,0,0.1,3.7,0.9,1.1,0.7,0.2,0,0,0.6,0,0,0,0,2.2,0.4,0,0,0,0.7,0,0,0.5,0.1,0,4.2,12.3,6.5,26.6,11.7,4.6,0,0,0,0,0,0,0,34.8,0,0,0,14.8,4,3.8,17,3.4,0,0,0,8.6,11.8,0.5,0,0,0.3,0,0,0,0,0,0,0,0,0,0,0,0,0,0,0,0,0.3,0.3,0,0,0,0,0,0,0,0,0,0,0,0,0,0,0,0,0.4,7.6,30.1,1.2,0,0,0,0,2,4.6,0,0,0,0,0,0,0,0,0,0,0,0,0,0,0,0,0,0,0,0,0,0,0,0,0,0,0,0,0,0
16.5,75.5,142,0,0,0,0,0,0,0,0,0,0,0,0,0,0,0,0,0,0,0,0,0,0,0,0,0,0,0,0,0,0,0,0,0,0,0,0,0,0,0,0,0,0,0,0,0,0,0,0,0,0,0,0,0,0,0,0,0,0,0,0,0,0,0,0,0,0,0,0,0,0,0,0,0,0,0,0,0,0,0,0,0,0,1.1,4.2,0.9,0,0,0,0,0,0.7,0,0,0,0,2,0.8,0,0,0,0,2.3,0.9,0,0,3.5,0,0,0.9,0,0.5,0,0,0,1.2,0,0,2,13.8,1.9,6.8,2.1,0,6.8,0.3,4.5,4.5,3.6,0,0,0,0,0.1,23.4,7.7,1.5,9.8,0,0,0,0,0,0,0,0,0,15.2,19.9,9.8,2.6,2.7,5,0.6,1.3,0,0,0,0,0,0,0,0,0,0,0,0.1,0.7,0,0,0,0,0,0,0,0,0,0,2.5,0,0,0,0.5,0,0,0,9.8,0,7.8,2,1.7,0,1.6,6.2,3.1,2.7,2.1,8.9,0.7,0.1,7.3,2,0,0.5,0.4,0,0,0,0,0,0,0,0,0,0,27.9,3.2,0,3.7,0,0.1,0,1.5,34.4,0.2,2.3,0.2,0,1.4,0,2.4,3.7,0.3,2.4,11,7.7,0.6,1.1,0.9,0.6,0,0.2,0.4,4.1,0.3,4.8,0,0,0.8,0,0,0,1.2,0,0,0,0,0.1,0.3,4.8,0,0.4,0,3.2,1,0,3.1,0,0,0,0,0,0,2.5,3.6,3.9,0.9,2.2,15.3,0,0,5.3,6.7,0.7,0,0,0.6,23.7,2.7,0.3,0,0,0,0,0,0,0,0,0,0,0,0,0,0,0,0,0,0,1.4,2.2,0,0,0,0,0,0,0,0,0,0.3,0,0,0,0,0,0,0.1,0,0.9,0,0.6,0,0,0,0,0,0,0,0,0,0,0,0,0,0,0,0,0,0,0,0,0,0,0,0,0,0,0,0,0,0,0,0,0,0,0
17.5,75.5,143,0,0,0,0,0,0,0,0,0,0,0,0,0,0,0,0,0,0,0,0,0,0,0,0,0,0,0,0,0,0,0,0,0,0,0,0,0,0,0,0,0,0,0,0,0,0,0,0,0,0,0,0,0,0,0,0,0,0,0,0,0,0,0,0,0,0,0,0,0,0,0,0,0,0,0,0,0,0,0,0,0,0.5,30.9,0,0,0,0,0,0,0,0,0.5,0,0.6,0,0,0,0,0,0,10.1,4.1,0.8,0,0,2.1,0.6,0,0,2,0,0.1,0,0,0,0,0,0.2,1.2,0.7,2.1,0.8,0,0,0,2.5,0,0,0,0,0,0,0.1,14,0,0,0,0,0,0,0,0.3,4.6,0,0,2.6,7.3,2.1,0,0,1.4,0,0,0,0,0,0,0,0,0,0,0,0,0,0,0.7,0.5,0.2,0.1,0,0,0,0,0,0,0,0,0,0,0,0,0,0,1.4,2.9,4.5,0,0.2,0,4.7,0,2.9,1,0.2,6.1,2.4,11.1,4.1,0.3,9.6,0,0,0,3.4,0,0,0,0,0,0,0.8,0.5,0.1,0,10.1,4.8,9.2,4,9.9,0.5,0.6,2.5,19.5,1.1,46.3,13.9,0,0,1.1,15,9.1,0,9,61.4,36.4,20.7,7.7,0.6,11.2,9.7,4.4,12.4,66.7,0.4,0,0,0,2.6,0.1,0,0,0,0,0,0,0,0,0,0.6,0,0,0,0,0,0,0,0,0.5,0,0,0,0.6,0,0,0,0,2.4,17.1,0,0,0,20.8,6.9,0,0,0,17.6,7.6,0,0,0,0,0,0,0,0,0,0,0,0,0,0,0,0,0,0,0,0,0,0,0,0,0,0,0,0,0,0,0,0,0,0,0,0,0,0,2.3,4.3,0.1,1.2,0,0,0.9,0,0,0,0,0,0,0,0,0,0,0,0,0,0,0,0,0,0,0,0,0,0,0,0,0,0,0,0,0,0,0,0
18.5,75.5,144,0,0,0,0,0,0,0,0,0,0,0,0,0,0,0,0,0,0,0,0,0,0,0,0,0,0,0,0,0,0,0,0,0,0,0,0,0,0,0,0,0,0,0,0,0,0,0,0,0,0,0,0,0,0,0,0,0,0,0,0,0,0,0,0,0,0,0,0,0,0,0,0,0,0,0,0,0,0,0,0,0,10,0,0,0,0,0,0,0,0,4.6,0.3,0,0,0,0,0,0,0,0,0,0,0,0,0.9,1.6,0,0,3,0,0,0,0,0,0,0,1.2,0.8,3.2,0,0.7,0,0,0,0,2.4,0,0,0,0,0,0,0,0,0,0,0,0,0,0,0,0,0,0,3.2,3,6,0.9,0,0,0,0,0,0,0,1.4,0,0,0,0,0,0,0,0,0,17.8,6.9,1.2,0,0,0.9,0,0,0,0,5.6,14.1,29.8,0,0,0.7,38.1,3.9,4.9,21.6,4.2,1.4,1.5,3.8,0.7,15.3,13.9,2.5,9.1,2.8,0.3,0.8,4.9,11.7,3.9,0,0,0,0,0,0,0,0,0,0,1.4,0,0,0,18.5,15.7,0,2.9,24.5,26,16.7,7.8,22.1,10.5,14.7,2.8,6.7,9.9,25.3,14.9,1,14.8,19.2,14,1.7,18.7,5.3,11.9,20.4,13.8,22.1,34.3,10.6,8.2,0.6,0,0,0.5,0,0,1.5,0.8,0,0,0,0,6.6,0,0,0,0,0,0,0,0,2,7,0.2,0,0,0,0,0,0,0,8.3,14.9,0,0.4,0,3.1,8.2,0.6,0,0,24.7,6,0,0,0,0,0,0,0,0,4.8,0,0,0,0,0,0,0,0,0,0,0,0,0,0,0,0,0,0,0,0,0,0,0,0,0,0,0,0,0,0,0.9,0,10,2,5.7,0,0,0,0,0,0,0,0,0,0,0,0,0,0,0,0,0,0,0,0,0,0,0,0,0,0,0,0,0,0,0,0,0,0
19.5,75.5,145,0,0,0,0,0,0,0,0,0,0,0,0,0,0,0,0,0,0,0,0,0,0,0,0,0,0,0,0,0,0,0,0,0,0,0,0,0,0,0,0,0,0,0,0,0,0,0,0,0,0,0,0,0,0,0,0,0,0,0,0,0,0,0,0,0,0,0,0,0,0,0,0,0,0,0,0,0,0,0,0,0,0,0,0,0,0,0,0,0,0,0,0,0,0,0,0,0,0,0,0,0,0,0,0,0,0,0,0,0,10.2,0,0,0,0,0,0,5.4,0.3,0,2.2,1.2,0.8,0,0,0,0,0,0,0,0,0,0,0,0,0,0,0,0,0,0,0,0,0,0,0,1.8,0,0,0,0,0,0,0,0,0,0.3,0,0,0,0,0,0,0,0,0,1.3,12.9,1,1.5,3.4,0.2,0,1.6,2.6,0.2,27.7,2.5,25.8,1.9,0,13.9,24.3,14.7,11.2,2.9,9.3,2.2,2.7,3.4,0.2,12.2,9.3,11.2,18.3,5.6,4,3.3,0.3,28.8,31.1,0.4,0,0,0,0,0,0,0,0,0,0,0.1,9.2,2.2,4.2,0,0,0,6.8,16.8,17.5,11.7,5.7,11.8,29.1,15.1,3.7,18.7,30.8,6.1,11,5.2,3.2,4.3,23.7,23.4,7.6,4.2,5.2,29.4,18.6,37.3,26.6,13.4,6.8,1.6,0.5,3.9,0,0,0,0.8,0.2,0,0,18.5,10.3,13.6,0,0,0,0,0,0,0,1.2,0,0,0,0,0,0,0,0,0,0,0,0,3.1,0,1.2,10.1,0.1,0,0,1.6,4.6,0,0,0,0,0,0,0,0,0,0,0,0,0,0,0,0,0,0,0,0,0,0,0,0,0,0,0,0,0,0,0,0,0,0,0,0,0,0,0,0,22.9,24.3,9.3,2.4,4.7,16.2,0.2,0,0,0,0,0,0,0,0,0,0,0,0,0,0,0,0,0,0,0,0,0,0,0,0,0,0,0,0,0,0,0
20.5,75.5,146,0,0.7,0,0,0,0,0,0,0,0,0,0,0,0,0,0,0,0,0,0,0,0,0,0,0,0,0,0,0,0,0,0,0,0,0,0,0,0,0,0,0,0,0,0,0,0,0,0,0,0,0,0,0,0,0,0,0,0,0,0,0,0,0,0,0,0,0,0,0,0,0,0,0,0,0,0,0,0,0,0,0,0,0,0,0,0,0,0,0,0,0,0,0,0,0,0,0,0,0,0,0,0,0,1.3,0,0,0,0,0,3.5,0,0,0,0,0,3.2,0.9,0.1,0,1.8,1.8,0,0,0,0,0,0,0,0,0,0,0,0,0,0,0,0,0,0,0,0,0,0,0,0,0,0,0,0,0,0,0,0,0,0,0,0,0,0,0,0,0,0,0,0,0,0,0.3,2.5,0,4.6,0,0.7,1.4,3.1,7.4,7.5,9.7,25.5,11.1,8.9,40.8,15.8,11.2,30.2,17.4,6.4,46,10.8,3.5,2.6,2.4,6.7,1.7,0.4,3.4,7.2,15.6,9.2,2.2,0.9,3.7,0,0,0,0,0.2,0,0.8,1.5,3.1,1.5,2.7,24.6,10,2,5.7,3.4,17.8,15.3,36.7,13.7,0.9,18,15.6,57.9,18.2,3.5,20.6,7.1,16.6,18.3,6.2,3,24.8,0.8,7,25.9,9.6,48.7,27.6,9,94.6,108.6,38.4,0,4.9,1.3,1.5,4.9,2.4,4.6,1.5,0,0.6,56.9,23.8,1.1,0,0,0,0,0,0,0,0,0,0.5,0,0,0,0.8,0,0,9.2,0,0,0,0,0,1.4,1.8,0.7,8.4,5.7,4.9,1.6,0,0,0,0,0,0,0,0,0,0,0,0,0,0,0,0,0,0,0,0,0,0,0,0,0,0,0,0,0,0,0,0,0,0,0,0,0,0,0,0.5,8.9,11.4,8.6,0,7.2,4,0,0,0,0,0,0,0,0,0,0,0,0,0,0,0,0,0,0,0,0,0,0,0,0,0,0,0,0,0,0,0,0
21.5,75.5,147,0,0.1,0,0,0,0,0,0,0,0,0,0,0,0,0,0,0,0,0,0,0,0,0,0,0,0,0,0,0,0,0,0,0,0,0,0,0,0,0,0,0,0,0,0,0,0,0,0,0,0,0,0,0,0,0,0,0,0,0,0,0,0,0,0,0,0,0,0,0,0,0,0,0,0,0,0,0,0,0,0,0.3,0.4,0.2,0,0,0,0,0,0,0,0,0,0,0,0,0,0,0,0,0,0,0,0,0,0,0,0,0,0,0,0,0,0,0,0,0,0.2,0,0,0,0.2,0,0,0,0,0,0,0,0,0,0,0,0,0,0,0,0,0,0,0,0,0,0,0,0.3,0.9,0.3,0,0,0,0,0,0,0,0,0,0,0,0,0,0,0,0,0,0,0.7,1.5,0,4.9,0.6,32.9,5.2,0.4,1.4,0.6,0.8,19.5,10.5,4.9,21.5,16.4,20.4,7.9,3.2,4.4,23,8.8,7.7,14,38,19.8,6.1,5.9,0.8,2,3.2,1.5,10.2,21.5,4.6,3,1.3,0,0.4,5.6,0.6,2.5,8.3,4.6,8.9,0.4,0,1.3,13.6,18.9,15,0,11.6,6.1,5.7,21.6,7.8,0.6,6.1,15.6,24.1,10,7.7,6.1,3.4,8,15.2,45.4,2.4,4.7,2,3.8,19.8,5.4,23.7,11.6,9.5,14.6,56.5,18.7,2,1.3,0.1,0,0.5,0.8,5.5,1.4,13.9,0.3,6.1,5.4,2.5,0.2,0,0,0.6,0,0.7,2.6,5.7,0.3,3.8,1.8,0,0.7,6.7,0,0,0,0,0,0,0,0,0,0,0,25.1,14.1,4.8,0.3,0,2,0,0,0,0,0,0,0,0,0,0,0,0,0,0,0,0,0,0,0,0,0,0,0,0,0,0,0,0,0,0,0,0,0,0,0,0,0,0,1.7,8.4,9.2,0,0,1.2,0,0,0,0,0,0,0,0,0,0,0,0,0,0,0,0,0,0,0,0,0,0,0,0,0,0,0,0,0,0,0,0
22.5,75.5,148,0,0.6,0.1,1.2,0,0,0,0,0,0,0,0,0,0,0,0,0,0,0,0,0,0,0,0,0,0,0,0,0,0,0,0,0,0,0,0,0,0,0,0,0,0,0,0,0,0,0,0,0,0,0,0,0,0,0,0,0,0,0,0,0,0,0,0,0,0,0,0,0,0,0,0,0,0,0,0,0,0,0,0,0,0,0,0,0,0,0,0,0,0,0,0,0,0,0,0,0,0,0,0,0,0,1.1,0.3,0,0,0,0,0,0,0,0,0,0,0,0,0,0,2.4,2.6,0,0,0,0,0,0,0,0,0,0,0,0,0,0,0,0,0,0,0,0,0,0,0,0,0,0,0,0,0,0,0,0,0,0,0,0,0,0,0,0,0,0,8.4,0,0,0,0,0,1.3,6.7,11.5,0.2,5.2,0,4.8,12,15.3,17.3,0,12.5,10.7,9.8,5.9,15.5,7.6,14.8,8.8,13.3,48.4,28.1,8.7,1.9,9.9,4.1,4.7,2.1,12.6,4.5,21.5,2.7,9.2,11.5,0,1.3,2.5,1.4,2.6,7.5,4.5,1.8,1.6,0.9,0.2,7.4,0.3,0.5,0,3,10.1,1.3,7.8,6.1,0.3,0,0,7.6,51.2,36.7,9.1,12.2,15.7,4.9,5.1,0.6,2,11,17.5,4,38.5,35.1,3,8.8,24.6,50,21.1,10,0.9,0,0,2.7,1.4,19.2,48.5,49.7,6.3,9.8,5.8,1.1,0.8,0,0.5,0.8,2.6,1.8,0,15,13.4,30.8,0,4.7,0.9,1.3,2.7,0.4,8.3,0.2,0.8,0,0,0,0,0,25.6,11.7,27.6,0,0,0,0,2.3,0,0,0,0,0,0,0,0,0,0,0,0,0,0,0,0,0,0,0,0,0,0,0,0,0,0,0,0,0,0,0,0,0,0,0,0,0,2.7,25,2.2,0,0,1.3,0,0,0,0,0,0,0,0,0,0,0,0,0,0,0,0,0,0,0,0,0,0,0,0,0,0,0,0,0,0,0,0
23.5,75.5,149,0,0,0,3.1,0,0,0,0,0,0,0,0,0,0,0,0,0,0,0,0,0,0,0,0,0,0,0,0,0,0,0,0,0,0,0,0,0,0,0,0,0,0,0,0,0,0,0,0,0,0,0,0,0,0,0,0,0,0,0,0,0,0,0,0,0,0,0,0,0,0,0,0,0,0,0,0,0,0,0,0,0,0.9,0,0,0,0,0,0,0,0,0,0,0,0,0,0,0,0,0,0,0,0,0,0,0,0,0,0,0,0,0,0,0,0,0,0,0,0,3.2,4,0,0,0,0,0,0,0,0,0,0,0,0,0,0,0,0,0,0,0,0,0,0,0,0,0,0,0,0,0,0,0,0,0,0,0,0,0,0,0,1,0,0,3.6,0,0,0,0,0,4.6,13.4,0.9,3.6,0.8,0.2,1.4,6.3,0,0.4,20.3,3.3,1.2,2.9,0,0,8.8,71.6,30.1,0,1.6,22.1,4.7,1.2,2.3,0,0,0,2.3,9.4,5.7,30.5,8.9,17.7,0,0.7,13.8,7.6,10.7,1.1,2.1,3.2,0,0.2,0,0,2,0.5,1,0,8.4,1,11,35.5,1.3,0,0,8,9.3,4.5,15.5,2,8.1,9.8,4.7,0,0,11.8,5.6,12.3,2.7,2.9,1,1.4,0.9,17.1,15.9,1.4,0.7,0,0,0.2,9.8,43.6,11.1,54.9,26.8,1.1,4.5,0,0,0,0,2.1,0,0,0,0,1.8,51.8,8.4,5.6,26.3,2.7,0,0,0,5.4,0,0,0,0,0.5,0,1.5,11.1,1.4,0,0,0,0,0,0,0,0,0,0,0,0,0,0,0,0,0,0,0,0,0,0,0,0,0,0,0,0,0,0,0,0,0,0,0,0,0,0,0,0,0,0,0,0,0,0,0.8,4.9,0,0,0,0,0,0,0,0,0,0,0,0,0,0,0,0,0,0,0,0,0,0,0,0,0,0,0,0,0,0,0,0
24.5,75.5,150,0,0,0.6,4.1,0,0,0,0,0,0,0,0,0,0,0,0,0,0,0,0,0,0,0,0,0,0,0,0,0,0,0,0,0,0,0,0,0,0,0,0,0,0,0,0,0,0,0,0,0,0,0,0,0,0,0,0,0,0,0,0,0,0,0,0,0,0,0,0,0,0,0,0,0,0,0,0,0,0,0,0,0,0.6,0,0,0,0,0,0,0,0,0,0,0,0,0,0,0,0,0,0,0,0,0,0,0,0,0,0,0,0,0,0,0,0,0,0,0,0,0,0,0,0,0,0,0,0,0,0,0,0,0,0,0,0,0,0,0,0,0,0,0,0,0,0,0,0,0,0,0,0,0,0,0,0,0,4.8,2.3,4.9,7.1,0,1.2,1.2,0.5,0,0,0,0,0,0,0.2,0,0,0,0,0.2,0.1,2.2,15.5,21.4,0,0,3.6,2.8,1.4,4.9,0.2,10.2,19.7,27.3,19.7,16.3,14.6,43.4,5.5,0,0,0,3.5,13.5,39.2,49.2,21.6,0.1,12.2,26.2,58.3,83.2,12.1,22.4,4,0,0,0,0,1.4,0.3,3.2,3.5,2,0.4,0.4,1.4,0.9,0,0,1.7,2.3,13.9,26.5,1.7,0,6.1,1.9,6.3,0.5,0,0.1,26.3,20.3,0,0,0,5.9,19.5,37.8,1.3,0,0,0,1.6,7.6,43.8,7.2,18.1,36.6,0.4,1,0,0,0,0,0,0,0.9,4.8,0,0,23.3,17.2,0,3.4,39.6,0,0,0,0,1,0,0,0,0,0,0,0,2.8,0,0,0,0,0,0,0,0,0,0,0,0,0,0,0,0,0,0,0,0,0,0,0,0,0,0,0,0,0,0,0,0,0,0,0,0,0,0,0,0,0,0,0,0,0,0,0,0.7,0,0,0,0,0,0,0,0,0,0,0,0,0,0,0,0,0,0,0,0,0,0,0,0,0,0,0,0,0,0,0,0
25.5,75.5,151,0,0,0,1.9,0,0,0,0,0,0,0,0,0,0,0,0,0,0,0,0,0,0,0,0,0,0,0,0,0,0,0,0,0,0,0,0,0,0,0,0,0,0,0,0,0,0,0,0,0,0,0,0,0,0,0,0,0,0,0,0,0,0,0,0,0,0,0,0,0,0,0,0,0,0,0,0,0,0,0,0,0,0,0,0,0,0,0,0,0,0,0,0,0,0,0,0,0,0,0,0,0,0,0,0,0,0,0,0,0,0,0,0,0,0,0,0,0,0,3.3,0,0,0,0,0,0,0,0,0,0,0,0,0,0,0,0,0,0,0,0,0,0,0,0,0,0,0,0,0,0,0,0,0,0,0,1.6,0,0,0,0,0,0,0.6,0.8,0,0,0,0,0,0,4.4,1.2,0,0,0,0,0,3,2.2,0,16.1,0.2,0,0,0,4.7,26.7,0.9,12.7,10,40.2,24,17,38.6,0,0,0,0,0,35.4,13.6,71.4,67.4,2.6,2.4,0.4,10.1,21.6,24.7,24.7,17.2,1.2,0,0,0,35.4,15.8,6.4,1.4,1,0,0.8,28.4,18.8,0.2,0.2,0,0,0,1.2,0,0,9.8,3,32.7,0,0,14.4,13.6,17,0.5,0,0,0,42.2,11.3,6.2,0.3,0.6,0,0,16.8,10.8,0,24.9,12.4,0,0,0,0,0,0.3,0,0,0,0,0,1.9,54,76.4,0.2,3.6,77.6,0,0,0,0,0,0,0,0,1,0,0,0,0,0,0,0,0,0,0,0,0,0,0,0,0,0,0,0,0,0,0,0,0,0,0,0,0,0,0,0,0,0,0,0,0,0,0,0,0,0,0,0,0,0,0,0,0,0,0,0.9,10.4,0,0,0,0,0,0,0,0,0,0,0,0,0,0,0,0,0,0,0,0,0,0,0,0,0,0,0,0,0,0,0,0
26.5,75.5,152,0,0,0,0.7,0,0,0,0,0,0,0,0,0,0,0,0,0,0,0,0,0,0,0,0,0,0,0,0,0,0,0,0,0,0,0,0,0,0,0,0,0,0,0,0,0,0,0,0,0,0,0,0,0,0,0,0,0,0,0,0,0,0,0,0,0,0,0,0,0,0,0,0,0,0,0,0,0,0,0,0,0,0,0,0,0,0,0,0,0,0,0,0,0,0,0,0,0,0,0,0.1,0,0,0,0,0,0,0,0,0,0,0,0,0,0,0,0,0,0,0.6,0,0,0,0,0,0,0,0,0,0,0,0,0,0,0,0,0,0,0,0,0,0,0,0,0,0,0,0,0,0,0.1,0,0,0,0,2.2,0.3,2.8,0,1.3,0,0.2,0,1.5,0,0,0,0,0,0,0,0,0,0,0.8,9.1,0,0,0,0,29.9,0.1,0.2,1.1,0,15.1,0.8,0,11.6,6.6,8,8.8,0.1,10.1,0,0,0,0,0,0,5.2,15.2,0.9,8.1,20.1,0,3.8,27.4,9.1,0,0.4,0,0,0,0,16.2,19.2,1.4,0,0,0.2,0.2,0,1.2,0,0,0,0,0,0,0,1.3,1,15.1,0.9,0,0,2.5,1.7,20.1,4.5,0,0,0,0,18.4,11.6,2.4,0,0,0,5.5,0.7,11.1,0.5,9.3,0,0,0,0,0,26.4,0,0,0,0,0,33.1,0.5,8.1,5,0,6.5,0,0,0,0,0,0,0,0,0,0,0,0,0,0,0,0,0,0,0,0,0,0,0,0,0,0,0,0,0,0,0,0,0,0,0,0,0,0,0,0,0,0,0,0,0,0,0,0,0,0,0,0,0,0,0,0,0,0,0,0,2.8,0,0,0,0,0,0,0,0,0,0,0,0,0,0,0,0,0,0,0,0,0,0,0,0,0,0,0,0,0,0,0,0
27.5,75.5,153,0,0,0,0,0,0,0,0,0,0,0,0,0,0,0,0,0,0,0,0,0,0,0,0,0,0,0,0,0,0,0,0,0,0,0,0,0,0,0,0,0,0,0,0,0,0,0,0,0,0,0,0,0,0,0,0,0,0,0,0,0,0,0,0,0,0,0,0,0,0,0,0,0,0,0,0,0,0,0,0,0,0,0,0,0,0,0,0,0,0,0,0,0,0,0,0,0,0,0,0,0,0,0,0,0,0,0,0,0,0,0,0,0,0,0,0,0,0,0,0.2,0,0,0,0,0,0,0,0,0,0,0,0,0,0,0,0,0,0,0,0,0,0,0,0,0,0,0,6.2,0,3.3,0,0,0,0,0,0,4.2,0.8,0,0,0,0,0,0,0,0,0,3.9,0,0,0,0,0,0.2,0,0.4,0.1,0,3.3,0.5,0,0,16.5,0,36.3,3.5,0,1.6,4.1,56.1,1.7,0,0,0,0,0,0,0,0,22.8,34.7,0.6,9.5,31.2,8.9,0,9.2,0.1,0.9,16.2,5.8,0.6,0,0.4,0,12.9,3.1,0,0,0,0,6.4,0,0,0,0,4.4,8.9,11.4,0,0,0,4,2.4,0,2.9,6.5,11.9,1.1,0.1,0.1,0,0,0.1,13.3,5.8,6.9,0,0,0,2.1,0.5,3.6,10.6,20.6,0,0,0.2,0,0,6.6,0,0,0,0,0.2,1.9,0.4,12.6,14.2,54.2,4.5,0,0,0,0,0,0,0,0,0,0,0,0,0,0,0,0,0,0,0,0,0.8,0.2,0,0,0,0,0,0,0,0,0,0,0,0,0,0,0,0,0,0,0,0,0,0,0,0,0,0,0,0,0,0,0,0,0,0,0,0,0,0,7.6,0,0,0,0,0,0,0,0,0,0,0,0,0,0,0,0,0,0,0,0,0,0,0.3,0,0,0,0,0,0,0,0,0
28.5,75.5,154,1.8,0,0,0,0,0,0,0,0,0,0,0,0,0,0.1,0,0,0,0,0,0,0,0,0,0,0,0,0,0.5,0,0,0,0,0,0,0,0,0,0,0,0,0,0,0,0,0,0,0,0,0,0,0,0,0,0,0,0,0,0,0,0,0,0,0,0,0,0,0,0,0,0,0,0,0,0,0,0,0,0,0,0,0,0,0,0,0,0,0,0,0,0,0,0,0,0,0,0,0,0,0,0,0,0,0,0,0,0,0,0,0,0,0,0,0,0,0,0,0,0,0,0,0,0,0,0,0,0,0,0,0,0,0,0,0,0,0,0,0,0,0,0,0,0,0,0,0,0.3,0,0,0.3,7,0,0,0,0,0,1.2,4.6,0,0.6,0,0.2,0,0,0,0,0,0,0,0.9,0,1.2,0,0.2,0,0.1,0,0,0,2.6,1.6,0,8,0,0.6,0,0,0,14.8,8.7,5.1,0,0,0,0,0,0,0,1.4,11.1,0,1.7,0,6.4,20.9,0.5,1.7,0,2.8,0,0,0.8,0,0.3,0,0.1,0.1,0.1,0,0,0,6.8,0.3,0,0,0,4.7,0,0,6.9,0,0,1.8,1.8,2.4,0,6.3,0.4,7.6,0,0,0,0,0,68.2,13,2,0,0,0,0.8,1.5,11,45.2,11.3,0,0,1.2,0,3.6,0,0,0,0,0,0,0,3.9,0.2,5.1,25.3,3.3,0.4,0,0,0,2.1,0,0,0,0,0,0,0,0,0,0,0,0,0,0,0,0.4,0,0,0,0,0,0,0,0,0,0,0,0,0,0,0,0,0,0,0,0,0,0,0,0,0,0,0,0,0,0,0,0,0,0,0,0,0,0,0.2,2.8,0,0,0,0,0,0,0,0,0,0,0,0,0,0,0,0,0,0,0,0,0,0,9.9,0,0,0,0,0.3,0,0,0,0
29.5,75.5,155,0,0,0,0,0,0,0,0,0,0,0,0,0,0,0,0,0,0,0,0,0,0,0,0,0,0,0,0,0,0,0,0,0,0,0,0,0,0,0,0,0,0,0,0,0,0,0,0,0,0,0,0,0,0,0,0,0,0,0,0,0,0,0,0,0,0,0,0,0,0,0,0,0,0,0,0,0,0,0,0,0,0,0,0,0,0,0,0,0,0,0,0,0,0,0,0,0,0,0,0,0,0,0,0,0,0,0,0,0,0,0,0,0,0,0,0,0,0,0.1,0,0,0,0,0,0,0,0,0,0,0,0,0,0,0,0,0,0,0,0,0,0,0,0,0,0,0,0,0,0,0,0,0,0,0,0,0,0,2,0,0,0,0,0,5.4,0,0,0,0,0,0,0,0,0,0,0,0,0,0,0,0,6.4,0,0,20.2,0,0,0,0,37.8,23,0,0,0,0,0,0,0,0,0.6,0,0,0,0,0.5,0,0,0,0,0,0,0,0,0,0,0,14.7,3.8,0.4,0,0,0,0,0,0,0,0,0,0,0,0,0,0,0,0,0,0,7.3,0,0.2,0,0,0,0,0,68.2,28.8,0,0.2,0,0,0,0,15.8,30.8,25,0.5,0,27.8,0,6.6,0,0,0,0,0,7.4,7.4,0,13.4,46.9,1.6,0,23.9,0,0,0,0,0,0,0,0,0,0,0,0,0,0,0,0,0,0,0,0,0,0,0,0,0,0,0,0,0,0,0,0,0,0,0,0,0,0,0,0,0,0,0,0,0,0,0,0,0,0,0,0,0,0,0,0,0,0,0,0,0,0,0,0,0,0,0,0,0,0,0,0,0,0,0,0,0,0,0,0,0,0,0.4,0,0,0,0,0,0.5,0,0,0
30.5,75.5,156,0,0,0,0,0,0,0,0,0,0,0,0,0,0,0.1,0,0,0,0,0,0,0,0,0,0.1,0,0,0,0.6,0,0,0,0,0,0,0,0,0,0,0,0,0,0,0,0,0,0,0,0,0,0,0,0,0,0,0,0,0,1,0,0.6,3.8,6.6,0,0,0,0,0,0,0,0.1,0,0,0,0,0,0,0,0,0,0,0,0,0,0,0,0,0,0,0,0,0.2,0,0,0,0,0,0,0,0,0,0,0,0,0,0,0.1,0,0,0,0,0,0,0,0,0,0,0,0,0,0,0,0,0,0,0,0,0,0,0,0,0,0,0,0,0,0,0,0,0,0,0,0,0,0,0,0,0,0,0,0,0,0,0,0,0,0.3,0,0,0,0,0,0,6,0,0,0,0,0.9,0,0,0.2,10.3,0,0,0,0,3,1.5,0,0,0,0.3,0.6,0.2,0.6,0,16.3,88.5,4.7,16.7,10.8,0,0,0,0,26.9,3.2,20.8,0,0,0,0,0,0.2,0.1,0,0,26.4,0.2,0,0,0,0.1,0,0,2.4,12,2.1,0.6,0,0,0.8,0,0.6,0,6.3,0,0,0,0,0,0,11.1,0,0.1,2.5,2.1,0.9,1.9,0.9,0,0,0,13,56.4,6.8,2.5,0,0.6,0,2.5,20.9,74.6,8,0,0,52.1,0,2.7,0,0,0,0,0,0,0,0,48.2,73.4,53.6,10.7,12.2,4,1.9,0.3,0,0,0,0,0,0,0,0,0,0,0,0,0,0,0,0,0,0,0,0,0,0,0,0,0,0,0,0,0,0,0,0,0,0,0,0,0,0,0,0,0,0,0,0,0,0,0,0,0,0,0,0,0,0,0,0,0,0,0,0,0,0,0,0,0,0,0,0,0,0,0,0,0,0,0,0,0,0,2.6,14.3,0,0,0,0,10.3,7.1,0,0,0
31.5,75.5,157,0,0,0,0,0,0,0,0,0,0,0,0,0,1.6,18.4,0,0,0,0,0,0,0,0,0,1.8,0.3,0,0,2.9,0,2.3,0,0,0,0.4,6,0,0,0,0,0,0,0,0,0,0,0,0,0,0,0,0,0,0,0,0,0,0.5,1.2,0,1.2,4.2,8.2,0,0,0,0,0,0,0.6,2.4,0,0,0,0,0,0,0,0,0,0,0,0,0,0,0,0,0,0,0,0.5,3.7,0,0,0,0,0,0,0,0,0,0,0,0,0,0,0,0,0,0,0,0,0,0,0,0,0,0,1.6,0,0,0,0,0,0,0,0,0,0,0,0,0,0,0,0,0,0,0,0,0,0,0,0,0,0,0,0,0,0,0,0,0,0,0,0,0,0,0,0,0,0,0,0,0.5,0,0,0,0,0,0,0.2,0.3,17.7,0,0.2,0,0,2.7,20.9,0,0,0,3.4,15,4.2,0,0,12.6,45.4,0.8,2,1.7,0,1.3,2.8,0,9.9,27.8,22.8,2.2,0,0,0,9.4,21.7,2.3,0,4.2,0,3.1,8.5,6,2.3,14.3,0.7,0,12.8,26.2,0.7,0.4,4.3,13.2,4,0,11.6,0,0,0,0,0,0,0,33.7,5.4,0,9.4,0,3,4,0,0,0,0,3.7,39,22.4,15.8,0,0.6,5.5,9.2,28.2,9.9,33.3,2.2,0.3,11.3,3.1,4.1,3.9,0,0,0,0,0,0,0,2.5,6.8,47.8,68.1,10.3,18.3,19.6,92.7,10,0,0,0,0,0,0,0,0,0,0,0,0,0,0,0,0,0,0,0,0,0,0,0,0,0,0,0,0,0,0,0,0,0,0,0,0,0,0,0,0,0,0,0,0,0,0,0,0,0,0,0,0,0,0,0,0,0,0,0,0,0,0,0,0,0,0,0,0,0,0,2.9,8.9,14.2,0,0,0,0,0.1,5.9,17.6,0,0,0,0,3.4,5.2,0,0,0
32.5,75.5,158,0,0,0.4,0,0,0,0,0,0,0,0,0,0,0,4.5,1.4,0,0,0,0,0,0.1,0.1,0,0,1.8,3.1,0.1,4.9,5,0,0,1.4,0.7,0,0.4,0,0,0,0,0,0,0,0,0,0,0,0,0,0,0,0,0,0,0,0,0,0,31,0,0,2.4,28,0,0,0,0,0,0,0,3.8,0,0,0,0,0,0,0,0,0,0,0,0,0,0,0,0,0,8.8,0,0.5,1.9,8.8,0,0,0,0,0,0,0,0,0,0,0,0,0,0,0,0,0,0.3,0,0,0,0,0,0,0,11.2,0.5,0,2.2,0,0,0.3,0,0,0,0,0,0,0,0,0,0,0,0,0,0,0,0,0,0,0,0,0,0,1.1,0,0.7,0,0,0,0,0,0.1,0.3,0,0,0.2,0,0,0,0.6,0,0,0,0,0,0.1,0,0,12.9,0,0,0,0,3.3,2.7,2,0,0,0,0,7.2,2,0,0,44.8,1.5,0,4.7,16.2,0,13.1,38.5,14.6,26.4,128.3,0,0,0,6.4,34.3,30.8,32.1,94.6,9.5,67.7,0,34.4,39.6,25,35.3,64.6,14.7,1.1,62.3,60.1,8.7,2.6,10.9,36.4,1.1,0,2.5,0,0,0,0,0,43.1,30,0.2,3.6,0,0,0,0.2,0,0,0,0,0,9.2,17.6,21.2,0,1.6,19.8,20.3,6.8,6.4,7,0,0,24.1,0,30.6,21.5,0,0,0,0,8.4,0,0,0,47.5,16.5,85.2,28.8,29.1,36.7,10.5,0,0,0,0,0,0,0,0,0,0,0,0,0,0,0,0,0,0.7,0,0,0,0,0,0,0,0,0,0,0,0,0,0,0,0,0,0,0,0,0,0,0,0,0,0,0,0,0,0,0,0,0,0,0,0,0,0,0,0,0,0,0,0,0,0,0,0,0,0,0,0,0,0.4,23.9,34.9,0,0,0,0,0,2,32.4,6.1,0,0,0.3,2.7,7.4,0,0,0
33.5,75.5,159,0,0.7,0.2,0,0,0,0,0,0,0,0.2,0,0,0,9.6,0.6,0.9,0,0,0,0,0.6,6.1,0,0,0.7,3,1.1,3.6,3.5,0,0,1.9,0,0,6.9,0,0,0,0,0,0,0,0,0,0,0,0,0,0,0.2,0,0,0,0,0,0,0,5.9,1,0.3,5.8,12.1,0,0,0,0,0.7,0,0,11.4,0,0,0,0,0,0,0,0,0,0,0,0,0,0,0,0,3.8,4.2,0,0,2,9.6,0,0,0,0,1.2,0.2,0,0,0,0,0,0,0,0,0,0,0.7,2.7,0,0,0,0,0.1,0,0,4,0.2,0,0.6,0,0,0.1,0,0.7,0,0,0.1,0,0,0,0,0,0,0,0,0.4,0,0,0,0,0,0,0,0,0.5,0.5,1.7,0,0,0,0,0,0,1.1,0,0,0,0,0,0,0.4,0,0,0,0,0,0,0,0,1.2,0,0,0,0,40.8,8.2,0.3,0,6.4,0,0,6.2,21.2,0.3,0,19.7,3.9,10,5.7,68.6,0,5.8,48.8,11.3,29.8,49.3,0,0,18.7,3.2,22.8,25.8,29.3,71,13,20.8,1.7,16.1,14,5.7,55.9,93.2,22.7,18.8,111.4,36.2,18.2,19.9,27.2,5.7,1,20.1,0,0,0,0,0,0,14.2,46,8.6,10.9,1.9,0.2,0,7.4,0,0.6,0,0,1.7,2.9,25.4,42.3,0,0.7,11.6,6.1,15.1,12.1,10.8,0,0,21.9,1,25.6,2.5,0,0,0,13.7,16.5,0,0,0,27.4,18,40,44.4,11.1,30.7,9.6,0,0,0,0,0,0,0,0,0,0,0,0,0,0,0,0,8.6,3.1,0,0,0,2.3,0,0,0,0,0,0,0,0,0,0,0,0,0,0,0,0,0,0,0,2,0,0,0,0,0.2,0,0,0,0,0,0,0,0,0,0,0,0,0,0,0,0,0,0,0,0,0,0,0,0,1.9,42.6,13.6,0,0,0,0,0,18.6,27.8,3.1,0,0,0,11.7,4.8,0,0,0
34.5,75.5,160,0,0,0,0,0,0,0,0,0,0,0,0,0,0,4.3,0,0,0,0,0,0,1.3,0,0,0,0,0,0,0,0,0,0,0,0,0,13.5,0,0,0,0,0,0,0,0,0,0,0,0,0,0,0.5,0,0,0,0,0,0,0,1,0.3,0,7.6,14.7,0,0,0,0,1.5,0,0,12.2,0,0,0,0,0,0,0,0,0,0,0,0,0,0,0,0,1.3,2.3,0,0,1.8,2,0,0,0,0,2.5,0.5,0,0,0,0,0,0,0,0,0,0,0,0,0,0,0,0,0.3,0,0,0,0.5,0,0,0,0,0.3,0,0,0,0,0.3,0,0,0,0,0,0,0,0,0,0,0,0,0,0,0,0,0,0,1,0,0,0,0,0,0,0,0,0,0,0,0,0,0,0.8,0,0,0,0,0,0,0,0,0,0,0,0,0,75.6,4.2,0,0,13.2,0,0,0,5.1,0,0,5.2,0,0,0,81.2,0,0,39,0,40.4,14.1,0,0,30.3,0,12.2,8,0,38.2,2.2,0,0,0,10,1,49,116.3,45,38.3,158.4,18.4,24.6,0,30.4,0,0,39.6,0,0,0,0,0,0,1.2,81.6,1.8,2.4,4,0,0,0,0,0,0,0,0,2,32.2,64.2,0,0,8,5,23.2,2.6,0,0,0,25.2,2,33.4,2.2,0,0,0,0,0,0,0,0,0,20.3,26.3,80.6,0,35.2,6,0,0,0,0,0,0,0,0,0,0,0,0,0,0,0,0,0,6.2,0,0,0,0,0,0,0,0,0,0,0,0,0,0,0,0,0,0,0,0,0,0,0,4.2,0,0,0,0,0.4,0,0,0,0,0,0,0,0,0,0,0,0,0,0,0,0,0,0,0,0,0,0,0,0,3.4,40.8,8.4,0,0,0,0,0,9.8,37.4,3.6,0,0,0,0.4,3.6,0,0,0
35.5,75.5,161,0,0,0,0,0,0,0,0,0,0,0,0,0,0,3.7,0,0,0,0,0,0,1.1,0,0,0,0,0,0,0,0,0,0,0,0,0,11.5,0,0,0,0,0,0,0,0,0,0,0,0,0,0,0.4,0,0,0,0,0,0,0,0.9,0.3,0,6.5,12.5,0,0,0,0,1.3,0,0,10.4,0,0,0,0,0,0,0,0,0,0,0,0,0,0,0,0,1.1,2,0,0,1.5,1.7,0,0,0,0,2.1,0.4,0,0,0,0,0,0,0,0,0,0,0,0,0,0,0,0,0.3,0,0,0,0.4,0,0,0,0,0.3,0,0,0,0,0.3,0,0,0,0,0,0,0,0,0,0,0,0,0,0,0,0,0,0,0.9,0,0,0,0,0,0,0,0,0,0,0,0,0,0,0.7,0,0,0,0,0,0,0,0,0,0,0,0,0,64.3,3.6,0,0,11.2,0,0,0,5.2,0.6,0.3,4.9,1.5,4.7,3.9,69.3,0.3,0,33.2,0,34.4,12,0,0,25.8,0,10.4,6.8,0,32.5,1.9,0,0,0,8.5,0.9,41.7,98.9,38.3,32.6,134.8,15.7,21,0,25.9,0,0,33.7,0,0,0,0,0,0,1,69.4,1.5,2.1,3.4,0,0,0,0,0,0,0,0,1.7,27.7,54.7,0,0,6.8,4.3,19.7,2.8,8.3,10.7,14.7,26.3,2.8,29.6,2.1,0,0,0,0,0,0,0,1.1,0.9,17.7,22.4,68.6,0,30,5.1,0,0,0,0,0,0,0,0,0.1,0.4,0.1,0,0,0,0,0,0,5.3,0,0,0,0,0,0,0,0,0,0,0,0,0,0,0,0,0,0,0,0,0,0,0,3.6,0,0,0,0,0.4,0,0,0,0,0,0,0,0,0,0,0.2,0,0,0,0,0,0,0,0,0,0,0,0,0,2.9,34.9,7.2,0,0,0,0,0.4,9.1,31.8,3.1,0,0,0,0.4,3.1,0,0,0
36.5,75.5,162,0,0,0,0,0,0,0,0,0,0,0,0,0,0,2.8,0,0,0,0,0,0,0.9,0,0,0,0,0,0,0,0,0,0,0,0,0,8.9,0,0,0,0,0,0,0,0,0,0,0,0,0,0,0.3,0,0,0,0,0,0,0,0.7,0.2,0,5,9.6,0,0,0,0,1,0,0,8,0,0,0,0,0,0,0,0,0,0,0,0,0,0,0,0,0.9,1.5,0,0,1.2,1.3,0,0,0,0,1.6,0.3,0,0,0,0,0,0,0,0,0,0,0,0,0,0,0,0,0.2,0,0,0,0.3,0,0,0,0,0.2,0,0,0,0,0.2,0,0,0,0,0,0,0,0,0,0,0,0,0,0,0,0,0,0,0.7,0,0,0,0,0,0,0,0,0,0,0,0,0,0,0.5,0,0,0,0,0,0,0,0,0,0,0,0,0,49.6,2.8,0,0.2,8.7,0,0.2,0,5.1,1.5,0.6,4.5,3.6,11.2,9.1,53.7,0.6,0,25.6,0,26.5,9.3,0,0,19.9,0,8,5.2,0,25.1,1.6,0,0,0,6.6,0.7,32.2,76.3,29.6,25.2,104,12.1,16.2,0,20,0,0,26,0,0,0,0,0,0,0.8,53.5,1.2,1.6,2.6,0,0,0,0,0,0,0,0,1.4,21.7,42.3,0,0,5.2,3.3,15.2,3.2,19.7,25.4,34.7,28.1,4,24.8,2,0,0,0,0,0,0,0,2.7,2,14.3,17.3,52.9,0,23.1,3.9,0,0,0,0,0,0,0,0,0.3,0.9,0.3,0,0,0,0,0,0,4.1,0,0,0,0,0,0,0,0,0,0,0,0,0,0,0,0,0,0,0,0,0,0,0,2.8,0,0,0,0,0.3,0,0,0,0,0,0,0,0,0,0,0.4,0.1,0,0,0,0,0,0,0,0.2,0,0,0,0,2.2,27.1,5.5,0,0,0,0,1,8.2,24.6,2.4,0,0,0,0.5,2.4,0,0,0
8.5,76.5,163,0,0,0,0,0,0,0,0,0,0,0,0,0,0,16.5,0,0,0,0,0,0,0,0,0,0,0,0,0,0,0,0,2.5,1.5,0,0.1,7.8,1.3,0,22.6,0,0,1.8,0,0,0,0,0,0,0,0,0,0,0,0,0,0,0.1,0,0,0,0,0,0,0,0,0,0,0,0,0,0,0.4,0,1.6,4.1,0,0,0,0,0,1.6,0,0,11.7,6.7,4.9,0,0,47.4,0,1.5,0,2.6,0,0.7,0,5.4,0,0,0,15,0.1,1.7,1.9,8.9,13.3,8.7,0,0.3,8.4,1.7,0,0,0.2,11.6,0,26.1,13.1,10.4,9.3,11.5,8.5,7.7,1.3,33.5,44.4,0,0,8.9,5.7,24,20.9,28.3,15.3,10.6,12.9,10.4,0.3,4.1,3.1,0,0,2.7,0.2,8.6,7.6,16.7,8.7,6.7,7.8,0,0,1.4,8,13.1,23.3,7.9,39,0.2,3.7,8.9,8.2,16.8,9.1,20.6,37.6,46,49.8,17.1,9.5,16.8,20.2,0.3,2.1,15.4,40.4,36.2,36,166.4,23.8,36.8,19.7,22.2,31.5,3.8,3.8,0,0,0,0,6.2,9.8,9.5,0,0,10.3,23,0,0,4.8,4.2,1.5,0,0,2.3,1.6,0.3,0.1,0.6,2.9,13.1,1.5,4,0.5,0,7.7,9.9,15.6,62.4,4.3,0,7.6,6.2,11.8,1.3,14.7,7.4,4.8,21,6.7,33.4,10.2,23.3,8.6,13.1,6.8,8.6,0.3,0.1,1.3,8,2.5,1.1,0.4,1.2,3.8,2.5,0,0,0,0,0,0.1,0,0,6.7,0,0,0,0,0,0,0,0,0,0,0,1.6,0,0,0,5.9,0,0,0,0,0,0,0.5,43.2,25.4,21.1,0.4,1.1,9,60.4,2.6,1.1,1,7.3,0,0,3.2,3.9,0,0,0,0,0,1.5,0,21,13.6,2.5,0.9,12.9,13.5,1.8,0,2.4,0.8,0,1,13.2,0,0,4.6,3.9,0,0,14.9,0,4.1,0.2,8,14.9,7.5,5.9,0,0.1,0,0,3.1,12.3,0,2.9,0,0,0.9,0,0,0,0,0,0,0,0,0,0,0,0,0,0,0,0,0,0,0,0.8,0.2,0,0,0,0,0
9.5,76.5,164,5.4,0,0,0,0,0,0,0,0,0,0,0,0,0,0,0,0,0,0,0,0,0,0,0,0,0,0,0,0,0,0,16.1,0,0,0,29.8,0,0,0,0,0,0,0,0,0,0,0,0,0,0,0,0,2.1,0,0,0.4,0,0,0,0,0,0,0,0,0,0,0,0,0,30.1,0,0,16.5,6.8,0.7,0,0,0,0,0,0,1.1,0,0,4,1,4.1,4.8,1.4,0,6.5,0,12.9,0,0,11.3,7.2,0,0,0.3,2.7,6.3,3.2,6.7,6.2,4.9,19.2,4.4,0,37.2,8.9,0,0,0,1.1,0,12.6,2.3,21.7,1.5,10.1,12.9,18,0,56.6,21.6,51.2,2.1,10.1,4.7,23.6,54.5,68.2,14.6,10.4,27.7,0.3,0,0,0.3,2.2,2.6,12,2.7,12.9,14,27.5,1.1,4.1,20.1,1.2,1.3,5.3,3,13.9,13.7,29.5,26.4,0,0,10.7,0.2,16.5,2.7,22,72.3,28.6,83,26.8,9.9,29.1,19,5.6,16.8,26.4,34.2,49.4,51.1,89.9,49.2,24.8,26.9,32.4,72.9,13.3,2.8,0,0.3,2.8,0,12.7,18,8.7,0,2,21.4,42.7,0,1.5,1.9,0,4.9,5.8,23.3,5.3,1.6,2.3,5.5,4,20.7,9.5,6,4.4,6.3,4.4,20.3,2.5,64.4,114.6,4.5,0.8,8,11.4,8.7,4.4,33,6.1,5.1,3.1,2.9,7.3,8.5,42.3,30.6,12.9,9.8,24.9,10.5,2,4.1,7.7,13.7,7.5,20.7,8.3,6.8,0,2.9,0.3,0,0,0.2,2.1,6.4,0,0,0,3.2,0.1,0,0.8,11.2,0,0,0,0,0,0,0,0,0,9.6,0,0.5,0,0,0,0,63.1,57.6,35.1,35.3,7.3,0.5,1.8,18.6,1.9,6.5,9.2,5,0.3,6.4,8.1,9.8,3.1,0,0,0,0,0,0.6,4.4,7.6,8.3,15.6,23.8,21,4.7,0,0.7,2,35.5,2.5,0,3.4,13.2,7.9,8.7,0,0,17,1.1,3.9,0.6,0.6,11,5.2,1.9,0,0,0,1.3,8.3,0.2,7.8,0,0,0,6.1,0,0,0,0,4.8,0,0,0,0,0,0,0,0,0,0,0,0,0,0,0,0.1,0.2,1.9,0.3,0,0
10.5,76.5,165,0,0,0,0,0,0,0,0,0,0,0,0,0,0,0,0,0,0,0,0,0,0,0,0,0,0,0,0,0,0,0,0,0,0.2,15.6,0,0,0,0,0,0,0,0,0,0,0,0,0,0,0,0,0,0,0,0,0,0,0,0,0,0,0,0,0,0,0,0,0,0,3.7,9.5,0.7,1.3,0,0.2,0,0,0,0,0,0,3.9,0,0,0,11.2,0,1.4,0,0,0,0,0,0,0,1.8,0.7,0,0,0,0.6,0,12,4.2,20.8,0.6,0,0,0,0,12.2,0,0,0,5.3,2.1,14.5,13.7,6.9,2.3,7.6,17.7,30.7,6.4,39.9,9,3.2,26.3,0.6,15.7,27.4,27.6,33.4,6.3,10.7,19.8,1.1,0,0.4,0,2.4,0,13.4,27.6,2.9,13.6,3.8,0,4.3,0,0.3,0,0,0.4,0,0.3,0,0,0,0,0,0,0,10.5,0.7,8.4,11.3,43.6,26.3,17,24.3,6.7,8.9,28.2,10.4,17.5,42.6,60.4,41.9,71.2,40.8,45.9,57.2,37.8,22.9,13.3,0.7,2,16.5,7,29.5,80.1,20.4,2,5.8,27.4,52.7,34.8,22.8,5,0,2.3,22.9,21.6,2.9,4.5,0,4.1,9.4,3.1,11.9,0.8,0.3,0,4.3,14.1,0.5,7.7,59.9,1.5,1.7,2,11.2,3.8,20.5,0.4,4.3,2.9,10.9,28.8,11.7,18.2,33,33,16.6,12.3,32.5,9,8.8,15.8,15.1,6.9,7.5,6.8,5.8,2.2,0,0,0,0.3,0.2,0.2,6.3,3.6,1,0,0,0,0,0,0,1.3,0.2,0,0,0,0,0,0,0,0,0,0,0,0,0,0,0,1.4,10.2,7.4,17.1,3.4,0,3.7,0.3,0.7,0,6.1,2,4.5,0.4,0,0,0.2,0.3,0,0,3.7,5.8,13.8,8.6,12.5,22.8,26.2,0.3,6.8,2.5,0,0,0,0,7.3,4.2,18,0,6.8,5.8,0,8.2,15.3,4.7,0,2.2,16.6,16.3,46.7,2.6,6.4,0,3.4,0,0,0,0,0,0,0,0.6,0,0,0,0,0,0,0,0,0,0,0,0,0,0,0,0,0,0,0,0,0,0,0,0,0,0
11.5,76.5,166,0,0,0,0,0,0,0,0,0,0,0,0,0,0,0,0,0,0,0,0,0,0,0,0,0,0,0,0,0,0,0,0,7.1,0,0,0,0,0,0,0,0,0,0,0,0,0,0,0,0,0,0,0,0,0,0,0,0,0,0,0,0,0,0,29.2,0,0,0,0,0,0,0,0,0,0,0,0,0,0,0,0,0,0,0,0,0,0,0,0,0,32.3,6.9,0,0,0,0,0,8.9,25.4,10.9,0,0,0,0,0,13.5,0,0,0,0,0,9.1,0,0,0,63.5,0,0,0,0,0,5.1,0,15.7,0,7.6,0,2.3,0,0,0,23.1,19.1,35.8,0,0,11.9,0,0,0,0,0,0,0,0,8.9,0,0,12.4,0,6.2,2.4,0,0,0,0,0,0,0,0,0,0,0,0,0.2,0,0,0,7.3,8.2,14.2,0,8.1,0,5.3,4.3,9.2,4.1,12.4,6.8,2.6,39.4,57,54.2,61.4,7.2,6.1,0,2,21.2,7.2,31.2,204.2,66.1,0,20.2,28.2,61,58,54,33,9.3,2.8,8.2,3.2,0,0,20,9.1,9.4,0.2,0,0,0,5.4,0,12.2,2,0,19.4,0,16.4,9,19.1,0,0,11.1,28.2,5.2,5.1,64.3,39.1,4.1,6.3,17.1,14,7,14.2,8,12,0,22.4,36,38,0,8.2,0,0,0,9.1,5.2,20.4,6.1,1.4,0,1.6,0,19.2,0,0,0,0,0,4,0,9,0,0,0,0,8.3,0,0,19.3,0,0,0,0,0,9.1,5.2,20.4,6.1,1.4,0,0,0,18.1,0,0,33.3,9.4,0,4,0,9,0,0,0,0,8.3,0,0,0,19.3,0,0,5.1,0,0,0,0,0,0,0,0,0,7.3,6.4,0,0,0,0,0,1,54.2,13,9.2,0,0,0,5,0,0,0,0,0,0,0,0,0,0,0,0,0,0,0,0,0,0,0,0,0,0,0,0,0,0,0,0,0,0,0,0,0,0
12.5,76.5,167,0,0,4.3,0,0,0,0,0,0,0,0,0,0,0,0,0,0,0,0,0,0,0,0,0,0,0,0,0,0,0,0,0,0,0,0,0,0,0,0,0,0,0,0,0,0,0,0,0,0,0,0,0,0,0,0,0,0,0,0,0,0,0,2.3,0,0,0,0,0,0,0,0,0,0,0,0,0,0,0,0,0,0,0,0,7.2,0,5.1,25.2,0,1.8,0.8,0,0,0,0,0,0,0,5,0,0,5.2,0,3.1,1.6,16.2,0,0,0,0,7,1.6,0,0.8,2.4,8.6,0,0,1.6,0,0,0,0,21.6,0,1.4,1.7,11.2,1.8,0.8,1.4,0.9,37.9,19,13.2,29,0,21.7,0,0,0.3,0,0,2.3,24.4,0,0,0,0,0,0,0,1.3,0,15.1,0,0,0,0,0,0,0,7.2,0.7,0,0,0,0,0,0,0,0,0,0,0,0,0,0,0,0,3.3,1.2,5.6,5.4,2.3,0,0,1.6,2.5,0,1.2,1.3,1.2,2.8,0,4.5,24.5,0.8,1.2,1.2,0.8,0,0,0,2.4,0,0,0,0,0,0,0,0,0,1.7,0,4.4,0.9,3.3,24.9,6.2,4.3,14.5,0,0,0,0.3,2.1,0.5,0,2.8,0,0,5.2,0,0,0,0,0,0,0,0,0,0,0,0,0,0,0,0,3.5,0,0,0,0,0,0,0,0,0,0,1.9,37,2.3,46.2,2.4,0.4,0,0,0,0,11.8,0.5,0,0,0,5.2,26.2,0.5,0,4.4,28.5,0,0,0,1.4,0,21.9,1.1,0.1,0,0,0,0,0,0,0,0,0,0,0,8.2,3.5,0,11.2,0,0,0,0,8.9,0,0,0,0,0,0,0,0,0,0,0,1,0,0,4.3,15.1,23.7,0,0,0,0,3.5,0,0,0,0,0,0,0,0,0,0,0,0,0,0,0,0,0,0,0,0,0,0,0,0,0,0,0,0,0,0,0,0,0,0
13.5,76.5,168,0,0,1,0,0,0,0,0,0,0,0,0,0,0,0,0,0,0,0,0,0,0,0,0,0,0,0,0,0,0,0,0,0,0,0,0,0,0,0,0,0,0,0,0,0,0,0,0,0,0,0,0,0,0,0,0,0,0,0,0,0,0,0,0,0,0,0,0,0,0,0,0,0.2,0,0,0,0,0,0,0,0,0,0,2.5,0,0,0,0.9,0,0.2,0,0,0,0,0.8,0,0,0,0,0,0,0,0,5.9,0,0,0,0,1.6,0,1.4,0.3,0,4.2,9.5,0,0,16.9,0,0,0,0.2,0,6.8,3.8,12.8,1.4,4.2,0,0,0,10.1,0,0.2,2.5,0,0,0,0,0,0,0,0,0,5.5,0,0.7,13.2,6.8,1.3,0,0.5,9.3,0.9,0,0,0,0,0,0,0,0,0,0,1.9,5,0,0,0,0,0,0,0,0,0,0,0,0,0.6,0.2,0,0,0.2,0,0,0,0,0,0,0,0,0.2,0.2,0,0,19.5,0.1,0,0,0,0,0,0,0,0,0,0,0,0,0,0,0,0,1.1,1,0,0,2.3,6.7,4.3,0.8,0.9,0,0,0.6,0,5.6,0.3,0,2.8,0,0.2,3.4,0,0,0.1,0.5,0,0,0,0,0,0,0,0,0,0.3,0,0,0,0,0,1.3,0,0,0,0,0,0,2.3,6.2,25.6,5.6,41.8,2.1,0,0,0,0,0,0,0,0,0,0,2.7,0.3,0,0,5.6,48,4.6,0,0,0,0.8,0,0,0,0,0,0,0,0,0,0,0,0,0,0,0,0,0,0,0,0,0,0,0,0,0,0,0,0,0,0,0,0,2.2,0,0,0,0,0,0.7,47.5,1.6,0,0,0,0,0,0,0,0,0,0,0,0,0,0,0,0,0,0,0,0,0,0,0,0,0,0,0,0,0,0,0,0,0,0,0,0,0,0
14.5,76.5,169,0,0,0,0,0,0,0,0,0,0,0,0,0,0,0,0,0,0,0,0,0,0,0,0,0,0,0,0,0,0,0,0,0,0,0,0,0,0,0,0,0,0,0,0,0,0,0,0,0,0,0,0,0,0,0,0,0,0,0,0,0,0,0,0,0,0,0,0,0,0,0,0,0,0,0,0,0,0,0,0,0,0,0,3.1,0,0,0,0,0,0,0,0,0,0,0,0,0,0,0.2,1.4,0,0.2,0.1,0,0,0,0,0.3,1.1,0,0,0,0,0,8.9,0,1.6,0,2.3,14.6,0,0,0,2.4,7.9,0,0,0,0.2,0,0,0,0,0,3.4,0,3,0,0,0,0,0,0,0,31.7,1.8,2.8,0,2.2,5.7,0,6.6,0,0,0,0,0,0,0,0,0,0,0,0,0,0.7,0,0,0,0,0,0,0,0,0.3,0,0.2,1.1,0,0.2,1.6,0,1,1.6,0.2,0.1,0,1.9,1,0.8,0.2,0.9,0.2,0,1.2,0.2,0.1,2.3,0,0,0.4,0,0,0,0,0,0.2,0,0,0,0,0,0,0,0,0,0,2.6,0,0,3.3,41.3,0.6,0,0.2,0,1.1,0.7,2.7,1.1,1.4,9.4,1.2,2.3,0,0,3.1,0,0.4,0,0,0.2,0.7,0,0,0,0,0,0,0,0,0,1.9,1,0,0,0,0,0,0,0,8.2,38.9,37.3,33,0,0,0.2,0,0,0,0,0,0,0,0.1,0,0.2,0,0,14.7,1.7,0,0,0,0,0,2.7,0,0.2,0,0,0,0,0,0,0,0,0,0,0,0,0,0,0,0,0,3.2,0.2,0,0,0,0,0,0,0,0,0,0,0,0,0,0,0,0,2.3,12.6,0,0,0,0,0,0,0,0,0,0,0,0,0,0,0,0,0,0,0,0,0,0,0,0,0,0,0,0,0,0,0,0,0,0,0,0,0,0
15.5,76.5,170,0,0,0,0,0,0,0,0,0,0,0,0,0,0,0,0,0,0,0,0,0,0,0,0,0,0,0,0,0,7.6,0,0,0,0,0,0,0,0,0,0,0,0,0,0,0,0,0,0,0,0,0,0,0,0,0,0,0,0,0,0,0,0,0,0,0,0,0,0,0,0,0,0,0,0,0,0,0,0,0,0,0,0,0,0,0,0,0,0,0,0,0,0,0,0,0,0,0,0,0,0.5,0,0,1.8,0,0,0,0,2.9,22.8,1.8,0,0,0,3.5,0,0,0,0,1.9,9.4,0,3.6,2.1,5.9,2,2.7,3.4,0,10.2,0,0,0,0,3.9,5.6,3,5.6,0,0,0,0.1,0,0,6.1,11.7,0.3,0.1,1.4,0,0,0,0,0.7,7.8,0,0,0,0,2.3,3.1,0,0,0,0,0,0,0,0,0,0,0,0,0,0,1,0,0,0,0,0,0,1.7,0.2,0.6,1.4,0,4.4,16.1,5.3,0,0,0,0,0.1,5,1,0.1,0,0.5,4.6,0,0.7,0,10.1,0,0,2,3.3,13.8,0.8,2,0,0,0,0,0,0.9,22.2,2.1,3.5,9.6,25.8,1.3,0,0,6.6,6,0.5,3.1,20,0.5,0.3,0.3,4.7,1.3,2.4,0,1,15.9,0.7,0,0,0,0,0,0,0,0,3.9,0,0,0,0,0,0,0,0,0,0.4,8.9,14.1,17.9,8.3,27.3,10.2,0,0,0,0,0,0,0,8.1,0.3,0,0,0,1.5,13.7,7.2,7.4,6.2,0,0,0,1.6,29.7,0,0,0,0,0,0,0,0,0,0,0,0,0,0,0.8,0,0,0,0,0.1,2.2,0,0,0,0,0,0,0,0,0,0,0,0,0,0,0,0,0,3.5,10.6,7.3,4.1,0,0,0,0,0,0,0,0,0,0,0,0,0,0,0,0,0,0,0,0,0,0,0,0,0,0,0,0,0,0,0,0,0,0,0,0
16.5,76.5,171,0,0,0,0,0,0,0,0,0,0,0,0,0,0,0,0,0,0,0,0,0,0,0,0,0,0,0,0,0,0,0,0,0,0,0,0,0,0,0,0,0,0,0,0,0,0,0,0,0,0,0,0,0,0,0,0,0,0,0,0,0,0,0,0,0,0,0,0,0,0,0,0,0,0,0.4,0,0,0,0,0,0,10.3,5.9,0,0,0,0,0,0,1.1,0,0,0,0,0,1.2,0,0.4,0,1.4,12.8,4.2,0,0,0,0,0,0,1,0,0,0,0,0,0,0,0,0.9,0,3.7,0,0,0.3,2.7,1.5,0,0,0,0,0,0,0,0,0,0.6,0.3,0,0,0,0,0,0,0,0,5.2,1.3,1.1,7.2,8.6,0,0,0,15,0.1,0,0,0,0,0,0,0.3,0,0,0,2.8,2.7,3.5,0,0,0,0,0,0,0,0,0,1.9,0,0,0,2.3,0.1,1.8,3.5,4.1,0,9.2,15.6,0.1,0,0,0.7,0,8.2,11.8,4.7,4.2,0.3,4.7,1.3,0,0,0,0,0,2.8,0,2.4,0,0,9.2,7.2,0,17.8,6.2,0.5,0,0,15,0,2,0,0,0.4,2.3,0,0,0.4,18.4,3,8,19.4,39.8,1.3,0,13.7,4.9,5.9,1.6,0,0.6,19.1,0,3.4,1.4,0,0,0,0,0,0,1.2,0,0,0,0,0,0.8,6,6.8,13.8,10.2,0.3,7.6,1.9,4.8,2.7,0,0,1.3,0,3.3,0,2.4,0,0,0,8.9,0,0.6,12.4,1.8,0.1,0,0,2.5,0,0,0,0,0,0,0,0,0,0,0,10.8,0,0,0,0,0,0,0,0,15.9,7.5,0.3,0,0,0,0,0,0,0,0,0,0,0,0,0,0,0,0,2.2,5.7,0.9,19.5,0,0,0,0,0,0,0,0,0,0,0,0,0,0,0,0,0,0,0,0,0,0,0,0,0,0,0,0,0,0,0,0,0,0,0,0
17.5,76.5,172,0,0,0,0,0,0,0,0,0,0,0,0,0,0,0,0,0,0,0,0,0,0,0,0,0,0,0,0,0,0,0,0,0,0,0,0,0,0,0,0,0,0,0,0,0,0,0,0,0,0,0,0,0,0,0,0,0,0,0,0,0,0,0,0,0,0,0,0,0,0,0,0,0,0,0,0,0,0,0,0,0,11.7,0.6,0,0,0,0,0,0,0,0,0,0,0,9.1,0,0,0,0,5,2,0.5,0,0,0,0,0,0,0,2.2,0.4,0,0,0,0,0,0,0,0,5,0,0,0,0,5.2,0,0.2,0,0,0,0,0,0.1,0.4,0.4,0,0,0,0,0,0,0,0,0,0,2.9,0,0,3.8,0,0,0.2,0,7.9,0,0,0,0,0,0,0,0,0,0,0,13.8,0,0,0,0,0,1.3,5,0,0.6,0,0,0.9,0.2,0,6.6,2.3,5.7,9.5,21.2,2.5,4.4,0.2,15.9,0.7,1.2,0.2,0,2.2,19.5,5.3,2.7,0.2,8,1.8,0,5.9,0,0,0.1,0,0.3,0.2,0.6,0.1,0,0,0,7.2,0.8,0,0,4.5,8,0.2,2.9,4.5,38.5,14.8,14.8,4.8,0,0,14.8,5.3,1.9,0,0.6,20.4,10.1,3.4,20.1,7.4,14.4,8.8,16.5,20.1,8.2,7.5,0.3,0,0,3.2,0,1.2,0.2,5.9,0.3,0,0,0,1.3,12.2,0,0,0,0,0.2,0.1,1.2,2.3,3.8,2.2,0.5,0,0,0,0,0,49.6,15.1,40.6,5,0,0,48.8,6.7,0.5,0,0,23.5,2.8,0,0,0,0,0,0,0,0,0,0,0,0,0,0,0,0,0,0,0,0,0,0,0,0,0,0,0,0,0,0,5.9,0,0,0,0,0,0,0,0,0.1,0.3,2.8,0,0,0.2,0,0,0,0,0,0,0,0,0,0,0,0,0,0,0,0,0,0,0,0,0,0,0,0,0,0,0,0,0,0,0,0,0
18.5,76.5,173,0,0,0,0,0,0,0,0,0,0,0,0,0,0,0,0,0,0,0,0,0,0,0,0,0,0,0,0,0,0,0,0,0,0,0,0,0,0,0,0,0,0,0,0,0,0,0,0,0,0,0,0,0,0,0,0,0,0,0,0,0,0,0,0,0,0,0,0,0.7,0,0,0,0,0.6,0,0,0,0,0,0,0,0.4,8.4,0,0,0,0,0,0,0,0,0.6,0,0,0,0,0,0,0,0,0,2.2,3.9,3.6,0,0,0,0,9.4,0.2,0,0,0,0,0,0,0,0.7,0,0,4,2.5,0,0,0,2.5,0,0,0,0,0,0,0,0,0,0,0,0,0.4,0,0,0,0,0,1.4,0,0,0,0.8,0,0,0,0,0,0,0,0,0,0,0,0,0,0,0,0,4,8.1,3.2,0,0,0.1,0.4,5.5,6.2,0,21.8,14.1,0.9,2.8,1.7,9.5,28.7,5.3,7.8,70.3,12.3,10.2,3,2.5,1.6,14.9,3.3,17.8,11.3,8.1,3.8,6.5,3.4,13.6,5.5,0.9,0.1,0.2,0.2,0,0,0,0,0,0,3.1,0.9,0,5.6,8.3,0.4,0,5.6,4.7,17,8.6,3.4,15.5,14.9,40.5,20.7,2,14.1,28.1,10.7,3.3,5.2,15.2,18.4,16.2,8.8,24.2,18.6,19.6,43.8,9.6,48.3,24,5.2,5.9,0,0,1.7,8,4,0.9,9,0,0,0,0,11.9,1.6,0,0,0,0,0,1.3,5.4,1.5,2.4,0.9,0,0.4,0,0,0,0,0,0,5.1,1.3,1.8,0.3,1.1,0.1,6.2,0,0.4,19,9.5,0,0,0,0,0,0,0,0,0,0,0,0,0,0,0,0,0,0,0,0,0,0,0,0,0,0,0,0,0,0,0,0,0,0,0,0,0,0,0.3,0.3,0.3,1,3.1,32,0,0,0,0,0,0,0,0,0,0,0,0,0,0,0,0,0,0,0,0,0,0,0,0,0,0,0,0,0,0,0,0,0,0
19.5,76.5,174,0,0,0,0,0,0,0,0,0,0,0,0,0,0,0,0,0,0,0,0,0,0,0,0,0,0,0,0,0,0,0,0,0,0,0,0,0,0,0,0,0,0,0,0,0,0,0,0,0,0,0,0,0,0,0,0,0,0,0,0,0,0,0,0,0,0,0,0,0,0,0,0,0,0,0,0,0,0,0,0,0,0,0,0,0,0,0,0,0,0,0,0,0.3,0,0,0,0,0,0,0,0,0,0.3,0.6,0,0.1,0,0,0.2,0.8,0,0,0,0,0,0,0,0,0,0,0,1.1,0,0,0,0,0,0,0,0,0,0,0,0,0,0,0,0,0,0,0,0,0,0,0,12.2,0,0,0,0,0,0,0,0,0,0,0,0,0,0,0,0,0,0,0.9,0,1.3,0,0,1.9,2.8,0,6.8,2.8,3.8,3.5,6.8,18.7,3.4,0,16.8,8.7,19.7,9.7,34.3,36.6,1.9,12.1,8.3,0.3,4.6,3.2,1.1,0,2.3,0,11.4,22,7.1,7.9,8.6,2.4,0.1,0,0,0,0,0,1.7,0,0,2,3.5,4.8,6.8,3.7,6.8,0,8,45.6,5.3,0.5,0.9,19.4,18.5,10.8,3,20.3,54,13.1,1.6,9.1,11.4,4.7,1.3,1.7,11.5,13.3,37.7,8.1,37.5,31.5,35.9,7.6,4.1,0,0,0,0.3,0,0,2.6,0,0,0,11.5,5,0.1,0,0,0,0,0,0,1.7,0,3.1,0,0,0,0,0,0,0,0,2.8,0,0,0,0,2.9,3.6,5.9,0,3.1,1.5,0.4,0,0,0,0,0,0,0,0,0,0,0,0,0,0,0,0,0,0,0,0,0,0,0,0,0,0,0,0,0,0,0,0,0,0,0,0,0,0,0.7,0.2,9.7,22,4.8,1.5,21.4,5,0,0,0,0,0,0,0,0,0,0,0,0,0,0,0,0,0,0,0,0,0,0,0,0,0,0,0,0,0,0,0,0
20.5,76.5,175,0,0,0,0,0,0,0,0,0,0,0,0,0,0,0,0,0,0,0,0,0,0,0,0,0,0,0,0,0,0,0,0,0,0,0,0,0,0,0,0,0,0,0,0,0,0,0,0,0,0,0,0,0,0,0,0,0,0,0,0,0,0,0,0,0,0,0,0,0,0,0,0,0,1.4,0,0,0,0,0,0,0,0,0.2,0,0,0,0,0,0,0,0,0,0,0,0,0,0,0,0,0,0,0,1.2,0,0,0,0,0,0,0,0,0,0,0,0,0,0.6,1.6,0,7.1,2.3,0,0,0,0,0,0,0,0,0,0,0,0,0,0,0,0,0,0,0,0,0,0,0,0,0,2.4,0,0,0,0,0,0,0,0,0,0,0,0,0,0,0,0,0,0.2,0,0,0.2,3.9,0.1,2.6,0.7,7.6,0.5,2.1,41.8,31.5,13.4,13.5,7.5,4.7,1.9,2.5,58.6,0.2,17.4,28.1,1.4,6.8,3.8,5.1,3,3.9,0.6,1.5,5,2.3,25.9,23.7,3.3,2.2,6.5,0,0.4,0.1,0,0,0.6,1.8,0.7,0.9,0,16.9,14.1,4.3,12.5,7.3,1,8.7,8.1,11,4.4,0.8,0.7,4.6,1.4,3.8,8.8,27.2,12.6,3,6,6.8,0.8,4.1,7.2,28.3,13.8,1.8,7.8,21.6,17.9,58.7,42.6,1.4,0,0.4,0,0,0,2.8,1.3,6.6,2,0,10.2,12.8,0.3,0.5,0,0,0,0,0,0.8,1.6,1.1,0,0,0,2.7,1.4,3,0,0,0,0,0,0,0.1,0,2.6,20,9,0,0,0,0,0,0,0,0,0,0,0,0,0,0,0,0,0,0,0,0,0,0,0,0,0,0,0,0,0,0,0,0,0,0,0,0,0,0,0,0,0,0,0,1.3,20.6,8.7,0,11.8,4.2,0,0,0,0,0,0,0,0,0,0,0,0,0,0,0,0,0,0,0,0,0,0,0,0,0,0,0,0,0,0,0,0
21.5,76.5,176,0,1.7,0,0,0,0,0,0,0,0,0,0,0,0,0,0,0,0,0,0,0,0,0,0,0,0,0,0,0,0,0,0,0,0,0,0,0,0,0,0,0,0,0,0,0,0,0,0,0,0,0,0,0,0,0,0,0,0,0,0,0,0,0,0,0,0,0,0,0,0,0,0,0,1.1,0,0,0,0,0,0,0,0,0,0,0,0,0,0,0,0,0,0,0,0,0,0,0,0,0,0,0,0,0,0.7,0,0,0,0,0,0,0,0,0,0,0,0,1.3,0.4,0,0,1.5,0,0,0,0,0,0,0,0,0,0,0,0,0,0,0,0,0,0,0,0,0,0,0,0,0,0,2.3,0,0,0,0,0.7,0,0,0.6,0,0,0,0,0,0,0,0,1.8,0,0,0,3.3,2.9,15.3,0,2.2,0,19.5,0,25.9,35.5,10.3,1.6,27.2,1.4,2.4,7.1,5.5,3,31.2,0.2,14.3,11.6,6,10.7,5.8,0.5,5.7,1.5,0,1.9,30.6,11.6,2.9,3.6,0.3,0,25.5,2.8,5.2,1.8,8.5,7.7,0,0,2.4,1.2,20.6,16,6.6,3.1,1.4,13.2,1.4,1.2,2.1,10.7,1.9,7.8,26.7,21.1,21.8,22.8,26,21.4,19.1,3.1,13.4,25.9,2.3,32.2,11,27.7,29,0.9,4.4,56,29.7,3.9,0,1.6,0,3.7,0.1,5.2,16.5,48.9,0.2,5.7,2.4,0,0.5,0.9,3.1,0.7,1.5,0,0,2,5.5,35.2,1.4,0.4,0,6.9,0,0,0,7.5,1.6,0,0,0,4.6,0,5.4,28.1,0.3,2,0,0,0,0,0,0,0,0,0,0,0,0,0,0,0,0,0,0,0,0,0,0,0,0,0,0,0,0,0,0,0,0,0,0,0,0,0,0,0,0,0,0,6,17.3,0,0,5.1,0.6,0,0,0,0,0,0,0,0,0,0,0,0,0,0,0,0,0,0,0,0,0,0,0,0,0,0,0,0,0,0,0
22.5,76.5,177,0,0,0.1,0,0.1,0,0,0,0,0,0,0,0,0,0,0,0,0,0,0,0,0,0,0,0,0,0,0,0,0,0,0,0,0,0,0,0,0,0,0,0,0,0,0,0,0,0,0,0,0,0,0,0,0,0,0,0,0,0,0,0,0,0,0,0,0,0,0,0,0,0,0,0,0,0,0,0,0,0,0,0,0,0,0,0,0,0,0,0,0,0,0,0,0,0,0,0,0,0,0,0,0,0,0,0,0,0,0,0,0,0,0,0,0,0,0,0,0,0,0,0,0,0,0,0,0,0,0,0,0,0,0,0,0,0,0,0,0,0,0,0,0,0,0,0,0.3,0,0,0,0,0,0,0,0.4,0,0,0,0.5,0,0,0,3.5,0,0,0,0,0.5,1.9,2.4,12,9.1,0,0,0,0.2,4.7,13.7,7.6,15.9,4.6,13,0,2,5.8,3.6,3.6,8.6,14.8,12.7,32,16,5.8,7.2,2.2,0.8,3.8,0.3,15.9,30.5,11.5,6.4,13.1,0,5,8.1,0,7.7,19.3,17.2,8.7,0,0.5,18.5,1.5,6.2,9.9,4.5,32.2,5,3.4,0.6,5.9,0,0,4.4,13.6,7.7,30.5,6.3,30.7,15,16.4,24.3,5.7,4.5,11.2,9.4,7.7,15.6,25.3,17.5,8.9,27.5,36.9,11.3,6.5,0,0,0,0,7.9,18.7,57.6,62.4,6,3.9,0,0,0,0,0,8.6,2.4,0,1,7.7,44,14.9,0,0.6,2.1,28.3,0,0,0,0,0,0,0,0,0,0,27.8,11.2,8.9,0,0,0,0,0,0,0,0,0,0,0,0,0,0,0,0,0,0,0,0,0,0,0,0,0,0,0,0,0,0,0,0,0,0,0,0,0,0,0,0,0,0,0,0.7,9.3,0,3.1,0,0,0,0,0,0,0,0,0,0,0,0,0,0,0,0,0,0,0,0,0,0,0,0,0,0,0,0,0,0,0,0,0
23.5,76.5,178,0,0,0,1,0.7,0,0,0,0,0,0,0,0,0,0,0,0,0,0,0,0,0,0,0,0,0,0,0,0,0,0,0,0,0,0,0,0,0,0,0,0,0,0,0,0,0,0,0,0,0,0,0,0,0,0,0,0,0,0,0,0,0,0,0,0,0,0,0,0,0,0,0,0,0,0,0,0,0,0,0,0,0,0,0,0,0,0,0,0,0,0,0,0,0,0,0,0,0,0,0,0,0,0,0,0,0,0,0,0,0,0,0,0,0,0,0,0,0,0,0,0,0,0,0,0,0,0,0,0,0,0,0,0,0,0,0,0,0,0,0,0,0,0,0,0,0,0,0,0,0,0,0,0,0,0,0,0,1.3,0,0,0,0.9,0,0,0,0,0,0,3.1,6.7,50,0,0,5.4,0,0,60.3,3.5,34.4,0.7,1.4,17.2,0,7.9,41.6,0.2,18.1,92.1,39.1,27.7,3,9.1,9,0,0,0,0.4,10.3,8.1,66.5,8.1,9.2,0,6,3.4,21.7,15.4,4.6,2.6,1.9,0,0,0.3,2.7,1.2,2.1,2.8,0,1.7,2.3,4.5,11.4,2.2,1.8,9.7,0.6,0,45.1,6,15.3,7.6,3.8,2.2,0,0,0.1,17.7,9.1,5.6,10.4,2.5,0.5,6.7,17.2,16.8,1.1,1.1,0,0,0.4,1.3,4.3,34.4,94.1,6.8,0,0,0,0,0,0,0,0,0,0,0.6,20.5,5.7,4,0,0,12.8,0,0,0,0,0,0,0,0.2,0,0,2.2,1.7,0.1,0,0,0,0,0,0,0,0,0,0,0,0,0,0,0,0,0,0,0,0,0,0,0,0,0,0,0,0,0,0,0,0,0,0,0,0,0,0,0,0,0,0,0,0,0,0,2.6,0.5,0,0,0,0,0,0,0,0,0,0,0,0,0,0,0,0,0,0,0,0,0,0,0,0,0,0,0,0,0,0,0,0
33.5,76.5,179,4.7,3.7,0.4,0.2,0,0,3.8,0.5,2.8,0.5,3.8,0.2,0,1.5,7.1,7.3,1.3,0,0,0.5,0,0,13,0.9,0,5.5,10.3,7,5.1,9.6,0,0,3.6,0,0,2.3,1,0,0.1,0,0,0,0,0,0,0,0,0,1.8,0,0,0,0,0,0,0,1.4,2.5,10.9,5.8,7.6,8.6,9.9,0,0,0,0,2.3,0.6,1.4,12.8,1,3.3,0.8,0,0,0,0,0,0,0,0,0,0,0,0,3.8,15,2.4,0.2,4.7,32.9,15.7,0,0,0,0,0.9,5.4,1.4,1.2,0,0,0,0,0.5,0,0,0,4.2,4,1.9,1.4,0.7,0,0.5,1.4,0,4.6,1.2,0.8,2.4,0,0.1,0,0,2.8,0,1.5,4.2,0,1,1.5,32.1,8.1,2.6,0,0,0.6,0,0,0,0,0.2,0,0.3,0.6,4.5,3.5,31.5,5.9,0,0,0.1,0,2.3,8.5,0,0,0,0,0,0,0,0,0,0,0.2,0.2,0,0.1,0,0,0,4.2,0.4,0,11.9,10.2,0.4,0,0,7.5,3,2.9,30.6,5,0,22.1,9.8,36.6,7.3,56.4,4.5,8.4,68.8,29.8,29.8,34.8,0,4.4,27,0.8,15.1,69.6,69.7,52.5,39.6,5,5.1,25.4,14.3,7.3,67,24.9,8.6,13.5,91.2,21.9,15.2,44.2,38.5,4,5.6,2.3,0,0,0,0,0,14.6,5.4,19.8,24.2,28.4,0.7,2.8,1.6,19.3,0,1.4,3,3,17.2,19.6,20.7,12,0.1,3.1,4.2,5.8,7.1,21.2,18.8,0.6,2.8,15.6,0.4,3.6,12.5,0,0,5.6,24,35.8,4.2,1.8,4.7,48.8,29.4,30.4,11,32,36.1,30.6,0,0,0,0,0,0,0,0,0,0,0,0,0,0,0,0,21.1,4.3,0,0.1,1,10.2,4.1,2.4,0,0,0,0,0,0,0,0,0,0,0,0,0,0,0,0,0,0,0,0,0,0,0,0,0,0,0,0,0,0,0,0,0,0,0,0,0,0,0,0,0,0,0,0,0,0.4,0.7,9.2,41.6,14,0,0,0,0,2.6,41.2,19.9,0.2,0,0,3.9,25.8,8.3,0,0,0
34.5,76.5,180,2.3,1.9,0.2,0,0,0,1.9,0.3,1.4,0.3,1.9,0,0,0.7,5.7,3.7,0.6,0,0,0.2,0,0.6,6.5,0.5,0,2.8,5.1,3.5,2.6,4.8,0,0,1.8,0,0,7.9,0.5,0,0,0,0,0,0,0,0,0,0,0,0.9,0,0.2,0,0,0,0,0,0.7,1.2,6,3.1,3.8,8.1,12.3,0,0,0,0,1.9,0.3,0.7,12.5,0.5,1.6,0.4,0,0,0,0,0,0,0,0,0,0,0,0,1.9,8.1,2.3,0,2.3,17.4,8.9,0,0,0,0,1.7,2.9,0.7,0.6,0,0,0,0,0.2,0,0,0,2.1,2,1,0.7,0.3,0,0.4,0.7,0,2.3,0.8,0.4,1.2,0,0,0.2,0,1.4,0,0.8,2.2,0,0.5,0.8,16,4.1,1.3,0,0,0.3,0,0,0,0,0.1,0,0.2,0.3,2.3,2.3,15.7,2.9,0,0,0,0,1.2,4.3,0,0,0,0,0,0,0.4,0,0,0,0.1,0,0,0,0,0,0,2.1,0.2,0,43.7,7.2,0.2,0,6.6,3.7,1.5,1.4,17.8,2.5,0,13.7,4.9,18.3,3.6,68.8,2.2,4.2,53.9,14.9,35.1,24.5,0,2.2,28.6,0.4,13.7,38.8,34.8,45.3,20.9,2.5,2.6,12.7,12.2,4.1,58,70.6,26.8,25.9,124.8,20.2,19.9,22.1,34.5,2,2.8,20.9,0,0,0,0,0,7.3,3.3,50.7,13,15.4,2.3,1.4,0.8,9.7,0,0.7,1.5,1.5,8.6,10.8,26.5,38.1,0,1.6,6.1,5.4,15.2,11.9,9.4,0.3,1.4,20.4,1.2,18.5,7.4,0,0,2.8,12,17.9,2.1,0.9,2.3,24.4,24.8,28.3,45.8,16,35.6,18.3,0,0,0,0,0,0,0,0,0,0,0,0,0,0,0,0,10.5,5.2,0,0,0.5,5.1,2.1,1.2,0,0,0,0,0,0,0,0,0,0,0,0,0,0,0,0,0,2.1,0,0,0,0,0.2,0,0,0,0,0,0,0,0,0,0,0,0,0,0,0,0,0,0,0,0,0,0,0.2,0.4,6.3,41.2,11.2,0,0,0,0,1.3,25.5,28.7,1.9,0,0,2,13.1,5.9,0,0,0
35.5,76.5,181,1.2,0.9,0.1,0,0,0,1,0.1,0.7,0.1,0.9,0,0,0.4,4.7,1.8,0.3,0,0,0.1,0,0.9,3.2,0.2,0,1.4,2.6,1.7,1.3,2.4,0,0,0.9,0,0,9.7,0.3,0,0,0,0,0,0,0,0,0,0,0,0.4,0,0.3,0,0,0,0,0,0.3,0.6,3.4,1.7,1.9,7.3,12.4,0,0,0,0,1.6,0.1,0.3,11.5,0.3,0.8,0.2,0,0,0,0,0,0,0,0,0,0,0,0,1,4.6,2.1,0,1.2,9.4,5.3,0,0,0,0,1.9,1.7,0.3,0.3,0,0,0,0,0.1,0,0,0,1.1,1,0.5,0.3,0.2,0,0.3,0.3,0,1.1,0.6,0.2,0.6,0,0,0.2,0,0.7,0,0.4,1.2,0,0.2,0.4,8,2,0.6,0,0,0.1,0,0,0,0,0,0,0,0.1,1.1,1.6,7.9,1.5,0,0,0,0,0.6,2.1,0,0,0,0,0,0,0.5,0,0,0,0,0,0,0,0,0,0,1,0.1,0,54,5.4,0.1,0,8.9,1.9,0.8,0.7,11.5,1.6,0.1,9.3,3.2,11.5,3.7,69,1.2,2.1,43.5,7.5,34.7,18.2,0,1.1,27.2,0.2,12,22.8,17.4,38.9,11.4,1.3,1.3,6.3,10.3,2.5,49.8,84.8,32.6,29.2,129.8,17.9,20.4,11.1,30.2,1,1.4,27.3,0,0,0,0,0,3.7,2.2,60.1,7.3,8.7,2.9,0.7,0.4,4.8,0,0.4,0.8,0.7,4.3,6.3,27.1,46.4,0,0.8,6.5,4.8,17.4,7.4,8.9,5.5,8,23.4,2,24.1,4.7,0,0,1.4,6,9,1,0.5,1.7,12.6,21.3,25.4,57.2,8,32.8,11.7,0,0,0,0,0,0,0,0,0,0.2,0,0,0,0,0,0,5.3,5.3,0,0,0.3,2.6,1,0.6,0,0,0,0,0,0,0,0,0,0,0,0,0,0,0,0,0,2.9,0,0,0,0,0.3,0,0,0,0,0,0,0,0,0,0,0,0,0,0,0,0,0,0,0,0,0,0,0,0.2,4.6,38,9.2,0,0,0,0,0.9,17.3,30.2,2.5,0,0,1,6.8,4.5,0,0,0
8.5,77.5,182,0.7,0.2,0.2,6.2,0,0,0,0,0,0,0,0,0,4.4,124.9,135.2,0,0,0,0,0,0,0,0,5.6,4.8,0.2,0,0,0,50.2,12.6,5.4,7.7,7.5,0.2,5.3,4.3,14.5,3.5,5.9,14.5,0,0,0,0,0,0,0.2,0,0.6,0,0,0,0,21.8,30.9,0,0,0,0,0,2.9,0,0,0,0,0,0,0,14.6,0.6,2.6,8.2,33,0,0,0,0,0,0,7.9,6.2,3.8,5.4,4.5,0,0,0.9,5.2,0,0.2,1.5,10.3,0,8.8,13.6,0,0,0,0,5.7,0.9,13.2,3.5,0.6,11.4,1.3,0,0,23,1.4,0,13.4,0,13.3,15.5,3,0,4.2,17.6,23.7,7.2,26.9,23.7,28.4,6.4,0,1.3,0.6,4.2,2,19.1,2.3,1,1.8,0,0,0,0,3,2.6,1.3,10.5,6.9,9.2,0,0,0,1.3,0.6,0,0.5,0.3,6.5,4.1,8.8,10.2,0,0,4.9,0,8.8,1.5,8,10.9,1,4.5,1.6,1.8,4.9,0,0,0,1.1,6,3.2,21.5,53,25.5,14.2,13.4,15.3,26.8,6.8,3.6,0,0,0,3.5,25.5,19.1,7.6,0,0,2.5,11.8,0,1.1,6.2,1.5,4.7,0.9,4.7,0,0,0,0,0,0,1.1,0,0,0,4,8,6.2,37.5,26.1,0,16.1,7.6,14.7,3.2,3.3,4.1,12.4,5.2,8.7,7,22.9,30.3,47.1,14.4,4.6,2.1,2.5,0.6,1.8,2.3,3.7,16.2,10.2,8.4,9.9,3.1,0,0,0,0,0,0,0,1,0,0,0,0,0,0,0,0,0.4,10.6,1.1,0,0.6,0,0.4,1.1,0,0,0,0,0,0,0,3.2,2,6.5,17.9,5,0.6,0,6.3,5,1.9,0,0,0.4,0,0,0,0,0.7,4.6,0.4,0,0,5,10.5,32.3,3,0,4.4,11.9,12.9,3.2,0.5,2,9.3,13,14.2,22,6.3,1.4,10.6,8.6,0,1.7,5.6,0,0,15.4,0.8,1.7,15.4,0,0,0.2,2.6,0,1.2,1,8.4,2.2,1,1.7,8.4,0.5,0,0,0,0,0,0,0,0.2,0,0,0,0,2.6,0,0,0,0,2.5,0,0,3.6,0,0,0,0
9.5,77.5,183,0,0,1.2,2.2,0,0,0,0,0,0,0,0,0,0,0,0,0,0,0,0,0,0,0,0,0,0,0,0,0,0,0,0,0,4.9,10,3.4,0,0,0,0,0,0,0,0,0,0,0,0,0,0,0,0,0,0,0.6,8,0,0,0,0,0,0,1.5,0,0,0,0,0,0,22.6,6.5,4.4,0,0,9.7,0,0,0,0,0,0,14,7.9,3.2,6.1,0,0,0,0,0,0,0,6.4,0,0,2.9,1.3,0,1,0,0,0,4.8,9.6,4.3,0,0,0,0,1.7,9.6,0,0,0,0,5.6,0,0.6,10.6,9.3,0,12.2,8.8,2.5,2.3,0,0,0,1,0,3,11.6,14.3,0,0,14.1,0,0,0,2.2,0,0,0,0,0,0,0,0,0,0,0,0,1.2,0,0,0,0,0,0,0,2.8,0,4.2,0,0,0,0,0,0,0,0,0,0,0,0,0,0,0.4,0,0,0.6,0.9,0.6,1.1,0.4,0.4,0,0,0,0.1,0.2,2.5,0.1,0,0,0,0.4,0.3,0,0,0,0,0,0,0,0,0,0,0,0,0,0,0,0,11.9,4.7,35.6,20.9,22.2,5.9,0,0,0,0,0,0,0.2,0,0,0,0,0,0.3,5.7,0,0,0,0,0,0,0,0,0,0.1,0,0,0,0,0,0,0,0,0,0,0,0,0,0,2.3,0,0.1,28.3,18.4,8.5,0,0,0,0,0,0,0,4.4,0,0,0,0,5.7,4.5,1.8,0.4,0.3,0,0,0,2.7,1.4,14.9,8.8,1.6,0,0,0,0,7.1,3.9,3,3.2,10,0,2.3,4,25.7,11.2,0.5,30.2,13.4,14.1,4.3,7.4,1,0,0,31.7,14.1,0,7.3,9.1,1.1,0,0,0,0,0.6,3.1,0,0,0.4,0,0,39.6,5.8,2.8,2.9,0,0,0,5.1,2.1,1.8,0,0,0,0,0,0,0,0,0,0,0,0,0,0,0,0,0,0,8.8,0,0,0,0,0,0,0
10.5,77.5,184,0,0.3,12.5,13.8,0,0,0,0,0,0,0,0,0,0,0,0,0,0,0,0,0,0,0,0,0,0,0,0,0,0,0,0,0,0,0,0,0,0,0,0,0,0,0,0,0,0,0,0,0,0,0,0,0,0,0,0,0,0,0,0,0,0,0,0,0,0,0,0,0,0.3,1.2,27.8,0.2,5.6,18.7,0,0,0,0,0,0,0.4,8.8,0,0,0,0,0,0,0,0,0,0,0,0,0,4.4,0.2,0,0,0,8.3,24.6,0,0,0,0,0,0,2.6,1.7,0,0,0.1,0,2.9,0,0.1,3.3,0,0.1,6.3,1.1,2.8,3.9,5.9,81.9,0.5,0.7,0,0.3,3.3,16.8,0,0.9,4.4,0,0,0,0,4.8,5.7,1.1,6.6,5.7,20.2,22.4,2.7,1.8,0.1,10.9,0,0,0,0,0,0,0,0,0,0,1.1,1.9,0,0,0,0,0,0,0,0,0,0,0,0,0,0,0,0,0,0,0,0.2,0,0,0,0,0,0,0,0,2.8,0.2,0,0,0,0.1,0,0,0,0,0,0,0,0,0,0,0,0,0,0,0,0,0,2.9,0,13.5,0,3,0,1.7,1.2,0.9,0,0,0,0,0,0,0,0,0,0,0,0,0,0,0,0,0,0,0,0,0,0,0,0,0,0,0,0,0,0,0,0,0,0,0,0,0,10.4,4.7,1.6,1.4,0.5,0,0,0,0,0,0,0,0,0,0,1.9,0.6,0,0.7,4.5,0,0.1,0,0,0,2.5,0,1.3,3.2,0.3,0,0,0,0.6,0.6,1.9,0,0.7,0,2.1,2.4,1.4,7.2,0,1.3,0.7,10.3,2.4,0,0,0,0,0,0.1,0,0,0,0,0,0,0,0,0.4,2.8,11.3,0,0,1.2,0,4.9,0,0,0,0,0,0,0,0.6,3.7,1,0,0,0,0,0,0,0,0,0.2,0,0,0,0,0,0,0,0,0,0,0,0,0,0,0,0
11.5,77.5,185,0,6.2,8.2,0.2,0,0,0,0,0,0,0,0,0,0,0,0,0,0,0,0,0,0,0,0,0,0,0,0,0,0,0,0.5,0,0,0,0,0,0,0,0,0,0,0,0,0,0,0,0,0,0,0,0,0,0,0,0,0,0,0,0,0,0,0,0,0,0,0,0,0,2.8,3.1,0,0,0.2,0,0,0,0,0,0,0,0,12.6,0,0.9,0,0,0,0,0,0,0,0,0,0,0,0,0,0,0,0,0,18,7.9,2.5,0,0,0,0,0,12.9,0,0,0,21.5,0,0.7,15.6,0,0,47.7,0,76.8,0,13.1,1,1.1,1,5.4,1.7,30,2.3,36.9,0,6.3,14.6,0,0.2,1,0,14.4,0,0,19,0,0,0,0,0,1.6,2,0,0,2.5,0,0,0,0,0,0,0,0,2.6,20.1,0,0,0,0,0,0,0,0,0.1,0,0,0,0,0,0,0,5,0,0,0.7,0,0,0,0,0,0,0,3.5,5.7,0,0,0,0,1.4,0.5,0,0,0,0,0,0,0,0,0,0,0,0,0,0,0,1,18.6,12.3,1.4,7.9,27,5.8,4.7,8.9,4.1,2.7,0,0,0,0,0,2.7,2.5,0,0,0,0,0,0,0,0,0,0,0,0,0,0,0,0,0,0,0,0,0,0,0,0,0,0,0,0.4,11.1,62.9,0,5.9,0,0,0,0,0,0,0,0.5,1.1,0,0,0,10.4,0,23.9,14.9,2.3,0.7,0,0,12.5,0,2.4,0.5,4.7,1.7,0,0.8,0,0,0,1,0,0,0.8,6.6,6.4,4.4,15.9,15.5,0,23.9,0,0,0,0,0,39.3,7.8,1.3,0,0,0,5.9,0,0,0.7,0,0,3.5,50.6,10.4,4.3,0,0,0,11.3,0,0,0,0,0,0,0,15.8,0,0,0,0,0,0,0,0,0,0.9,0,0,0,0,0,0,0,0,0,0,0,0,0,0,0,0
12.5,77.5,186,0,0,17.6,0,0,0,0,0,0,0,0,0,0,0,0,0,0,0,0,0,0,0,0,0,0,0,0,0,0,0,0,0,0,0,0,0,0,0,0,0,0,0,0,0,0,0,0,0,0,0,0,0,0,0,0,0,0,0.5,0,0,0.8,1.2,4.4,0,0,0,0,0,0,0,2.8,0,0,0,0,0,0,0,0,0,0,0,0,0.8,0,0,5.4,0.2,0,0,0,0,0,0,0,0,0,0,0.6,4.9,0,0,3,2.4,0,0,0,0,0,4.9,8.9,0,0,0.4,2,0,0,7.1,0,0,0,0,0,0,14.2,0,18.5,0.4,0,0.4,2.2,14.8,24.1,7,12.9,2.9,0.5,6.7,7.2,0,5.4,0,0,19.3,0,19.7,0,11.1,1.2,0.4,0,0.3,3.7,18.3,0,0,0,0,0,0,0,1.4,44.4,0,0,0,0,0,0,0,0,0,0,0,1,0,0,0,0,1.1,0.1,2.2,3.7,4.8,2.3,7.7,0,1.2,0.2,0,0.4,3.8,4.4,0,5.2,0,10.6,0.3,1.1,8.1,0,0,0,0,0,0,0,1.8,0.7,0,1.9,0,0,0,3.3,34.1,15.5,18,7.5,0,0,11.7,0,0,0,1.1,9,1.1,0,7.4,6.4,2,7.5,14.8,5.5,1.1,1.9,1.8,0,0.2,4.4,0,0,0,0,0,0,0.9,0,20.8,0.1,0,0,0,0,0,0,0,0.7,6.2,6.8,39.8,3.7,45.7,7.3,4.2,0,0,0,0,0,3,0,0,0,11.7,43.1,8,4.9,38.2,21.3,13,0,0,27.9,1.1,0,2.5,1.9,14,3.6,0,0,0,0,0,0,0,0,0,0,0.4,0.2,0,0,0,0,0,0,0,0,0,0,0,0,0,0,0,0,0,0,0,0,16.7,37.4,42.5,0,0.3,0,0,0,0,0,0,0,0,0.5,0.6,0.2,0,0,0,0,0,0,0,0,0,0.5,0,0.4,0.9,0,0,0,0,0,0,0,0,0,0,0,0,0
13.5,77.5,187,0,0,5.5,0,0,0,0,0,0,0,0,0,0,0,0,0,0,0,0,0,0,0,0,0,0,0,0,0,0,0,0,0,0,0,0,0,0,0,0,0,0,0,0,0,0,0,0,0,0,0,0,0,0,0,0,0,13.3,0,0,0,0,0,0,0,0,0,0,0,0,0,0,0,0,0,0,0,0,0,0,0,0,0,9,4,0,0,0,0.2,0,0,0,0,0,0,0,0,0,0,8.2,16.3,0,0,6.5,0.7,0.5,0.7,0,0,1,0,7.6,0.5,3.8,0,0,1.6,0,0,0.5,22.6,0,0,2.3,2.8,10.3,0,0,0,0,0,8,0.2,0,0,0,0,0,0,0.5,0,0,0,0,0.2,1.1,6.8,1.9,5.8,2.4,3.5,0,2,1.6,20.9,0,0,0,0,0,0,3.6,0.2,0,0,1.3,0,0,2.3,0,0,0,0,0.2,0,0,0,0,0,0,0,5.8,0.2,1.9,0,0.2,0,1,0,0,3.3,0,0,0,0,2.6,0.8,0.3,0,0,0,0,0.1,0,0,0,0,0.9,0,0,0,0,0,1.6,2.6,0,15.9,0.4,29.8,2.5,9.9,0.8,0.2,0.5,0,0.6,0,4.1,0.9,0,0.7,0.9,0.6,2.3,0.5,2.1,3.6,0.5,0.7,2,0,0.2,0,0,0,0,0,0,0,0,0.5,0,0.3,3.2,0,0,1.6,0,6.9,0,27,0,21.9,1.4,35,0,0,0,0,0,0,0,0,0,0,0,64.5,21.2,0,0,17.7,60.3,7.2,0,0,0,0,0,0,0,5.3,0,0,0,0,0,0,0,0,0,0,0,0.9,0,0,0,0,0,0,0,0,0,0,0,0,0,0,0,0,0,0,0,0,0,1.8,14.7,18,34.7,0,0,0,0,0,0,0,0,0,0,0,0,0,0,0,0,0,0,0,0,0,0,0,0,0,0,0,0,0,0,0,0,0,0,0,0,0,0
14.5,77.5,188,0,0,0,0,0,0,0,0,0,0,0,0,0,0,0,0,0,0,0,0,0,0,0,0,0,0,0,0,0,0,0,0,0,0,0,0,0,0,0,0,0,0,0,0,0,0,0,0,0,0,0,0,0,0,0,0.7,0,0,0,0,0,0,0,0,0,0,0,0,0,0,0,0,0,0,0,0,0,0,0,0,0,0,0,0.5,0,0,0,0,0,0,0,0,0,0,0,0,0,0,0.5,0,0,0,6.8,0,0,0,0,0,0.3,1.6,4.2,0,0,0,0,0,0,0,1.3,1.6,0,0.8,3.5,5.6,0.4,1.2,0,5.6,0.3,0,0,0.4,3.4,0,2.1,0,6.2,0,0,0,0,0,0.1,20.7,0.7,5.3,3,5.3,4.5,0,1.8,35.8,0,0,0,0,0,0,0,13.2,0,0,0,0,0,0,0,0,0,0,0,0,0,0,0.2,0,0,0,0,0,1.2,0,1.9,0.9,5.1,0,0,11,0.7,0.3,0,0,0.1,0,0,0.3,0,0.4,0,1.4,2.3,0,0,0,0,0,0,0,0,0,0,0,0,0,0,4,4.6,4.8,4.2,9.1,2.8,1.4,0.4,0.5,0,2.1,2.8,10.9,0.2,0,0.1,1.9,6.3,17.5,10.8,0,0.4,0.2,2.4,0,0,0,1.1,0,0,0,0,0,0,0,0.3,0,0,0,0,0,0,0,0,40,4.5,14.4,10.5,38.9,1.1,3.3,0,0,0,0,0,1.7,2,8.4,0,4.2,0,0,0,4.9,50.8,0.2,0,0,0,0.1,0.7,0,1.2,2,0,0,8.4,0,0,0,0,0,0,0,0,0,0,0,0,0,0,0.1,0,0,0,0,0,0,0,0,0,0,0,0,0,0,0,0.6,9,14,1.6,0.4,0.3,0,0,0,0,0,0,0,0.9,0.5,1.8,0,0,0,0,0,0,0,0,0,0,0,0,0,0,0,0,0,0,0,0,0,0,0,0,0,0.4
15.5,77.5,189,0,0,0,0,0,0,0,0,0,0,0,0,0,0,0,0,0,0,0,0,0,0,0,0,0,0,0,0,0,0,0,0,0,0,0,0,0,0,0,0,0,0,0,0,0,0,0,0,0,0,0,0,0,0,0,0,17.7,0,0,0,0,0,0,0.4,0,0,0,0,0,0,0,0,0,0,0,0,0,0,0,0,0,0,3.7,11.8,0,0,0,0,0,3.3,0,0,0,0,0,0,0,4.1,2.6,8.8,0,0,37.1,0,0,0,0,0,0,1.4,12.5,0,0,0.3,0,0,0,0,0,18.7,0,0,0,5.3,0.7,0,0,0,0.6,0,0,0,0,0,0,0.7,4.1,0,0,0,0,0,0,0,2.9,0.4,0.4,0,1.1,0,0,18.6,0,1.4,0,0,0,0.8,0,15.9,0,0,0,0,0,0,0,1.8,0.3,0,0,0,0,0,0,0,0,0,2.8,0,0.7,0,0.1,2.4,6.4,2.9,0,13.1,19.3,2.4,0,0,0,0,1.6,2.6,0.6,0.3,0,0.3,0,0,2.7,6.2,0,0,0,0.7,0,0,0.9,1.1,0,0,0,1.3,0.3,8.1,2.8,8.7,6.2,0,0.5,0.3,0.6,7.6,19.4,18.2,0.5,2.3,0,10.5,0.4,6.5,41.6,0,0,1.1,24.3,56.2,6,0,0,0,0,0,0,0,0,1.1,0,0,1.1,0,0,0,0,0.9,0,4.1,6.1,1.2,6.5,29.2,60.2,0,0,1.7,0,0,2.2,0,2.7,11.4,0,14.8,0.2,0.1,0,0.9,18.9,0.7,0,0,0,0,1.4,0,0,0.7,0,0,4.2,0,0,0,0,0,0,0,0,0,0,0,0,0,0,0.8,0,0,0,0,0,0,0,0,0,0,0,0.9,0,0,0,0,0,6.7,5,56.5,4.9,0,0,0,0,0,0,0,0,0,0,0,0,0,0,0,0,0,0,0,0,0,0,0,0,0,0,0,0,0,0,0,0,0,0,0,0
16.5,77.5,190,0,0,0,0,0,0,0,0,0,0,0,0,0,0,0,0,0,0,0,0,0,0,0,0,0,0,0,0,0,0,0,0,0,0,0,0,0,0,0,0,0,0,0,0,0,0,0,0,0,0,0,0,0,0,0,0,0,0,0,0,0,0,0,0,0,0,0,0,0,0,0,0,0,0,0,0,0,0,0,0,0,0.1,0,0,0,0,0,0,0,0,0,0,0,0,0,0,0,0,23.6,0,13.7,0,0.2,0,0,0,0,0,0,0,0,0,0,0,0,0,0,0,12,10.7,0,0,0,0,0,0,0,0,0,0,0,0,0,0,0,0,0,0,0,0,0,0,0,0,0,0,0,0,0,0,0,0,0,0.1,0,0,0,0,0.1,0.1,0,0,0,0,0,0,0,0,0,0,0,0,0,0,0,2.5,0.2,0,0,0,27.4,22.7,27.6,10.2,7.5,0,0,27.5,0.1,0,0,0,0,10.1,28.8,0.2,0,6.3,0,0,0,10,0,0,0,0,0,10.1,0,0,0,11.2,0,6.3,0,0,28.7,0.3,26.3,17.5,0,0,0,0,2.5,0.3,2.5,2.6,9.1,0.2,0.3,35.2,0.2,0,0,0,18.9,6.3,10.1,0,5.1,47.6,0,0,0,0,0,0,0,0,0,0,0,0,0,0,0.3,0.4,0,2.7,0.3,0,0.6,0.2,0,20.2,13.5,0,0,0,0,7.5,0.1,1.3,0,0,0,7.5,0,7.5,2.6,0,0,0,0.8,0,0,0,0,0,0,0,0,0,0,0,0,0,0,0,0,0,0,0,0,0,0,0,0,0,0,0,0,0,0,0,0,0,0,0,0,0,0,0,23.7,2.5,0.2,0.3,0,0,0,0,1.3,0,0,0,0,0,0,0,0,0,0,0,0,0,0,0,0,0,0,0,0,0,0,0,0,0,0,0,0,0,0,0,0
17.5,77.5,191,0,0,0,0,0,0,0,0,0,0,0,0,0,0,0,0,0,0,0,0,0,0,0,0,0,0,0,0,0,0,0,0,0,0,0,0,0,0,0,0,0,0,0,0,0,0,0,0,0,0,0,0,0.3,0,0,0,0.9,0,0,0,0,0,0,0,0,0,0,0,0,0,0,0,0,0,0,0,0,0,0,0,0,5.9,1,0,0,0,0,0,8.8,0,0,0,0,0,0,0.7,0,0.1,0.5,0,6,0,0,0,0,0,0,0,6.6,0.2,0,0.4,0,0,0,0,0,0,6.7,1.1,0,0,0,0,0,0,0,0,0,0,0,3.3,0,2.2,0,0,0,0,0,0,0,0,0,0,0.5,0,0,4.4,0,0,0,0,0,0,0,0,0,0,0,0,0,0,0,0,0,0.3,0,1.2,0,0.4,0,0,8.3,6.2,0.2,9.9,0.5,0,0,0,35,17.4,0.5,15.2,55.5,2.6,8.8,8.6,21,0.8,0.3,0.3,0.2,22,7.8,6.5,0.7,0.5,0.9,0.4,0.9,1.9,0.5,9.1,0,0,0.3,0.5,0.3,0,0.4,0.6,0,14.5,0,0,1.4,0.5,5,10.9,0,0.8,1.3,1.6,1,17.7,0.7,4,18.5,55.8,0.8,6.2,7.6,25.4,22.4,37.5,111.8,16.7,6.8,9.3,15.7,10.4,0.3,2.3,0.3,0,0,13.7,0,0.2,0,15.4,1,0,0,0,5.7,0,0.7,0,0.3,1.3,1.2,0,0,5.1,13.3,3.9,0.2,17.2,10.9,0,0,8.3,44.8,7.3,0,0.7,0,0,5.2,0.5,0,0,0,86.6,2.4,0,0,0,0,0,0,0,0,0,0,0,0,0,0,0,0,0,0,0,0,0,0,0,0,0,0,0,0,0,0,7.4,0,0,0,0,0,0,0.6,0.4,0,0.2,23.3,0.1,0,0,5.7,0,0,0,0,0,0,0,0,0,0,0,0,0,0,0,0,0,0,0,0,0,0,0,0,0,0,0,0,0,0,0,0
18.5,77.5,192,0,0,0,0,0,0,0,0,0,0,0,0,0,0,0,0,0,0,0,0,0,0,0,0,0,0,0,0,0,0,0,0,0,0,0,0,0,0,0,0,0,0,0,0,0,0,0,0,0,0,0,0,0,0,0,0,0,0,0,0,0,5.1,0,0,0,0,0,0,0,0,0,0.2,0.7,0,0,0,0,0,0,0,0,0,0.4,0,0,0,0,0,0,0.1,0,0,0,0.4,0,0,0,0,61.1,0,0,0.1,0.7,0,0.4,0.8,0,0,0.4,1.1,5.1,6.7,0,0,0,0,0,1.6,0,0,0.5,0,0,0,0,0,0,0,0,0,0,0,3.5,0,0,0,0,0,0,0,0.4,0,0,0,0,0,0,0,48.6,0,0,0,0,0,0,0,0,0.4,0,0.1,0,0,0,6.3,1.7,0,0,14.4,0,0,52.2,0,0.2,12.3,0.2,8.9,0,31.6,6.3,0.8,6.1,5.7,1.1,3.5,36.1,4.9,49.2,10.4,18.9,4.1,15.1,0.3,1,6.1,4.2,9.6,2.4,2.9,2,0.7,0.6,1.2,0,0.1,25.3,36.9,24.8,1.9,7.1,0,12.9,18.5,64,19.6,25.4,1.7,0,0,23.6,23.3,6.6,8.5,15,3,6,39.2,35.4,3.6,26.4,20.8,17.2,32.9,105.3,43.4,0.8,1.3,10.4,16.3,2.6,5.3,1.8,10.7,0.9,2,0.3,0,0,0.7,0.4,0,0,2.1,4.2,14.8,79.6,11.6,19.8,0,0,0,0,0,0,0.1,0.6,2.3,1.6,10.5,4.4,0.1,0.5,0.3,1.5,0,0,0.1,0.3,0,0,0.2,0.3,0,0,0,0,1,0,0,0,0,0,0,0,0,0,0,20.6,52.6,0,0,0,0,0,0,0,0,0,0,0,0,0,0,0,0,0,0,0,0,0,0,0,0,0,0,0,0,0.5,0,2.8,0.4,0,0,0,0,0,0,0,0,0,0,0,0,0,0,0,0,0,0,0,0,0,0,0,0,0,0,0,0,0,0,0,0,0,0,0
19.5,77.5,193,0,0,0,0,0,0,0,0,0,0,0,0,0,0,0,0,0,0,0,0,0,0,0,0,0,0,0.7,0.4,0,0,0,0,0,0,0,0,0,0,0,0,0,0,0,0,0,0,0,0,0,0,0,0,0,0,0,0,0,0,0,0,1.1,0,0,0,0,0,0,0,0,0,0,0,1.6,0.4,0,0,0,0,0,0,0,0,0,0,0,0,0,0,0,0,0,1.4,0,0,0,0,0,0,0,0,0,3,0,0,0,4.7,0,0.3,0,3.1,0,0,0,0,0,0,0,0.7,3.3,3,1.6,3.4,0,0,0,0,0,0,0,0,0,0,0,0,1.6,0,0,0,0,0,0,0,0,0,2.4,0,3.4,0.7,0,0,0,0,0,0,0,0,0,0,0,2.3,0,0,0.6,0,0,0,0,0.8,7.8,9.6,4.5,23.7,3.3,7.9,1.1,27.6,5.5,0.5,7.4,6.7,16.2,39.3,4.7,41.8,31.6,131.9,14.1,40.5,18.7,14.6,10,6.3,3,1.1,15,5.4,15.7,19.4,56.1,14.9,1.3,4.5,2.6,0,0,0,3.2,0.6,3.5,4.5,8.9,6,5.9,10.3,9.5,0,0.3,4.9,6.5,12.4,1.7,0.6,0,0,16.9,71.8,11.7,1.6,2.1,55.1,19.4,0,2.7,14,3.3,0.5,35.6,35.5,10.8,20.4,93.7,15.9,106.8,136.2,6.5,0,0,0.4,1.7,1.7,0,0,2.6,0.1,0,1.3,0,7.2,0,0,0,0,0,0,0,0,0.2,0.3,0.4,0,0,3.8,0.2,0,0,2.6,0.2,1.9,0,0,3.3,0.3,1.1,16.2,0,1.5,2.8,0,0,0,0,0,0,0,0,0,0,0,0,0,0,0,0,0,0,0,0,0,0,0,0,0,0,0,0,0,0,0,0,0,0,0,0,0,0,0,26.6,8,3,44.2,0.2,15.7,2.2,0,0,0,0,0,0,0,0,0,0,0,0,0,0,0,0,0,0,0,0,0,0,0,0,0,0,0,0,0,0,0,0
20.5,77.5,194,0,0,0,0,0,0,0,0,0,0,0,0,0,0,0,0,0,0,0,0,0,0,0,0,0,0,0,0.7,0,0,0,0,0,0,0,0,0,0,0,0,0,0,0,0,0,0,0,0,0,0,0,0,0,0,0,0,0,0,0,0,0,0,0,0,0,0,0,0,0,0,0,0,0.6,3.7,0,0,0,0,0,0,0,0,0,0,0,0,0,0,0,0,0,0.9,0,0,0,0,0,0,0,0,0,0,0,1,0,0,0,0.5,0,0,0,0,0,0,0,0,0,0,0,0,8.4,0,0,0,0,0,0,0,0,0,0,0,0,0,0,0,0,0,0,0,0,0,0,0,0.1,0,0,0,0,0,0,0,0,0,0,0,0,0,0,0,0,0,0,0,0.1,0.1,0.6,0,4.3,6.5,9.6,24.3,1.2,3.6,0,4.8,32.3,1.7,11.3,1.5,25.3,0,2.1,50,1.2,82.6,17.6,0.8,4.2,7.3,3.4,5.6,9.2,0.4,1.4,1.5,2.2,5.2,21.1,7.8,1,2.5,0,0,0.7,0,0.3,0.7,2.5,0,0,0,0.8,3.4,3.4,26.4,0.8,15.6,3.2,4,21.1,0.4,0,0,27.7,4.1,32,7,12.3,5.5,2.5,2.5,6.7,17.3,0.5,0,1.7,26.9,0,8.2,1.2,4.2,18.2,79.1,12.9,2.6,1.1,0,0,0,0,2.9,2,5.8,0,0.4,1.5,0.9,0,0,0,0,0,0,4.6,2.7,12.8,4.2,0.4,0,0.1,0.4,0,0,0,0,0,0,0,0,0.4,1.7,2.8,5.5,0,2.9,0,0,0,0,0,0,0,0,0,0,0,0,0,0,0,0,0,0,0,0,0,0,0,0,0,0,0,0,0,0,0,0,0,0,0,0,0,0,0,0,0.4,0,3.6,66.6,0,1,0,0,0,0,0,0,0,0,0,0,0,0,0,0,0,0,0,0,0,0,0,0,0,0,0,0,0,0,0,0,0,0,0
21.5,77.5,195,0.3,0,0.5,0,0,0,0,0,0,0,0,0,0,0,0,0,0,0,0,0,0,0,0,0,0,0,0,0,0,0,0,0,0,0,0,0,0,0,0,0,0,0,0,0,0,0,0,0,0,0,0,0,0,0,0,0,0,0,0,0,0,0,0,0,0,0,0,0,0,0,0,0,4.3,7.4,0.4,0,0,0,0,0,0,0,0.8,0,0,0,0,0,0,0,0,0,0,0,0,0,0,0,0,0,0,0.3,0,0.7,0,0,0,0,0,0,0,0,0,0,0,0,3,0.6,0,0,1.9,3.2,0,0,0,0,0,0,0,0,0,0,0,0,0,0,0,0,0,0,0,0,0,0,0,0,0.5,1.4,0,0,0,0,0,0,0,0,0,0,1,0.4,0,0,0,0,0,1.3,0.3,0,0,18,12,15.2,1.1,0,0,0,14.6,7.5,19.4,8.3,11,1.1,4.1,9.9,35.4,2,7.6,0,7.3,21.5,7.7,5.9,2,1.4,8.4,2.4,0.3,1.9,17.7,9.4,9.5,10.7,0,2.5,15.9,5.1,7.8,4.7,12,2.1,0.4,0.2,0,12.3,8.4,13.9,11.9,8.2,2,8.1,5.5,4.6,8.3,15.7,7.9,12.3,2,7.8,5,6.8,14.5,0.9,26.8,4,0,11,1.9,2.2,0.9,4,8.4,1.2,0.3,49.5,9.2,1.9,0,1.8,1.4,0.5,2.1,2.1,40.2,47.4,2.9,0.8,0.3,0,0.3,0,2.3,0,8.4,0,1.4,17.7,21.6,43.3,3.2,0,0.8,5.1,0,0,0,0,0,0,0,0,0,0,1,29.4,14.6,0,0,0,0,0,0,0,0,0,0,0,0,0,0,0,0,0,0,0,0,0,0,0,0,0,0,0,0,0,0,0,0,0,0,0,0,0,0,0,0,0,0,0.2,0.7,13.4,0,0.8,7.8,0,0,0,0,0,0,0,0,0,0,0,0,0,0,0,0,0,0,0,0,0,0,0,0,0,0,0,0,0,0,0,0
22.5,77.5,196,0,0,0,0,0,0,0,0,0,0,0,0,0,0,0,0,0,0,0,0,0,0,0,0,0,0,0,0,0,0,0,0,0,0,0,0,0,0,0,0,0,0,0,0,0,0,0,0,0,0,0,0,0,0,0,0,0,0,0,0,0,0,0,0,0,0,0,0,0,0,0,0,0,0,0,0,0,0,0,0,0,0,0,0,0,0,0,0,0,0,0,0,0,0,0,0,0,0,0,0,0,0,0,0,0,0,0,0,0,0,0,0,0,0,0,0,0,0,0,0,0,0,0,0,0,0,0,0,0,0,0,0,0,0,0,0,0,0,0,0,0,0,0,0,0,0,0,0,0,0,0,0,0,0,0,0,0.2,0,0,0.1,0,0.1,0.7,0,0,0,0,0,0,0.3,3.6,0.2,0,0,0,0,0.9,15.3,0,24.5,0,0.4,0,0,0,0.1,0,0,68.6,12.2,2.3,23.1,8.4,0,0,3.8,0,4.9,16.1,16.8,0.2,35,0,0.9,20.5,5.7,2.6,0.6,98.2,11.1,0.8,0.2,0,19.1,14.9,5.5,0,5.8,0,0,7.3,0,0.1,1,24.5,0.9,17.6,10.6,0.5,36.9,34.2,0.2,5.7,0,0.2,4.4,0,1.2,10.1,0.5,1.3,0,12.4,8.9,14.9,0.2,0,7.4,0,0,0.2,25.3,99.7,89.1,8.6,3.6,2.5,0,0,0,17.2,0.2,0,0,0,0.2,35.1,32.5,9.4,0,0,0.4,0,0,0,0,0,0,0,9.6,0.2,0,0,34.9,0,7.6,0,0,0,0,0,0,0,0,0,0,0,0,0,0,0,0,0,0,0,0,0,0,0,0,0,0,0,0,0,0,0,0,0,0,0,0,0,0,0,0,0,0,0,0,0,0,0,0,0,0,0,0,0,0,0,0,0,0,0,0,0,0,0,0,0,0,0,0,0,0,0,0,0,0,0,0,0,0,0
23.5,77.5,197,0,0,0,0.1,0.5,0,0,0,0,0,0,0,0,0,0,0,0,0,0,0,0,0,0,0,0,0,0,0,0,0,0,0,0,0,0,0,0,0,0,0,0,0,0,0,0,0,0,0,0,0,0,0,0,0,0,0,0,0,0,0,0,0,0,0,0,0,0,0,0,0,0,0,0,0.6,0,0,0,0,0,0,0,0,0,0,0,0,0,0,0,0,0,0,0,0,0,0,0,0,0,0,0,0,0,0,0,0,0,0,0,0,0,0,0,0,0,0,0.3,0,0,0,0,0,0,0,0,0,0,0,0,0,0,0,0,0,0,0,0,0,0,0,0,0,0,0,0,0,0,0,0,0,0,0,0,0,0,0.7,4.5,0,0.3,0.6,0,0.6,0.9,0,0,0,0,0,0,0,13.4,0,0.8,0.9,0,2.4,13.2,15.3,23.6,11.8,14.4,2,0,0,2.4,1.3,11.5,14.5,11.9,8.8,28.9,38,18.9,5.9,0,0,0,0.6,6.8,19.3,4.8,2,3.6,28.3,59,35.4,12.9,9.3,14.7,14.7,0,0,18.4,9.6,17.4,4.6,4.4,7.5,6.2,3.1,6.7,24.6,44,4.3,0,0,8.8,25.1,2.4,12.5,5.5,18.8,24.4,6.1,0,0,33.9,8.9,3.7,13.8,5.8,1.6,23.9,52.1,16.6,5.3,5.6,1,0,0.4,16.4,18.7,21.6,35.7,1.5,0.2,0,0.5,0,0,2,0,0,0,19.2,40.7,49.2,26.8,18.8,0,0.3,11.3,0,0,6.4,0,0,1.3,1.9,0,0,0,0.6,16.8,26.9,0,0,0,0,0,0,0,0,0,0,0,0,0,0,0,0,0,0,0,0,0,0,0,0,0,0,0,0,0,0,0,0,0,0,0,0,0,0,0,0,0,0,0,0,0.3,0,0,0,0,0,0,0,0,0,0,0,0,0,0,0,0,0,0,0,0,0,0,0,0,0,0,0,0,0,0,0,0,0,0,0
33.5,77.5,198,7.6,12.2,0.7,0.6,0,0,4.2,1.6,6.3,1.6,9.9,0,0,8,4.9,13.4,0.2,0,0,0.5,0.2,0,5.5,1,0.4,10.9,12.5,8.6,5.9,12.9,0,1.7,4.7,0,0,5.4,0.2,0,0.4,0,0,0,0,0,0,0.2,0,0,5.6,0.3,0,0,0,0,1.9,0.1,3.4,9.2,7.1,3.4,12.4,12.1,9,0,0,0,0,2.5,1.8,2.1,9,3.8,3.6,0,0,0,0,0,0,0,1.7,1.9,0,0,0,0,9.4,19.6,0,0.5,10.4,58.5,8.7,0,0,0,0.4,1.7,8.5,4.3,3.8,0,0,0,0,0.5,0,0,1.5,4.6,0,6,4.2,2.1,0,0.5,1.5,1.9,10.4,4.4,0,0,2.2,2.2,1,0,3.8,0.2,1.9,4.6,0,3,1.7,35.3,17.8,9,0,0,0,0,0,0,0,0,0,2.7,6,7.2,10.9,40.4,17.5,0,0,0,0,5.5,7.7,0,0,0,0,0,0,0,0,0,2.7,0.7,0.5,0,0.4,0.2,0,0,0.1,0,0,1,0.8,4.7,2.4,5.5,0.3,0.1,0,4.2,1.5,2.3,2.1,2.4,2.4,3,4.2,7.6,6.8,19.7,38.1,27.8,31.1,5.9,4.2,0.7,1.1,2.6,19.9,17.6,16.5,9.5,6.5,11.2,13.8,5.6,2.1,3.8,3.4,5.9,15.4,11,14.2,5,1.8,5.9,3.1,1.3,2.5,1.3,2.6,0,0,0,0.5,0,6.8,7.7,2.7,1.7,0.6,0.4,0.5,0,2.4,4.8,9.2,19.6,22.5,14.5,7.2,0.4,0.6,4.3,3,4.7,13.6,14.1,0,20.7,3.1,1.2,3.1,0.4,0,0,1.4,6.9,2.5,9.2,1.8,8.1,28.9,33.4,33.7,25.9,29,42.7,23.3,0,0,0,0,0,0,0,2.7,0,0,0,0,0,0,0,0,9.8,13.9,0,1.9,6.8,15.4,9.5,7.6,0,0,0,0,0,0,0,0,0,0,0,0,0,0,0,0,0.1,0.3,0,0,0,0.2,0,0,0,0,0,0,0,0,0,0,0,0,0,0,0,0,0,0,0,0,0,0,0,0.4,1.6,11.1,31.2,15.7,1.1,0,0,2.2,5.4,37.9,9.4,0,0,0,9.6,22.3,6.2,0,0,0
34.5,77.5,199,5,7,0.5,0.3,0,0,3,0.9,3.8,0.9,5.9,0,0,4.4,5.3,8.5,0.4,0,0,0.4,0.1,0.3,6,0.7,0.2,6.9,8.8,6,4.2,8.8,0,0.9,3.2,0,0,6.6,0.4,0,0.2,0,0,0,0,0,0,0.1,0,0,3.2,0.2,0.1,0,0,0,1,0,2.1,5.2,6.5,3.2,8.1,10.1,10.6,0,0,0,0,2.2,1.1,1.4,10.8,2.2,2.6,0.2,0,0,0,0,0,0,0.9,1,0,0,0,0,5.6,13.9,1.2,0.3,6.3,37.9,8.8,0,0,0,0.2,1.7,5.7,2.5,2.2,0,0,0,0,0.4,0,0,0.7,3.4,1,3.5,2.5,1.2,0,0.5,1.1,1,6.3,2.6,0.2,0.6,1.1,1.1,0.6,0,2.6,0.1,1.3,3.4,0,1.7,1.2,25.7,11,5.1,0,0,0.1,0,0,0,0,0,0,1.4,3.1,4.7,6.6,28.1,10.2,0,0,0,0,3.3,6,0,0,0,0,0,0,0.2,0,0,1.4,0.4,0.3,0,0.2,0.1,0,0,1.1,0.1,0,22.4,4,2.4,1.2,6.1,2,0.8,0.7,11,2,1.2,7.9,3.7,10.4,3.3,36.5,4.9,5.5,36.8,26.5,31.4,27.8,2.9,3.2,14.7,0.7,8.1,29.4,26.2,30.9,15.2,4.5,6.9,13.3,8.9,3.1,30.9,37,16.4,20.7,67.9,17.2,12.4,12,20.2,2.5,2,11.7,0.7,1.3,0,0,0,3.9,1.7,28.7,10.3,9.1,2,1,0.6,5.1,0,1.5,3.2,5.3,14.1,16.7,20.5,22.6,0.2,1.1,5.2,4.2,9.9,12.7,11.7,0.2,11,11.8,1.2,10.8,3.9,0,0,2.1,9.5,10.2,5.6,1.4,5.2,26.6,29.1,31,35.9,22.5,39.2,20.8,0,0,0,0,0,0,0,1.3,0,0,0,0,0,0,0,0,10.2,9.5,0,1,3.7,10.2,5.8,4.4,0,0,0,0,0,0,0,0,0,0,0,0,0,0,0,0,0,1.2,0,0,0,0.1,0.1,0,0,0,0,0,0,0,0,0,0,0,0,0,0,0,0,0,0,0,0,0,0,0.3,1,8.7,36.2,13.5,0.6,0,0,1.1,3.4,31.7,19.1,1,0,0,5.8,17.7,6.1,0,0,0
35.5,77.5,200,3.1,4,0.3,0.2,0,0,2,0.5,2.3,0.5,3.4,0,0,2.4,5,5.2,0.4,0,0,0.2,0,0.6,4.6,0.5,0.1,4.1,5.7,3.9,2.8,5.6,0,0.4,2.1,0,0,8.2,0.3,0,0.1,0,0,0,0,0,0,0,0,0,1.8,0,0.2,0,0,0,0.5,0,1.2,2.9,5,2.4,5,8.7,11.5,0,0,0,0,1.9,0.6,0.9,11.1,1.2,1.7,0.2,0,0,0,0,0,0,0.4,0.5,0,0,0,0,3.3,9.2,1.7,0.2,3.8,23.7,7,0,0,0,0.1,1.8,3.7,1.4,1.3,0,0,0,0,0.2,0,0,0.4,2.2,1,2,1.4,0.7,0,0.4,0.7,0.5,3.7,1.6,0.2,0.6,0.6,0.6,0.4,0,1.6,0,0.8,2.3,0,1,0.8,16.8,6.5,2.9,0,0,0.1,0,0,0,0,0,0,0.8,1.6,2.9,4.1,18,5.9,0,0,0,0,1.9,4.1,0,0,0,0,0,0,0.4,0,0,0.7,0.2,0.2,0,0.1,0,0,0,1.1,0.1,0,38.2,4.7,1.3,0.6,7.5,1.9,0.8,0.7,11.3,1.8,0.7,8.6,3.4,10.9,3.5,52.8,3.1,3.8,40.2,17,33.1,23,1.5,2.2,20.9,0.5,10.1,26.1,21.8,34.9,13.3,2.9,4.1,9.8,9.6,2.8,40.4,60.9,24.5,24.9,98.8,17.6,16.4,11.5,25.2,1.8,1.7,19.5,0.3,0.7,0,0,0,3.8,1.9,44.4,8.8,8.9,2.4,0.9,0.5,4.9,0,0.9,2,3,9.2,11.5,23.8,34.5,0.1,0.9,5.8,4.5,13.7,10.1,10.3,2.8,9.5,17.6,1.6,17.4,4.3,0,0,1.8,7.7,9.6,3.3,0.9,3.5,19.6,25.2,28.2,46.5,15.3,36,16.3,0,0,0,0,0,0,0,0.7,0,0,0,0,0,0,0,0,7.7,7.4,0,0.5,2,6.4,3.4,2.5,0,0,0,0,0,0,0,0,0,0,0,0,0,0,0,0,0,2,0,0,0,0,0.2,0,0,0,0,0,0,0,0,0,0,0,0,0,0,0,0,0,0,0,0,0,0,0.2,0.6,6.6,37.1,11.3,0.3,0,0,0.6,2.1,24.5,24.6,1.7,0,0,3.4,12.2,5.3,0,0,0
8.5,78.5,201,0,0,0,4.4,0,0,0,0,0,0,0,0,0,0,0,0,0,0,0,0,0,0,0,0,4,0.7,0,0,0,6.6,23.4,31,9.5,0,0,0,0,0,0,0,0,0,0,0,0,0,0,0,1.1,0,0,0,0,0,0,0.3,0,0,0,0,0,0,6.8,0,0,0,0,0,0,0,0.4,0,3.7,2.5,4.9,0,0,0,0,0,0,0,0,3.1,4,0,0,0,0,0,0,1.4,0,0,0,0,0,0,0,0,0,0.2,0,1.8,1.2,12.7,0,0,0,3.7,0.9,1.4,0,2,0,5.2,0,0.2,0.6,3.5,10.5,0,3.5,1.3,9.1,0.7,1.5,0,0,0,5,0,0,0,0,0,0.2,0,0,0,0,0,0,0,0,0,1.3,0,0,0,0,0,0,0,0,0,0,0,0,0,0,0,0,0,0,0,0,0,0,0,0,0,0,0,0,0,0,0,0,0,0,0,0,2.6,0,0,0,0,0,0,0.3,1,0,0,0,0,0,0,0,0,0,0,0,0,0,0,0,0,0,0,0,0,0,0,0,19,0.6,0,0.2,0,0,0,0,0,0,0,0,0.6,0,0,0,0,2.4,0,0,0,0,0,0,0,0,0,0,0,1,0,0,0,0,0,0,0,0,0,0,0,0,0,0,0,0,0,0,0,0,0,0.2,0,0,0,0,0,0,0,0,0,0.1,5.4,10.6,0,1.6,14.2,0,0,0,3.5,1.2,3.7,0,0,0,0,3.1,1.8,0,0,0,0,0,0,0.1,1.3,3.8,8.1,9.9,17.5,5.2,1.3,0,3.4,1.1,0,3.7,10.7,19.7,7.5,9.2,5.3,0,3.1,0,0,0.8,2.4,0,0,0,0,0,4.2,0.2,16,23,0,0,8.7,2.1,16.5,9.8,0,0,6.1,0,0,0,0,0,0,0,0,0,0,0,0,0,0,0,0,0,0,0,0,0,0,0
9.5,78.5,202,0,0,0.4,0,0,0,0,0,0,0,0,0,0,0,0,0,0,0,0,0,0,0,0,0,0,0,0,0,0,0,2.1,1.8,0,0,0,0,0,0,0,0,0,0,0,0,0,0,0,0,0,0,0,0,0,0,1.9,0,0,0,0,2,0,0,0,0,0,0,0,0,0,0,0,2,22.1,0.9,0,0,0,0,0,0,0,7,2.6,0,0,0,0,0,0,0,0,0,0.7,0,0,0,0,0,0,0,0.3,1.4,4.6,4.6,0.6,0,0,0,0,20.2,0.3,2.3,0,1.3,0,0,0,14.5,0,9.2,2.6,1.2,0.8,15.4,3.9,1.5,0,0,0,19.4,7.7,0,0,2,14.8,0.4,0,0,1.1,0.5,0,12.6,0,0,0,0,0,0,0,0.4,0,0,0,0,0,0,0,0.9,0.4,0,0,0,0,0,0,0,0,0,0,0,0,0,0,0,0,0,0,0.5,0,0,0,0,0,0,0,0,0,0,0,0,0.6,0,0,0,0,0,0.7,0,0,0,0,0,0,0,0,0,0,0,0,0,0.3,0,0,0,15,9.3,4.1,0,4.2,7.1,0.2,10,0,0,1.8,1.7,0,0,0.5,2,7.6,6.5,3.3,2.1,0,0,0.3,8.9,1.1,0,0,0,0,0,0,4.5,0,0,0,0,0,0,0,0,0,0,0,0,0,0.9,1.3,6.7,2.3,0,0,0,0.6,0,0,0,0,0,8.9,0,9.2,0,0,4.7,0,3.5,5.2,3.2,0.9,2.5,36.3,3.6,0.6,3.8,4.8,0,0,0,4.1,0,0,0,0,0,0,4,5.7,23.6,8.2,0.2,0,20.7,20.4,1.4,0,0,0,0,5.9,0,0,6.5,1.2,0,0,0,0,13.1,7.1,8,0.5,12,0,0,1.9,11.6,0,0,0,0,0,0.3,2.1,3.9,0.6,0,8.8,0,0,0,0,0,0,0,0,0,0,0,0,0,0,0,0,0,0,0,0,0,0,0,0
10.5,78.5,203,0.7,1.4,4,2.8,0.7,0,0,0,0,0,0,0,0,0,0,0,0,0,0,0,0,0,0,0,0,0,0,0,0,1,0,0,0,0,0,0,0,0,0,0,0,0,0,0,0,0,0,0,0,0,0,0,0,0,0,0,0,0,0,0,0,0,0,0,0,0,0,0,0,0,0,0,0,3.6,1.8,0,0,0,0,0,0,0,4.2,5.4,0,0,0,0,0,0,0,0,0,0,0,0,0,0,0,0,2.5,2.1,13.5,13,0,0,0,0,1,7.8,3.8,0,0,0,0,0,0,3,7.5,0.4,0.2,9.2,0,12.4,16.8,31.2,8,3,0.9,0.3,3.7,0.5,6.8,3,1.1,5.7,0,0,0,0,6.9,2,0,0,2.5,0.2,13,4.3,0,3,0,0,9.5,0.4,0,1,4.7,2.9,0,0,0,0,6.2,0,1.3,4.2,1.2,0,0,0,0,1.4,0,0,0,0,0,0,0,0,0,0.4,1,0,0,0,0,0,0,0,0,0,0,0,0,0,0,0,0,0,0,0,0,0,0,0,0,0,0,0,0,0,0,10.4,4,3.8,8.5,42.2,14,0.3,3,7.5,0.3,0,0.4,0.6,2.3,0,0,7.6,3,0.9,0.3,0,0,0,0,1.3,0,0.9,0.5,0,0,0,0,0,0,0,0,0,0,0,0,0,0,0,0,13.3,18.7,2.5,0,5.3,11.4,1.1,10.6,3.8,0.3,3,0,3.8,14.5,0,0,0,0,4.8,13.4,0,2.6,3.5,0,1,4.1,20.9,6.7,12.4,4.7,3.8,3.7,1.8,0.3,0,0.3,0,0.9,6.2,3.9,2.4,4.6,0,4.3,0.6,0.4,0,0,21.4,57.5,0,37.9,0,0,0,0,0,0,0,0,0,0,0,0,1.2,8.6,31.6,18,20.8,0,0.3,1.9,3.4,0.4,2,8,0,0.7,0,0,6.5,14.2,3.4,0,0,0,0,0,0,0,0,0,0,0,2.4,2.9,3.8,0,0,0,0,0,0,0,0,0,0,0
11.5,78.5,204,0,7,0,0,2.3,0,0,0,0,0,0,0,0,0,0,0,0,0,0,0,0,0,0,0,0,0,0.2,0,0,0,0,0,0,0,0,0,0,0,0,0,0,0,0,0,0,0,0,0,0,0,0,0,0,0,0,0,0,0,0,0,0,0,0.1,0,0,0,0,0,0,0,0,0,0,0,0,0,0,0,0,0,0,0,0,0,0,0,0,0,0,0,0,0,0,0,0,0,0,0.2,0,0,0,0,0,1.8,17.6,0,0,0,0,0,2.6,0,0,0,15.3,0.1,0.6,0.4,0,0,0,0,0.7,0.1,2.1,7.1,43,0,0,0,0,3,0,2.7,1.9,15,0.9,0.9,7.9,0,0,2.1,0,0.1,0,5.2,4.2,2.7,0,1,0,0,1.7,7.9,0,0,0,0,0,0,0,0.2,1,0.2,0,0,0,0,0,0,0,0,0,0,0.6,0,0,0,0,0,0,3,1.2,5.7,0,0,0,0,0,0,0,5.3,1.8,0,0,0,0.5,6.3,0.9,1.9,0,0,0,0,0,0.2,0,1.7,0,0,0,0,0,5.6,3.8,11.7,8.5,11.5,39.4,4.4,8.9,15.2,0,0,6.1,1.7,0,0,0,0.9,3.9,5.1,3.9,1.3,15.8,2,1.6,4.8,0,0,3.8,1.4,0,0,0,0,0,0,0.1,2.9,0,0,0,0,0,0,0,6.4,7.3,6.8,3.6,33.5,18.4,6.6,0.6,0,17.5,17.9,0,0,0,0,0,0,5,0,0,0,6.5,32.5,0,0,0,0.4,0,0,0,0.3,10.5,6.6,0,0,0.5,0,0,0.3,0,14.4,21.3,0.7,5.2,0,1.2,3.2,0,0,2,5.3,0,0,0,0.5,0,0,0,0,0,4.2,1.2,0,0,0,1.5,9.6,35,0.4,1.4,10.4,0,5.2,0,0,0.2,0,0,0,0,0,4.7,0,0,0,0,0,0,0,0,0,0,0,0,0,1.7,0,0,0,0,0,0,0,0,0,0,0,0
12.5,78.5,205,0,0,11.8,0,0,0,0,0,0,0,0,0,0,0,0,0,0,0,0,0,0,0,0,0,0,0,0,0,0,0,0,0,0,0,0,0,0,0,0,0,0,0,0,0,0,0,0,0,0,0,0,0,0,0,0,0,0,0,0,0,0,0,0,0,0,0,0,0,0,0,0,0,0,0,0,0,0,0,0,0,0,0,4.9,0,0,0,0.2,0,0,0,0,0,0,0,0,0,0,0,0,0,0,0.6,4.1,6.3,0,0,0,0,0,0,1,0,0,13,8.1,0,0,2.3,2.3,0,0,0.3,0,0,0,0.2,0,0,0,0,0.5,0.3,0.5,0.2,0.9,0,1.5,6,12.5,0,0,0,0,17,0,3.9,63.5,0,0,0.7,1.2,0,2.1,3.2,0,0,0,0,0,0,0,0,0.4,0,0,0,0,0,0,0,0,0,0,0,0,0,0,0,0,0.7,2.1,2.3,3.1,5.3,1.1,0,0,0,8.7,0,0,0.6,1.9,0,0,0.4,0,0,1.3,1,0,0,1.5,0,0,0,0,0,0,0,0,0,5.9,5.7,42.3,5.5,3.1,42,3.6,0.3,1.9,3.6,0.4,0,2.4,11.3,1.3,0.4,0,0,0,4.7,13.9,1.4,0,1.2,0,2.4,0,0,0,0,0,0,0,0,0,0,0,0.1,0,0,0,0,0,0,0,7.8,41.1,18,31.6,12.4,28.5,5.9,70.8,1.8,0.4,0,0,0,0,2.4,0,0,0,0.9,0,4,53.1,19,0.3,1.5,3.1,0,0,2.5,2.4,0,1,27,6.5,0.9,0,0,0,0,0,0,0.1,0,0.9,0.4,0,0.4,0,0,0,0,0,0,0,0,0,0,0,0,0,0,0,0.4,0,0,0.2,3.7,46.4,10.5,0.1,0.7,0,0,9.8,0.3,0,0,0,0,0,0.5,1.8,0,0,0.6,0.1,0.1,0,1.6,0,0.8,0.3,0.1,0,0,0,0,0,0,0,0,0,0,0,0,0,0,0
13.5,78.5,206,0,0,4.5,0,0,0,0,0,0,0,0,0,0,0,0,0,0,0,0,0,0,0,0,0,0,0,0,0,0,0,0,0,11.4,0,0,0,0,0,0,0,0,0,0,0,0,0,0,0,0,0,0,0,0,0,0,0,0,1.4,0,0,0,0,0.2,0,0,0,0,0,0,0,0,0,0,0,0,0,0,0,0,0,0,0,0,0,0,0,0,1.7,0,0,0,0,0,0,0,0,0,0,0,0,0,0,5.8,27,1.9,0,0,0,0,12.7,0,0,0,0,7.7,0,0,0.4,0,0,0,4.1,0,0.4,0.6,0,0,0,0,0,0,0,0,0,0,0,0,0,0,0,9.3,0,0,0,9.4,8.5,8.8,16.5,0,3,3.3,72.2,0,2.9,0,0,0,0,0,0,0,0,0,0,0,0,0,0,0,0,0,0,0,0,3.2,0,0,0,2.8,0,0,0,1.4,0,0.6,0,0.4,0.7,0,0,0.7,0,0,0,0,2.5,0,0,0,0.7,0.5,0.2,3.2,4.7,1,0,2.5,2.6,0.3,0,0,0,1.1,2.1,29.2,64.2,0,0,1.2,4,0,1.2,3.7,0,3.4,0.2,6.1,0.1,0.4,0,0.4,1.7,23.2,15.5,12,0.8,2.2,1.4,0,0,0,0,0,0,0,0,0,0,0,0,0,0,4.1,2.4,0,0,0,0,0,52.9,0.1,5.9,0,44.6,7.5,0,5.8,0,0,0,0,0,0,0,0,0,0,0,0,51.4,60,0.2,0.5,0,0,0,0,25.6,0.7,10.2,9,4.6,0.7,0.4,0.4,0,0,0,0,0,0,0,0,1.7,0,0,0,0.5,2.5,0,0,0,0,0,0,0,0,0,0,5.7,1.6,0,0,1.4,38.2,17.1,8.9,0,4,0,0,0,0,0,0,0,1.1,6.7,7,0,0,0,2.2,0,0,0,0.4,0,3.4,0,0,0,0,0,0,0,0,0,0,0,0,0,0,0,0
14.5,78.5,207,0,0,1.8,0,0,0,0,0,0,0,0,0,0,0,0,0,0,0,0,0,0,0,0,0,0,0,0,0,0,0,0,0,0,0,0,0,0,0,0,0,0,0,0,0,0,0,0,0,0,0,0,0,0,0,6.4,0,1.9,4.6,0,0,0,1,0,0,0,0,0,0,0,0,0,0,0,0,0,0,0,0,0,0,0,0,0,0,0,0,0,0.1,0,0,0,0,0,0,0,0,0,0,0,4.9,0,0.1,2.9,0,0,0,0,0,0,0,2.5,0,0,0,6.7,0,0,0.4,2,0,0,0,0.4,0.6,1.6,0,0.4,0,0,0,0,0,0,0,0,0,2.5,0,0,0,0,0,0,0,0.9,7.8,0,0.2,1.6,0,1.6,24.5,0,6.5,0,0,0,0,0,0,0,0,0,0,0,0,0,0.2,2.8,1,0,0,0,0,0.7,0,0,0,0.6,0,7.3,0.5,4.3,12.8,2.1,0.8,0.2,10.2,8.1,1.2,0,0,0,0,0.2,4.9,0.3,1.1,0,0.7,1,0,0,1.5,0,0,0,0,0,0,0.2,0.7,0.2,0,8.1,26.3,0.2,45.2,18.8,58.9,0.2,0,3.3,3.2,0.9,21.3,20.8,7.1,4.1,0,1.3,15.4,20.9,34.3,0,0,0,0.9,18.2,0.6,0,0,0,0,0,0,0,0,0.4,5.5,0,0,2.6,2.6,0,0,0,0,1.6,54.1,0.3,0,0.9,16.6,12.5,0,0,0,0,0,0,0,4.9,15.5,0,0,0,0,3.7,17.1,153,2.2,3.7,0,0,0,0,6.3,1.1,16.3,5.1,12.5,13.1,2.3,0,0,0,0,0,0,0,0,0,0,0,0,0,5.5,0.9,0,0,0,0,0,0,0,0,0.6,4.9,2.8,3,0,0,0.6,31.5,17.8,0.3,2.6,6.1,0,0,0,0,0,0,1.7,0.1,5.9,0.4,0,0,0,0,0,0,0,0,0,3.6,0.2,0,0,0,0,0,0,0,0,0,0,0,0,0,0,0
15.5,78.5,208,0,0,0,0,0,0,0,0,0,0,0,0,0,0,0,0,0,0,0,0,0,0,0,0,0,0,0,0,0,0,0,0,0,0,0,0,0,0,0,0,0,0,0,0,0,0,0,0,0,0,0,0,0,0,27.4,1.8,0,0,0,0,0,0,0,0,0,0,0,0,0,0,0,0,0,0,0,0,0,0,0,0,0,0,0,0,0,0,0,0,0,0,0,0,0,0,0,0,0,0,5.1,0,0,0,5.3,0,0,0,0,0,0,0,2.8,0,0,0,0,0,0,0,0,0,0,0,0,9.7,0,0,0,0,0,11.2,0,0,0,0,0,0,8.1,0,0,0,0,0,0,0,0,0,0,0,0,0,18.8,2,0,20.3,0,0,0,0,0,0,0,0,0,0,10.7,0,0,0,0,0,0,0,0,0,0,0,0,0,0,0,14.5,5.6,12.7,11.9,24.1,3.1,3.8,4.3,30.2,10.4,0,0,0,0,0,36.1,3.6,2.3,0,3.3,0,0,5.6,0,4.3,0,0,0,0,0,2,0,0,0,10.2,19.3,0,0,0,0,0,0,10.7,0,21.1,42.4,18.3,23.4,5.3,5.3,0,33,15.7,22.6,3.1,0,0,0,9.4,20.1,0,0,1.3,0,0,0,0,0,0,11.2,0,0,0,0,0,0,0,10.4,0,11.7,46.7,0,0,0,0,16.8,0,0,0,0,0,0,32.5,18.3,0,0,0,0,0,0,7.6,0,13.2,0,0,0,0,0,0,7.4,5.6,21.8,15.7,0,0,0,0,8.4,0,0,0,0,0,0,0,0,0,0,0,0,0,0,0,0,0,0,0,0,0,0,0,0,0,0,0,8.6,0.5,2.5,15.7,0,0,0,0,0,0,0,0,0,0,0,0,0,0,0,0,0,0,0,0,0,0,0,0,0,0,0,0,0,0,0,0,0,0,0,0
16.5,78.5,209,0,0,0,0,0,0,0,0,0,0,0,0,0,0,0,0,0,0,0,0,0,0,0,0,0,0,0,0,0,0,0.1,0,0,0,0,0,0,0,0,0,0,0,0,0,0,0,0,0,0,0,0,0,0,0,0.7,0,11.3,0,0,0,0,0,0,0,0,0,0,0,0,0,0,0,0,0,0,0,0,0,0,0,0,0.9,0,0,0,0,0,0,0,0,0,0,0,0,0,0,0,0,0,0,0,0.1,0,0,0,0,0,0,0,0.3,0,0,0,0,0,0,0,2.2,0,0,0,0,0,0,0,0,0,0,0,0,0,0,0,0,0,0,0.1,0,0,0,0,0,0,0,1.2,0,0,0,0,0,0.5,0,0.8,0,0,0,0,0,0,0,0,0,0,0,0,8,0,0.2,0,0,7.5,0,0,2.3,0,2.2,3.6,0,0,0.2,13.6,14,8.1,4,9.5,5.9,1.1,34.2,9.4,0.1,4.2,0.3,0.5,5.5,2.6,8.2,5,1,4.5,0.9,4.5,2.9,5.9,0.3,0,0,0.8,1.9,14.6,1.8,0,0.9,12.8,2.1,1.4,4.9,0,0,4.2,0,0.2,20.4,0,51.6,4.7,0.4,13.4,8.6,7.6,0,0,10.7,10.9,1.4,0,1.3,8.3,6.4,6.1,1.4,13.4,8,0.5,2.7,0,0,0,3.7,2.2,12.4,0.3,4.9,0,0,0,0,0.3,3.2,0.9,0,0.9,6.7,3.8,0,2.4,1.6,15.4,2.3,0,0,0,36.3,0.5,0,0,1,0,2.1,2.5,14.6,2.9,6,0,0,0,16,0,0,0,2.2,3.6,11,0,0,0,0,7,0,0,0,0,0,0,0,0,2.4,4.3,0,0,0,0,0,0,0,0,0,0,0,0,0,0,0,0,0,10.5,0,6.2,0.6,7.5,0,0,0.8,0,0,0,0,0,0,0,0,0,0,0,0,0,0,0,0,0,0,0,0,0,0,0,0,0,0,0,0,0,0,0,0,0
17.5,78.5,210,0,0,0,0,0,0,0,0,0,0,0,0,0,0,0,0,0,0,0,0,0,0,0,0,0,0,0,0,0,0,0,0,0,0,0,0,0,0,0,0,0,0,0,0,0,0,0,0,0,0,0,0,0,0,0,0,0,5.9,1.6,0,0,0.1,0,0,0,0,0,0,0,0,0.4,0,0.4,5.1,0,0,0,0,0,0,0,0,2.4,0,0,0.3,0.4,0,0,0,0,0,0,0,0,0.4,0,0,0,3.3,2,8,0.7,0,0,0,0,0,0,1.4,1,0,0,0,0,0,0,0,0,44.2,0,0,0,0,2.2,0,2,0,0,0,0,1,0,0,0,8.4,0,0,0,0,0,2.9,0,0,0,9.5,0.2,1.1,1.7,0,0,0,0,0,0,0,0,0,0,0,0,0,0.2,0,0,0,4.7,0,0,2.6,2,3.3,8.5,5.9,14.4,1.7,4.4,26.2,0,0,1.7,3.9,16.4,3.9,37,28.6,20.9,32.3,15.9,6.4,1.6,2.4,0.1,4.4,19.3,2.3,2.5,1.6,8,0.1,0,4.3,37.9,3.3,0,0,1.4,1.4,3.4,0.1,11.2,11.6,0,4,19.7,0.1,0.4,0,9.8,14.9,0,5.3,4.6,4.3,2.2,5.8,3,8.3,29,6,2.8,3.7,28.3,9.4,3.7,1.9,8.2,10.4,9.4,11.7,13.3,12.3,1,0.6,0.4,0,0,5,3.4,0.9,3.7,1.2,16.4,0,0.4,2.4,0,0.4,3.7,0.9,46.5,0,1.2,0,0.5,0.4,7.7,10,3.2,0,0.2,0.7,0.7,0,0.2,4.5,0,0,0,0,2.1,19.5,12.4,0,0,0,31.8,0,0.3,0,0,0,0.2,0,0,0,0,0,0,0,0,0,0,0,0,0,0,0,0,0,0,0,0,0,0,0,0,0,2.1,0,0,0,0,0,0.1,0.6,10.5,15.4,3.2,0,0,0,0,0,0,0,0,0,0,0,0,0,0,0,0,0,0,0,0,0,0,0,0,0,0,0,0,0,0,0,0,0,0,0,0
18.5,78.5,211,0,0,0,0,0,0,0,0,0,0,0,0,0,0,0,0,0,0,0,0,0,0,0,0,0,0,0,0,0,0,0,0,0,0,0,0,0,0,0,0,0,0,0,0,0,0,0,0,0,0,0,0,0,0,0,0,0,3.1,0,0,0,0,0,0,0,0,0,0,0,0,1.4,0.3,0,0,0,0,0,0,0,0,0,0,0,0,0,0,0,0,0,0,0,0,2.4,0,0,0,1.1,0,0,31,0,10.5,0,0,0,0,0.9,0,0,0,0,0,0,0,0,0,0,18.2,0,0,0,0,0,0,0,0,0,0,0,0,0,0,0,0,0,0,0,0,0,0,0,0,0,0,0,0,0,0,0,0,4.3,0,0,0,0,0,0,0,0.4,0,0,0,0,0,0,0,0,0,0.6,0,4.6,2.1,3.3,7.3,0.6,11.9,0,0,0,0,6.2,1,2.2,11.6,119.2,50.5,24,13.1,16,2.6,13.4,3.5,5.6,12.4,2,0.7,12.3,16.3,10.6,1.5,4.1,0.8,0.6,0.3,15.4,0,0,0.8,5.8,6.5,6.3,4.6,0,0.4,0.7,1.9,0,0,23.6,4.2,0,3.6,15.9,7.4,20.6,3,27.5,9.2,19,7.7,3.6,7.5,5.7,15.4,4.3,18.7,40.5,52.4,7,10.1,15.8,23.9,2.5,5.7,2.5,0,3.2,0,6.1,4.8,1,0.7,1.1,1.9,2.3,21.2,8.8,4.4,8.8,0,0,0,0.3,1.4,2.6,8.1,4.8,6.3,0,0,0,0,3.3,1.3,4.5,5.5,0,0,0,0,1.3,6.1,0,0,0,1.2,0,0,0,1.4,0,0,0,0,0,0,0,0,0,0,0,0,0,0,0,0,0,0,0,0,0,0,0,0,0,0,0,0,0,0,0,0,0,0,0,0.9,5.9,1,1.3,12.4,0,0.6,0,0,0,0,0,0,0,0,0,0,0,0,0,0,0,0,0,0,0,0,0,0,0,0,0,0,0,0,0,0,0,0,0
19.5,78.5,212,0,0,0,0,0,0,0,0,0,0,0,0,0,0,0,0,0,0,0,0,0,0,0,0,0,0,0,0,0,0,0,0,0,0,0,0,0,0,0,0,0,0,0,0,0,0,0,0,0,0,0,0,0,0,0,0,0,0,0,0,0,0,0,0,0,0,0,0,0,0.8,5.7,0,0,0,0,0,0,0,0,0,0,0,0,0,0,0,0,0,1.6,5.9,0,0,0,0,0,4.9,0,0,0,0,10.9,0.6,0,4.9,11.5,0,0.9,0,0,0,0,0,0,0,0,0,10,0,0,0,0,0,0,0,0,0,0,0,0,0,0,0,0,0,0,0.2,0,0,0,0,0,0,0,0,0.2,0,0,0,0,0,0,0,0,0,0,0,0,0,0,0,0,0,0,0,0,0,4.9,6.9,0,22.5,1.1,0.5,4.1,4.7,0.4,18.2,4.1,4.1,10.3,9.9,0.6,2.2,71.9,16.9,96.6,8.4,59.2,11.6,16.6,7.5,4.7,13.1,1.9,2.1,4.2,5.1,23,66.2,3,4.2,3.5,1.1,0.5,0,9.8,0,2.5,3.2,21.5,3.9,1.2,0,8.7,13,0.4,0.3,8,0.4,20.4,0,1.8,0,0,8.3,31.7,23.4,23.8,2.5,35.5,5.9,0.2,0,13.8,7,0,18,5.9,10.6,10.8,33.5,135.1,176.2,75,1.1,1.1,0,0,0,0.2,0,6.7,6.7,2.1,0,0,1.1,3.3,2.6,0,0,0,0,0.3,6.6,1.6,4.4,7,2.4,2,0,1.3,0,1.2,1.9,0,0,1.7,0,0,0.8,1.7,6.1,0.7,0,0,2.4,0,0,0,0,0,0,0.4,0.5,0.3,0,0,0,0,0,0,0,0,0,0,0,0,0,0,0,0,0,0,0,0,0,0.2,0,0,0,0,0,0,0,0.6,6.8,1.7,0.3,0,0,1.8,0.1,0,0,0,0,0,0,0,0,0,0,0,0,0,0,0,0,0,0,0,0,0,0,0,0,0,0,0,0,0,0,0,0,0
20.5,78.5,213,0,0,0,0,0,0,0,0,0,0,0,0,0,0,0,0,0,0,0,0,0,0,0,0,0,0,0,1.9,0.6,0,0,0,0,0,0,0,0,0,0,0,0,0,0,0,0,0,0,0,0,0,0,0,0,0,0,0,0,0,0,0,0,0,0,0,0,0,0,0,0.7,0.6,0,0,6.9,4.8,0,0,0,0,0,0,0,0,0,0,0,0,0,0,0,0,0,1.3,0,0,0,0,0,0,0,0,0,0,0.4,0.4,0,0,0,0,0,0,0,0,0,0,0,1.1,0,0,0,0,11.6,0,0,0,0,0,0,0,0,0,0,0,0,0,0,0,0,0,0,0,0,0,0,0,0,0,2,0,0,0,0,0,0,0,0,0.3,0,0,0,0,0,0,0,0,0,0,2.5,0.1,7.3,0.8,4,15.4,10.4,5.1,0.2,9.2,25.3,7.1,4.1,10.6,20,1.3,5.2,23.3,32.2,26.1,15.5,6.2,23.8,13.8,10.3,29.4,18.3,6.5,6.9,2,1.9,9.8,24.2,3,1.4,5.9,0,0.8,6.8,0,1.7,4.6,8,0.7,0.1,3.8,0.7,1.4,5.1,3.8,2.9,9.6,5.1,15,0,0.1,0,0,0,4.8,25,24,21.2,11.1,3.6,1.4,11.9,26,0.6,7.9,1.1,4.5,4.4,7.6,12.8,18.5,70.7,55,16.4,11.8,1,0,0,0.1,0,1.8,16.7,15.4,0,0.3,24.5,0.4,2.3,0,0,0,0,4.7,0.9,10.8,19.6,31,32.7,0,2,0,0,9.5,0,0,0,0,0.2,0,4.1,4.9,0.9,3.9,0,0,0,0,0,0,0,0,0,0,8.4,6.4,0,0,0,0,0,0,0,0,0,0,0,0,0,0,0,0,0,0,0,0,0,0,0,0,0,0,0,0,0,0,0,0.8,0.6,4.9,0,0,0.4,0,0,0,0,0,0,0,0,0,0,0,0,0,0,0,0,0,0,0,0,0,0,0,0,0,0,0,0,0,0,0,0
21.5,78.5,214,0,0.3,0,0,0,0,0,0,0,0,0,0,0,0,0,0,0,0,0,1.5,0,0,0,0,0,0,0,0,1.4,0,0,0,0,0,0,0,0,0,0,0,0,0,0,0,0,0,0,0,0,0,0,0,0,0,0,0,0,0,0,0,0.3,0,0,0,0,0,0,0,0,1.6,0.5,0.8,4.6,1.5,0,0,0,0,0,0,0,0,0,0,0,0,0,0,0,0,0,0,0,0,0,0,0,0,0,0,0,0,0,0.4,0,1.8,0,0,0,0,0,0,0,0,0,0,0,0.2,0,0,2.1,0,0,0,0,0,0,0,0,0,0,0,0,0,0,0,0,0,0,0,0,0,0,0,0,0,0,0,0,0,0,0,0,0,0,0.3,0,0,0,0,0,0,0,0,0,0.1,0,3.2,0.3,13,3.5,16.6,0,0,0,0,5.3,16.5,2.9,10.4,25.4,8,6,28.6,47.7,3.8,0.7,15.2,31.9,23.7,17.5,7.5,5.9,5,7.8,1.1,4.5,8.4,9,0.4,2.4,0.9,0,0,9,0.8,5.5,1.6,5.2,10.2,0.8,0,1.8,9.5,11.5,28,3.8,6.3,19.6,16.3,20.3,7.1,1.8,5.6,17.8,7.9,2.9,23.8,18.5,45.3,56.2,3.9,2.9,1.3,0,0,19.3,1.8,2,0.8,6.6,0.9,23.1,28.8,8.1,1.8,0,1.5,0,0,0,0.2,42.1,19.8,0,0,0,0,0.3,0,0.3,0,0,0,0.8,8.2,24.1,24.8,13.2,1.8,0.3,4.1,0,0,0.3,0,0,0,3.1,0,0,0.4,5.9,48.8,8.9,6.1,0,0,0,0,0,0,0,0,0.3,5.2,3.1,0,0,0,0,0,0,0,0,0,0,0,0,0,0,0,0,0,0,0,0,0,0,0,0,0,0,0,0,0,0,0.4,7,64.7,0,0,0,0,0,0,0,0,0,0,0,0,0,0,0,0,0,0,0,0,0,0,0,0,0,0,0,0,0,0,0,0,0,0,0
22.5,78.5,215,0,0,0,0,0,0,0,0,0,0,0,0,0,0,0,0,0,0,0,0,0,0,0,0,0,0,0,0,3.9,0,0,0,0,0,0,0,0,0,0,0,0,0,0,0,0,0,0,0,0,0,0,0,0,0,0,0,0,0,0,0,0,0,2.9,0,0,0,0,0,0,0,1.5,0,0,0,0,0,0,0,0,0,0,0.7,0,0,0,0,0,0,0,0,0,0,0.7,0,0,0,0,0,0,0,0.2,0,0,0.1,0,0,0,0,0,0,0,0,0,0,0,0,0,3.5,0,0.2,0,0,0,0,0,0,0,0,0,0,0,0,0,0,0,0,0,0,0,0,0,0,0,0,0,0,0,0,0,0,0,0,0,0,0,0,1.8,2.9,0,0,1.3,0,0,0.5,3.7,0,0,0.9,0,5.7,2.5,44.2,0,0,13.7,3.2,9.7,1.6,3.9,2.6,1.1,0,0.8,0.9,8.6,5.7,0,19,20.3,10.2,2.4,49,2.2,11,0.7,0,0,0.9,7.5,4.2,6.5,3.3,1.1,11.4,97,15.1,5.2,2.9,25.6,57.2,3.2,2.8,0.6,19.9,5.5,7,0.6,4.3,2.2,2.8,7.5,2.2,7.2,2.3,34.8,22.6,20.1,4.4,10.4,62.4,6.6,11.5,24.3,8.4,11,0,1.9,0.3,9.3,31.3,5.7,8.9,22.9,55.7,16.5,2.4,0,2.3,0.3,2.7,1,10.9,55.7,30,0,0,0,0,0,0,1.7,1.3,3.6,2.4,3,22.6,37,9.9,63.1,24.6,0,0.9,0.9,0.7,31.3,0.4,0,0.6,2.9,0,1.6,0,2.8,15.8,9.2,4,0,0,0,0,0,0,0,0,0.9,1.2,0,0,0,0,0,0,0,0,0,0,0,0,0,0,0,0,0,0,0,0,0,0,0,0,0,0,0,0,0,0,0,0,0,3.9,0,0,0,0,0,0,0,0,0,0,0,0,0,0,0,0,0,0,0,0,0,0,0,0,0,0,0,0,0,0,0,0,0,0,0
23.5,78.5,216,0,0,0,0,0,0,0,0,0,0,0,0,0,0,0,0,0,0,0,0,0,0,0,0,0,0,0,0,0,0,0,0,0,0,0,0,0,0,0,0,0,0,0,0,0,0,0,0,0,0,0,0,0,0,0,0,0,0,0,0,0,0,2.1,0,0,0,0,0,0,0,0,0,0,0.2,0,0,0,0,0,0,0,0.2,0,0,0,0,0,0,0,0,0,0,0,0,0,0,0,0,0,0,0,0,0,0,0,0,0,0,0,0,0,0,0,0,0,0,0,2.4,0,0,0,0.5,0,0,0,0,0,0,0,0,0,0,0,0,0,0,0,0,0,0,0,0,0,0,0,0,0,0,0,0,0,0,0,0,0,2.5,0.9,0.6,0,0,0,0,3.4,0,0.3,0,0,0.6,0,0,14.1,29.5,1.4,0.3,0,0,1.3,7.9,0,0.2,7.9,0,0,0,1.4,0.3,1.6,1.9,0,56.6,19.6,38.4,1,7.4,1.2,0,0,0,16.9,18.1,2.4,5.7,0,29.3,95,60,18.6,6.8,16.2,38.4,12.2,0.1,0,43.1,29.6,13.7,8.9,4.5,3.1,0.9,0,1.1,23.6,3.2,1.4,5.7,3.4,0.9,21.4,16,16.7,2.5,1,0.3,0.9,0,5.5,4.6,7.9,19.8,1.8,0.2,9.4,31.5,11.3,2,0,1.4,0,8.9,22,10.7,26.7,5.8,3,0,0,0,0,0,0.8,6.6,4.8,0,5.7,5.8,14.8,9.6,36.3,6.3,0,1,3.4,0,84.7,3.3,0,3.5,0.3,0,0,0,0.2,26.8,26.7,0,0,0,0,0,0,0,0,0,0,0,0,0,0,0,0,0,0,0,0,0,0,0,0,0,0,0,0,0,0,0,0,0,0,0,0,0,0,0,0,0,0,0,0,0,0,0,0,0,0,0,0,0,0,0,0,0,0,0,0,0,0,0,0,0,0,0,0,0,0,0,0,0,0,0,0,0,0,0,0
33.5,78.5,217,4.5,17,1.2,1,0,0,2,2.9,5.5,2.9,11.2,0,0,6,3.7,17,0.3,0,0,0.3,0.3,0,9.4,0.5,0.4,6.8,17.7,14.1,7.9,22.4,0,1.3,5.2,0,0,9.3,0.3,0,0.6,0,0,0,0,0,0,0.3,0,0,9.7,0.5,0,0,0,0,1.4,0.2,2.2,11.5,4.4,2.2,13.5,15,14.7,0,0,0,0,1.3,3.2,1.2,5.3,2.9,1.8,0,0,0,0,0,0,0,1.3,1.4,0,0,0,0,6.1,12.9,0,0.9,6.5,53.4,14.8,0,0,0,0.3,1,5.8,7.6,6.6,0,0,0,0,0.3,0,0,1.1,2.5,0,10.5,7.4,3.6,0,0.3,0.8,1.5,16.4,6.9,0,0,1.7,2.1,0.9,0,6.6,0.3,1.4,2.2,0,5.2,0.8,17.3,26.7,14.7,0,0,0,0,0,0,0,0,0,3.1,6.4,7.8,11.3,33.9,30.6,0,0,0,0,3.5,3.7,0,0,0,0,0,0,0,0,0,2.1,1.2,0.9,0,0.6,0.3,0,0,0,0,0,1,0.7,3.5,1.9,4.2,0,0,0,3,1,1.8,1.4,1.7,1.3,2.1,2.2,5.7,5,17.1,32,22.4,48.3,4.5,3.1,0,0.8,1.9,16.1,12.9,12.4,7.2,5.7,8.4,9.8,5.2,1.4,1.8,2.2,3.4,8.2,12.9,19.1,4.2,0.9,3.8,2.2,0.9,1.9,1.3,2.3,0,0,0,0,0,4.7,9.7,1.8,1.3,0.4,0.6,0.3,0,3.7,8.4,16.1,15.2,26.3,17.1,12.3,0.6,0.4,3.1,2.6,3,14.8,19.4,0,14.8,1.9,2,1.5,0,0,0,0.9,4.8,1.4,15.9,1.3,4.7,28,31,50.1,32.3,37.7,43.5,36.1,0,0,0,0,0,0,0,2,0,0,0,0,0,0,0,0,4.8,17.9,0,1.8,5.2,10.3,13.9,13.2,0,0,0,0,0,0,0,0,0,0,0,0,0,0,0,0,0.2,0.5,0,0,0,0.3,0,0,0,0,0,0,0,0,0,0,0,0,0,0,0,0,0,0,0,0,0,0,0,0.2,1.3,6.3,28.8,20.7,0.9,0,0,1.7,7.5,40.2,15.8,0,0,0,6.1,23.8,10.4,0,0,0
34.5,78.5,218,4.7,12,0.9,0.7,0,0,2.5,1.9,4.7,1.9,8.5,0,0,5.2,4.5,12.8,0.4,0,0,0.3,0.2,0.2,7.7,0.6,0.3,6.8,13.3,10.1,6.1,15.6,0,1.1,4.2,0,0,8,0.3,0,0.4,0,0,0,0,0,0,0.2,0,0,6.5,0.3,0,0,0,0,1.2,0.1,2.1,8.3,5.5,2.7,10.8,12.5,12.7,0,0,0,0,1.8,2.1,1.3,8,2.5,2.2,0.1,0,0,0,0,0,0,1.1,1.2,0,0,0,0,5.9,13.4,0.6,0.6,6.4,45.6,11.8,0,0,0,0.3,1.3,5.7,5,4.4,0,0,0,0,0.3,0,0,0.9,3,0.5,7,4.9,2.4,0,0.4,1,1.2,11.4,4.7,0.1,0.3,1.4,1.6,0.7,0,4.6,0.2,1.3,2.8,0,3.5,1,21.5,18.8,9.9,0,0,0,0,0,0,0,0,0,2.3,4.8,6.3,8.9,31,20.4,0,0,0,0,3.4,4.9,0,0,0,0,0,0,0.1,0,0,1.7,0.8,0.6,0,0.4,0.2,0,0,0.6,0,0,11.7,2.4,3,1.5,5.2,1,0.4,0.4,7,1.5,1.5,4.7,2.7,5.8,2.7,19.4,5.3,5.3,26.9,29.3,26.9,38.1,3.7,3.2,7.3,0.8,5,22.7,19.6,21.7,11.2,5.1,7.6,11.5,7,2.3,16.3,19.6,9.9,14.4,40.4,18.2,8.3,6.4,12,2.4,1.4,6.8,1,1.8,0,0,0,2,0.8,16.7,10,5.4,1.6,0.7,0.6,2.7,0,2.6,5.8,10.7,14.6,21.5,18.8,17.5,0.4,0.8,4.1,3.4,6.5,13.8,15.6,0,12.9,6.8,1.6,6.1,2,0,0,1.5,7.1,5.8,10.8,1.3,5,27.3,30.1,40.5,34.1,30.1,41.4,28.5,0,0,0,0,0,0,0,1.7,0,0,0,0,0,0,0,0,7.5,13.7,0,1.4,4.4,10.3,9.9,8.8,0,0,0,0,0,0,0,0,0,0,0,0,0,0,0,0,0.1,0.9,0,0,0,0.2,0,0,0,0,0,0,0,0,0,0,0,0,0,0,0,0,0,0,0,0,0,0,0,0.2,1.1,7.5,32.5,17.1,0.7,0,0,1.4,5.4,35.9,17.4,0.5,0,0,6,20.7,8.2,0,0,0
35.5,78.5,219,3.9,8,0.6,0.4,0,0,2.3,1.2,3.5,1.2,6,0,0,3.8,4.8,9,0.4,0,0,0.3,0.1,0.4,6.2,0.5,0.2,5.5,9.5,7,4.4,10.6,0,0.8,3.1,0,0,8.1,0.3,0,0.3,0,0,0,0,0,0,0.1,0,0,4.2,0.2,0.1,0,0,0,0.8,0,1.7,5.6,5.2,2.6,7.9,10.6,12.1,0,0,0,0,1.8,1.4,1.1,9.6,1.9,1.9,0.2,0,0,0,0,0,0,0.8,0.8,0,0,0,0,4.6,11.3,1.1,0.4,5.1,34.7,9.4,0,0,0,0.2,1.6,4.7,3.2,2.8,0,0,0,0,0.3,0,0,0.7,2.6,0.7,4.5,3.2,1.5,0,0.4,0.8,0.8,7.6,3.2,0.2,0.5,1,1.1,0.6,0,3.1,0.1,1.1,2.6,0,2.2,0.9,19.2,12.6,6.4,0,0,0.1,0,0,0,0,0,0,1.5,3.2,4.6,6.5,24.5,13.1,0,0,0,0,2.7,4.5,0,0,0,0,0,0,0.2,0,0,1.2,0.5,0.4,0,0.3,0.1,0,0,0.8,0,0,24.9,3.5,2.1,1.1,6.3,1.5,0.6,0.5,9.2,1.6,1.1,6.6,3.1,8.4,3.1,36.1,4.2,4.5,33.6,23.1,30,30.5,2.6,2.7,14.1,0.6,7.5,24.4,20.7,28.3,12.3,4,5.9,10.7,8.3,2.6,28.3,40.2,17.2,19.7,69.6,17.9,12.4,9,18.6,2.1,1.6,13.2,0.7,1.2,0,0,0,2.9,1.4,30.6,9.4,7.2,2,0.8,0.6,3.8,0,1.8,3.9,6.9,11.9,16.5,21.3,26,0.3,0.8,5,3.9,10.1,11.9,12.9,1.5,11.2,12.2,1.6,11.8,3.1,0,0,1.6,7.4,7.7,7.1,1.1,4.2,23.5,27.6,34.4,40.3,22.7,38.7,22.4,0,0,0,0,0,0,0,1.2,0,0,0,0,0,0,0,0,7.6,10.6,0,0.9,3.2,8.3,6.6,5.7,0,0,0,0,0,0,0,0,0,0,0,0,0,0,0,0,0,1.4,0,0,0,0.1,0.1,0,0,0,0,0,0,0,0,0,0,0,0,0,0,0,0,0,0,0,0,0,0,0.2,0.9,7.1,34.8,14.2,0.5,0,0,1,3.8,30.2,21,1.1,0,0,4.7,16.5,6.8,0,0,0
36.5,78.5,220,2.9,5.1,0.4,0.3,0,0,1.8,0.8,2.4,0.8,4,0,0,2.5,4.6,6,0.3,0,0,0.2,0,0.6,4.6,0.4,0.1,3.9,6.5,4.7,3.1,7,0,0.5,2.2,0,0,8.4,0.3,0,0.2,0,0,0,0,0,0,0,0,0,2.6,0.1,0.2,0,0,0,0.5,0,1.2,3.6,4.4,2.1,5.4,9,11.7,0,0,0,0,1.7,0.8,0.8,10,1.3,1.5,0.1,0,0,0,0,0,0,0.5,0.5,0,0,0,0,3.2,8.6,1.4,0.2,3.6,24.6,7.3,0,0,0,0.1,1.7,3.5,2,1.8,0,0,0,0,0.2,0,0,0.4,2,0.7,2.8,2,1,0,0.3,0.6,0.5,4.9,2.1,0.1,0.5,0.6,0.7,0.4,0,2.1,0,0.8,2.1,0,1.4,0.7,14.8,8.2,4,0,0,0.1,0,0,0,0,0,0,1,2,3.2,4.5,17.7,8.2,0,0,0,0,1.9,3.5,0,0,0,0,0,0,0.3,0,0,0.8,0.3,0.2,0,0.2,0,0,0,0.8,0,0,35,4,1.4,0.7,7.2,1.5,0.6,0.5,9.5,1.6,0.8,7.2,3.2,9.8,4.1,46.6,3.1,3.5,35.5,16.7,30.9,24.5,1.7,2,18.2,0.5,8.8,22.2,18,30.9,11.1,2.9,4.1,8.6,8.7,2.4,34.5,55.5,22.5,22.9,88.7,17.1,14.9,8.7,21.8,1.6,1.4,18.1,0.4,0.8,0,0,0,2.8,1.5,40.6,8,7.1,2.3,0.7,0.4,3.8,0,1.2,2.5,4.3,8.8,12.1,22.7,32.7,0.2,0.8,5.4,4.1,12.6,9.8,12.6,5.3,13.3,16.9,2,16.3,3.5,0,0,1.4,6.4,7.4,4.5,0.8,3.5,18.5,24.6,29.6,45.5,16.2,35.3,17.2,0,0,0,0,0,0,0,0.8,0,0.2,0,0,0,0,0,0,6.4,8.3,0,0.6,2.1,6.1,4.3,3.5,0,0,0,0,0,0,0,0,0,0,0,0,0,0,0,0,0,1.9,0,0,0,0,0.2,0,0,0,0,0,0,0,0,0,0,0,0,0,0,0,0,0,0,0,0,0,0,0.2,0.6,6.1,34.8,11.8,0.3,0,0,0.6,2.6,24.4,23.5,1.6,0,0,3.3,12.2,5.6,0,0,0
9.5,79.5,221,0,3.2,3.9,0,0,0,0,0,0,0,0,0,0,0,0,0,0,0,0,0,0,0,0,0,0,0,0,0,0,4.7,0,2.6,1.1,0.9,0,0,0,0,0,0,0,0,0,0,0,0,0,0,0,0,0,0,0,0,0,0,0,0,0,0,0,0,0,0,0,0,0,0,0,0,0,0,0,5.2,14.3,0,0,0,0,0,0,0,1.2,0,0.7,0,0,0,0,0,0,0,0,0,0,0,5.3,0,0,0,0,5.3,0,3.1,1.5,0,0,4.5,0,5.1,27.1,0.8,0,0.3,0,0,0,1.8,1.9,14.8,13.7,2.2,3.1,1,75.2,3,1.2,0,0.8,0,11.4,0,0,0.8,0,3.5,0,0,0,0,0,0.3,3.4,0,0,2.3,0,0,0,0,0,0,0,0,0,0,0,0,0,0,0,0,0,0,0,0,0,0,0,0,0,0,0,0,2.5,0,0,0,0,0,0,0,0.2,2.2,3.3,0,0,0,0,0,0,0.5,0,0,0,0,0,0,0,0,0,0,0,0,0,0,0,0,0,0,0,0,0,0,0,0,0.3,1.4,2,0,0,20,0,0,0,0,1.9,0,0,0,0.9,1.7,0,1.4,0.7,0,0,0,0,0,0.3,0,0,0,0,0,0,0,0,0,0,0,0,0,0,0,0,0,0,0,0,0,0,2,0,0,0,0,0.3,0,0,0,0,0,0,0,0,1.2,8.3,7.5,4.4,0,0,0,1.9,12,0,0,27,2.7,0,0,0,0,0.9,4.8,0,0,0,1.3,0.2,5.4,16,41.6,0.3,33,22.8,0,0,0,0,0,2.3,7.7,0,0.6,0.9,7.1,8.1,0,0,0,24.9,6.9,10,0,0,0,25.2,5.3,0,2.1,0,0,0,13.3,0,8.2,6.8,0,0.7,0,0,0.5,0,4.3,7.4,5.2,2.8,4.7,0.7,1.2,0,0,0,0,0.3,0.5,0,0,0,0,0,0,0.5
10.5,79.5,222,0,3.4,12.9,2.3,0,0,0,0,0,0,0,0,0,0,0,0,0,0,0,0,0,0,0,0,0,0,0,0,0,0,0,0,2.2,0,0,0,0,0,0,0,0,0,0,0,0,0,0,0,0,0,0,0,0,0,0,0,0,0,0,0,0,0,0,0,0,0,0,0,0,0,3.8,3.6,0,1.8,31.7,0,0,0,0,0,1.6,1.1,17.8,0,2,0,0,0,0,0,0,0,0,0,0,2,0,0,0,0,0,0,2,0,5.5,3.8,0,0,0,0,2,0,0,0,0,0,17.3,1.1,2.7,2,1.3,35.8,0,0,4.7,52.2,16.4,0,0,0,12,0,0,5.5,15.2,0.6,0,9.8,0,0,0.5,0,0,0.3,0,18.5,0.6,2.3,0,0,0,0,0,0,0,0,0,0,0,0,0,0,0,0,0,0,0,0,0,0,0,1,0,0,3.4,0,0,0,0.5,0,0,2.1,24.2,11.9,11.3,2,0,0,0,0,0,0.3,11.8,0,0,0,0,0,0,0,0,0,0,0,0,0,0,0,0,0,0,0.9,0,46.8,6.8,6,29.6,19.3,10.6,36.7,1.3,28.4,10.6,0,0,0,12.1,0,0.2,4.4,16.9,17.3,1,29.7,4.4,0,0,0,0,0,0,0,0,0,0,0,13.8,0,0,0,0,0,0,0,0,0,0,0,1.2,0,0.4,0,0,1,0,8.6,1.5,5.1,0.8,0,0.5,7.5,0,0,0,0,3.5,6.6,4.6,5,4.4,1.3,21.1,0,1.7,0.7,7.6,1.7,72.6,0.8,0,0.9,2.8,0,18.1,2.5,0,0,0,12,0,0.5,19.4,2.3,5,1.7,1.7,3.6,3.1,0,0,0.2,0.6,0,0,0,3.7,0.7,0.9,0,0,0,23.4,101.1,76.9,1.9,0,0,0,2.9,2.6,0,1.7,0,0,0,0,1.3,5.8,0,0.2,1.9,1.1,1.9,0.1,0,0,0,0,0,0.7,0.1,0,0,0.2,0.4,0,0,0,0,0,0,0,0,0
11.5,79.5,223,0,3.3,1.3,0,0,0,0,0,0,0,0,0,0,0,0,0,0,0,0,0,0,0,0,0,0,0,0,0,0,0,0,0,0,0,0,0,0,0,0,0,0,0,0,0,0,0,0,0,0,0,0,0,0,0,0,0,0,0,0,0,0,0,0,0,0,0,0,0,0,0,0,0,0,0,0,0,0,0,0,0,0,0,0,0,0,0,0,0,0,0,0,0,0,0,0,0,0,0,0,0,0,0,0,2.2,6.9,0,0,0,0,0,0.9,0,0,0,3.3,0,0,0,0,0,0,0,0,0,9.8,19.3,0.4,1.5,0,0,0,0,6.3,2.8,66,0,0,9.8,1.8,0,0,0,0,0,0,0,1.5,0,0,0,0,0,0,0,0,0,0,1.1,2.9,0,0,0,2.5,0,0,0,0,0,0,0,0,0,0,0.5,0,0,0,0,1.3,0,0.6,0,0,0.5,0.7,0,0,0,0,0,0,5.9,1.8,0,0,0,0,1.7,0,0,0,0,0,0,0,0,0,8.2,15.3,0,0.6,0,0.4,1.7,47,0,4.9,0,28,0,2.2,35.3,0,0,0,0,13.6,0,1.3,0,27.8,8,12.3,5.3,76.1,0,7.7,0.2,0,0.6,0,0,0,0,0,0,0.6,0,0,0.9,0,0,0,0,0,0,0,5.6,7.2,0,4.3,0.4,0.2,18.9,2.8,6.7,23,0,8.3,0,0.6,1.4,3.5,0,0,0,0,5.9,13.7,39.2,1.1,2,3.3,0.5,11.8,2,1.5,43.1,30.7,6.5,5.7,11.9,0,0,0,3.6,0,0,0,0,0,7.5,10.2,13.9,3.2,0,0,8.8,0,0,0,0,0,0,0,0,0,10.6,0,1,0,2,13,100.4,60.4,2.2,0,0,1.4,2,0,1.1,0.5,0,0,0,0.4,3.5,6.1,3.1,0,4.5,0.5,0,0,0,0.4,4.8,4.8,0,0.9,1.5,4.2,0,0.6,0,0,0,0,0,0,0,0,0,0
12.5,79.5,224,0,0,13.7,0,0,0,0,0,0,0,0,0,0,0,0,0,0,0,0,0,0,0,0,0,0,0,0,0,0,0,0,0,0,0,0,0,0,0,0,0,0,0,0,0,0,0,0,0,0,0,0,0,0,0,0,0,0,0,0,0,0,0,0,0,0,0,0,0,0,0,0,0,0,0,0,0,0,0,0,0,0,0.1,4.4,4.6,0,0,0,0,0,0,0,0,0,0,0,0,0,0,0,0,0,0,0.8,0,0,0,0,0,0,0,1.8,0,0,0,0,0,0,0,0,0,0,0,0,0,0,30.1,0,0,0,0,0,0,0,0,0,0,0,4.6,18.1,0,0,0,0,0,0,0,24.8,11,0,2.9,0,0,0,3.1,0,0,0,0,16.1,0,1.3,0,7,0,0,2.3,0,0.9,23.1,0,0,0,14.8,0,0,0,0,0,0,0,5.9,0.6,0,3.2,0,0,0,0,0,0,0,0,0,0,3.8,0,0,0,0,0.2,0,0,0,0,0,0,1,3.8,0.5,3.8,0,0,0,3.3,26,0.3,0,0,10.2,11.8,2,5.1,2.8,0,9.9,0,3.1,3.6,0,0,0,4.8,9.1,32.4,0.3,0,0,0,0,0,5.5,0,0,0,0,0,0,0,0,0,1,0,0,0,0,0,0.3,0.7,0.8,45.9,4,20.9,0,0,0.2,1.3,9.9,0,0,0,0,2.8,0,0.5,0,0,0,12.5,0,114.4,5.2,2.7,25.7,0.9,0,10.6,16.7,0,6.7,49.3,4.7,0.5,0.2,0,0,0,0,9.3,3.1,0,0,1.5,0,17.4,0,0,0,1.3,2.5,0,0,0,0,0,0,0,0,0.3,0,4.6,0,2.1,4.3,85.9,56,2.5,9.1,0,0,0,0,0.5,0,0,0,0,0.1,5.8,0.3,0,0,0,0,0,1.1,6.8,0.5,0,3,0,0.5,11.6,0,0,0,0,0,0,0,0,0,0,0,0,0
13.5,79.5,225,0,0,3.1,0,0,0,0,0,0,0,0,0,0,0,0,0,0,0,0,0,0,0,0,0,0,0,0,0,0,0,0,0,0,0,0,0,0,0,0,0,0,0,0,0,0,0,0,0,0,0,0,0,0,0,0,0,0,0,0,0,0,0,0,0,0,0,0,0,0,0,0,0,0,0,0,0,0,0,0,0,0,0,1.6,1,0,0,0,0,0,0,0,0,0,0,0,0,0,0,0,0,0,0,0,26.3,0,0,0,0,0,0,0.2,0,0,0,2,0,0,0,0,0,0,0,0,0,0,3.9,20.5,0,0,0,1.9,0,0,0,0,0,0,0,3.4,0,0,0,0,0,0,1,22.4,0,0,0,0,0,0,16.9,0,0,0,0,0,0,0,1,1.3,0,0,0,10.7,7.2,4.8,0.5,0,0,0,0,0.5,0,0,0.2,0,0,0,0.2,1.9,7.5,10.8,0.6,0,7.2,0,0,2.4,6.4,0,0,0,3.1,0,0,0,0,2.8,0,2.1,0,0.5,0,0.6,8.4,1.4,1.5,0.4,1.5,8.8,2.7,17.1,9.6,0,0,4.3,0.7,0,1.6,4.6,0.6,26.7,3.4,12,2.2,13.9,0.6,0.6,39.8,22.5,21.4,3.4,0,0.1,1.6,0,0.1,0,0,0,0,1.9,0,0,0,0,0.8,0,0,0.1,0,0,1.4,2.4,16.4,0.7,13,0.2,6.8,0,13.7,0,0,0,0,0,0,0,0,0.5,0.2,7.8,0,0,0,0,85.9,91.8,13.1,64.9,0,0,1.5,0,0,15.5,19.3,30.2,15.7,1,9.6,0,2.9,0,1.9,0,0,0,1.2,0,25.4,0.4,0,0,0,37.9,0,0,33.3,0.6,0,0,0,1.9,0,4.4,1.2,1.4,25.3,18,1.3,78.5,2.9,26.8,11.8,0,0,0,0,0,0,0,0,0,12.4,0.6,0,0,0,0,0,0,0,0,0,1.3,0,0,0,0,0,0,0,0,0,0,0,0,0,0,0,0
14.5,79.5,226,0,0,1.3,0,0,0,0,0,0,0,0,0,0,0,0,0,0,0,0,0,0,0,0,0,0,0,0,0,0,0,0,0,0.5,0,0,0,0,0,0,0,0,0,0,0,0,0,0,0,0,0,0,0,0,0,0,0.3,0,0,0,0,0.5,0,0,0,0,0,0,0,0,0,0,0,0,0,0,0,0,0,0,0,0,0,0.2,0,0,0,0,0,0,0,0,0,0,0,0,0,0,0,0,0,0,0,5.3,0,0,0,0,0,0,1.6,0,0,0,0,0,0,0,0,0,0,0,0.3,0,0,4,0,0,0,0,0,0,0,0,0,0,0,0.9,0,0,0,0,0,0,0,0,1.5,2.7,0,0.6,0,1.5,0.2,0.5,0,0,0,0,0,0,0,0,0,3.8,0,0,0,0.7,0.2,0,0,0,0,0,0,0,0,0,0.2,0,0,0.9,0.4,0.7,3.6,1.1,0,0,6.4,0.6,4.3,3.3,0,0,0,0,11.3,2.2,0,0,0,0,0.6,0.3,0,0,0,0,1.7,0,0,0,2.5,0.4,0,3.8,0,0,0,0,3.6,0,0,47.6,0,1.4,7.2,11.4,6,0.7,0.7,0.2,21.5,0.7,1.7,4.8,0,0,3.1,0.3,0.5,0.1,0,0.1,0,0,0,0,0,3.9,12.6,0,0,7.6,0,0,0,0,2.4,11.8,2.8,0,1.8,7.2,2.9,0,9.8,0,0,0,0,0,0,1.4,0,0,8.2,0,0,0,62,31.4,1.3,7.8,0,0,0,0,24,2,28.3,75.3,7.4,11.1,0,0,0,0,0,0,4.4,0.2,0,3,23.9,0,0,1.7,72.3,19.9,0,0,0,0.6,10.5,0,0,0,7.6,5.3,9.5,6.3,0,0,0,31.3,109.6,0.4,4.6,4.7,4,0,0,0,0.2,6.1,4.4,9.9,10.7,1.1,0,0,0,6.2,0,0,0,0,0.5,7.8,6,0.4,0,0,0,0,0,0,0,0,0,0,0,0,0,0
15.5,79.5,227,0,0,0,0,0,0,0,0,0,0,0,0,0,0,0,0,0,0,0,0,0,0,0,0,0,0,0,0,0,0,0,0.8,0,0,0,0,0,0,0,0,0,0,0,0,0,0,0,0,0,0,0,0,0,0,0,3.7,0.3,0,0,0,0,0.4,0,0,0,0,0,0,0,0,0,0,0,0,0,0,0,0,0,0,0,0,3.1,0,0,0,0,3.3,0,0,0,0,0,0,0,0,0,0,0,0,0,0,0,0,0,0,0,0,0,0,0,1.9,0,0,0,0,0,0,0,0,0,0,0,0,53.6,0,0,0,0,0,0,0,0,0,0,0,10.7,0,0,0,0,0,0,0,0,0,0,0,0,0,0,7.6,0,0,0,0,0,0,0,0,0,0,0,0,0,0,2.6,0,0,0,0,0,0,0,5.9,0,0,0,10.8,0,14.1,0,11.1,0.4,5.4,0.1,0.2,0,1.4,17.1,4.6,0,0,0,3.5,10,4.1,0.4,0.9,0,0,0,3.6,0,0,0,0,0,0,0,0.2,0,7.3,0.7,10.2,0,0,0,0,9.9,0,0,28.6,0,9.6,7,2.5,8.7,1.4,7.4,0,6.9,0,8.1,26.7,0,0,15.4,0.5,0.3,0,0,1,0,0,0,0,4.7,38.1,15.3,0,0,0,0,0,0,0,0,0,1.6,9.6,2,0.1,0.2,1.8,7.4,8.4,3.8,0.6,0,0,0.2,74,0,0,0,0,0,22.5,13.9,29.4,7,72.8,0,0,0,1.8,3.4,2.5,39.9,35.1,16.7,1.3,0,0,0,0,0,0,0,0,0,0,0,0,0,2,5.3,0,0,0,0,52.8,0,0,0,0,2,0.4,1.7,0,0,0,0,7.7,64.9,3.6,21.7,17.3,8.8,0,1.4,0,0,0,0,0,0,0,0,0,0,0,0,0,0,0,0,0,0,0,0,0,0,0,0,0,0,0,0,0,0,0,0,0
16.5,79.5,228,0,0,0,0,0,0,0,0,0,0,0,0,0,0,0,0,0,0,0,0,0,0,0,0,0,0,0,0,0,0,5.4,0,0,0,0,0,0,0,0,0,0,0,0,0,0,0,0,0,0,0,0,0,0,3.5,1,0,0,0,0,0,0,0,0,0,0,0,0,0,0,0,0,0,0,0,0,0,0,0,0,0,0,0,0,0,0,0,0,7.7,0,0,0,0,0,0,0,0,0,0,0,20,0,0,0,0,0,0,0,0,0,9.7,0,0,0,0,0,0,0,0,0,0,0,0,0,3,0,0.2,0.6,0,0,0,0,0,0,0,0,0,25.9,0,0,0,0,0,0,0,0,0,0,0,0,0,0.3,11.3,0,0,0,0,0,0,0,0,0,0,0,0,0,0,2.4,0,0,0,0,3.3,0,0.2,0,0,0,2.6,0,0.6,6.8,20.5,9.3,17.8,37.3,5.5,10.1,7.3,1.9,2.1,0,0,0,0,15,0.8,1,4.2,1.1,0,1.3,0,14,0.3,0,0,0,0,0,0.2,13.3,3.7,8.6,21.8,0.2,2.4,0,0,0.3,2.6,0,0,2.9,1.1,100.7,1.6,0.1,1.4,5.9,6.7,0,0,42.1,0,1.6,9.5,0,2.4,0.1,0,23.4,0.7,0,0,6,0,0,1.6,0.3,0.9,0,1.2,2.2,1.4,0,0,0,1.2,0,12.5,3.3,14.6,16.9,13.8,2.3,0,38.4,58.1,0,0,0,0,22.9,30.2,0.9,0,0,0,3.2,0.2,9.4,1.6,12.1,2.6,0,0,0.2,0,0,0,22.2,21,14.3,0,0,0,0,0,0,0,0,0,0,0,0,0,19.9,4.5,0,0,0,0,0,0,0,0,0,0,0,0,0,0,0,0,0.2,3.1,9.6,8.3,4.3,0,0,13.7,0,0,0,0,0,0,0,0,0,0,0,0,0,0,0,0,0,0,0,0,0,0,0,0,0,0,0,0,0,0,0,0,0
17.5,79.5,229,0,0,0,0,0,0,0,0,0,0,0,0,0,0,0,0,0,0,0,0,0,0,0,0,0,0,0,0,0,0,0,0,0,0,0,0,0,0,0,0,0,0,0,0,0,0,0,0,0,0,0,0,0,0,0,0,0,0,0,0,0.9,0,0,0,0,0,0,0,0,0,0,0,0,0,0,0,0,0,0,0,0,0,0,0.4,0,0,0,0,0,0,0,0,0,0,0,0,0,0,0.8,0,0,0,5.4,0,0,0,0,0,4.4,0.5,0,0,0,0,0,0,0,0,0,0,0,0,0,0,0,0,0,0,0,0,0,0,0,0,0,4.3,0,0,0,0,0,0,0,0,0,0,0,0,0,0,0,0,0,0,0,0,0,0,0,0,0.2,0,0,0,0,0,0,0,0,0,12,30.8,0,1.3,2.5,7.4,25.7,2.9,0,3.1,1.8,22.6,37,15.6,12.1,45.3,16.9,55.1,9,1.1,0,0,2.2,1.2,6.1,0,1.8,1.9,2,0,8.7,4.8,3.5,2.9,0,0,0,3.5,4,12,5.4,0,9,0.8,4.8,0.8,1.5,15.3,6.3,1.9,5.6,9.3,11.8,11.3,15.1,7,12.4,20.3,12.1,13.6,2.4,1.5,13.3,11.7,2.4,19.1,13.6,13.7,3.4,3.1,12.2,15.9,0,3.8,2.7,0,0.4,7.4,3.9,1.7,0,2.7,0.7,0,0,0,6.4,4.5,5.7,0,1.5,5.7,17.5,10.8,3.9,6.1,2.2,5.5,6.8,0,0,11,30.3,3.1,0,0,0,0,0,2.9,0.1,0.4,2.4,0,0,3,0,0.4,0,0,6,0.9,6.8,0,0,0,0,0,0,0,0,0,0,0,0,0,5.3,0,0,0,0,0,0,0,0,0,0,0,0,0,0,0,0,0.6,2.8,4.8,8.5,12.3,3,0,0,0,0,0,0,0,0,0,0,0,0,0,0,0,0,0,0,0,0,0,0,0,0,0,0,0,0,0,0,0,0,0,0,0,0
18.5,79.5,230,0,0,0,0,0,0,0,0,0,0,0,0,0,0,0,0,0,0,0,0,0,0,0,0,0,0,0,0,0,0,0,0,0,0,0,0,0,0,0,0,0,0,0,0,0,0,0,0,0,0,0,0,0,1.4,7.7,0,6.4,3,0.2,0,1.6,1.3,2.3,0,0,0,0,0,0,0,3.1,3.4,0.5,0,0,0,0,0,0,0,0,0,0,0,0,0,0.5,0,0,0,0,0,0,0,0,0,0,0,0,0.2,0,7.7,0,0,4.3,0,13.2,0,0.3,2.3,0,0,0,0,0,0,0,0,0.7,0,0,0,0,9.1,0,0,0,0,0,0,0,3.3,0,0,0,9.3,0,0,0,0,0,0,0,0,0,0.6,0,0.5,0,0,0,0,0,0,0,0.9,0,0,1,0,0,0,0,0,0,0,0,0,0,7.4,8.9,4.2,3.4,0,3.7,13.1,1.8,0,0,10.3,1.7,0.8,23.1,45,25.2,24.2,4.3,20.2,41.3,5,6,3.6,0.8,5,1.3,1.6,5.8,14.8,14.2,6.1,3,17.2,1.3,9.2,0,0,5.7,4.5,6.7,6.6,2,7.3,6.5,1.3,0.4,1.1,2.9,5.1,26.2,4.9,0,1.6,2.9,14.6,20.7,19.8,9.2,10.5,4.9,8,0.8,0,1.6,5.7,18.7,4.4,17.2,30.7,15.4,3.7,30.1,23.5,18.9,1.2,3.3,2.7,7,2.8,0,0.7,0.1,2.6,3.6,0.5,0,3.2,18.8,7,13.5,6.7,1.6,0,0,2.5,2.4,12.3,20.9,2.5,4.2,0,3.7,3.9,5.5,1.6,12.9,3.8,0,0,5.9,0,0,0,3.1,12.3,0,0,0,0,0,6.2,0,1.2,10.5,7.2,2.2,0,0,5.7,0,0,0,0,0,0,0,0,0,0,0,0,0,0,0,0,0,0,1.4,3,0,0,0,0,0,0,0,0,8.1,1.1,0,2.6,0,0,4.9,0,0,0,0,0,0,0,0,0,0,0,0,0,0,0,0,0,0,0,0,0,0,0,0,0,0,0,0,0,0,0,0
19.5,79.5,231,0,0,0,0,0,0,0,0,0,0,0,0,0,0,0,0,0,0,0,0,0,0,0,0,0,0,0,4.1,0.1,0,0,0,0,0,0,0,0,0,0,0,0,0,0,0,0,0,0,0,0,0,0,0,0,0,0,0,0,0,0,0,0,0,0,0,0,0,0,0,0,0,8.8,0,0.5,0,0,0,0,0,0,0,0,0,0,0,0,0,0,0,0,0,0,0,0,0,0,0.5,0,0,0,0,5.6,0,0,0,0,0,0,0,8.1,0,0,0,0,0,0,0,0,0,0,0,0,0.7,0,0,4.4,0,0,0,0,0,0,0,0,0,0,0,0,0,0,0,0,0,0,0,5,0,0,0,0,0,0,0,0,0,0,0,0,0,0,0,0,0,0,0,0,0,0,0,0,13.5,0.2,0.2,1.1,0,2.1,10,13.9,0,1.1,1.7,0.2,0.5,13.2,27.9,15.6,12.7,21,22.9,32.7,5.2,39.6,3.8,15.7,6.2,1,3.9,4.7,15.9,21.4,0.2,5.1,2.9,0,1.5,5.3,2.4,0.5,3.4,6.9,13.8,0.2,12.6,42.3,16.3,11.4,0,7,11,9.1,1.5,0,0.6,0,0,23.4,0.3,0.9,1.3,19.1,17.9,5.8,22.6,4.7,51.2,0,9.6,13.9,54.9,10.4,4.4,10.2,165.5,20,7.7,0.5,0.7,0,0,0,0,0,11.8,3.5,0.1,0,0.5,6.4,11.7,8.9,0,0,0,0,18.6,0.9,5.9,29.5,10.5,2.6,0,0,26.8,30.8,2.5,1.3,0,0.6,0.2,0,0,28.2,28.3,11.2,1.8,0,0,0,0,0,0,0,2.4,3.5,5.8,0,0,0.4,0,0,0,0,0,0,0,0,0,0,0,0,0,0,0,0,0,0,0,0,0,0,0,0,0,0,0,0,0,4.9,4.4,5.8,0,0,0,0,0,0,0,0,0,0,0,0,0,0,0,0,0,0,0,0,0,0,0,0,0,0,0,0,0,0,0,0,0,0,0,0
20.5,79.5,232,0,0,0,0,0,0,0,0,0,0,0,0,0,0,0,0,0,0,0,0,0,0,0,0,0,0,0,1.1,1.5,0,0,0,0,0,0,0,0,0,0,0,0,0,0,0,0,0,0,0,0,0,0,0,0.4,0,0,0,0,0,0,0,0,0.1,5.2,0,0,0,0,0,1.8,0.2,5,0,3.7,5.7,0,0,0,0,0,0,0,0.2,0,0,0,0,0,0,0,5.1,0,0,0,0,0,0,0,0,0,0,0.1,0,0.6,0,0,0.8,0,0,0,0,0,0,0,0.2,0,1.3,2.3,0.3,0,0,1.8,0,0,0,0,0,0,0,0,0,0,0,0,0,0,0,0,0,0,0,0,0,0,0,0,0.4,0,0,0,0,0,0,0,0,0,0,0,0,0,0,0.4,0,0,2.3,0,0,0,0,0,0,5.3,9.4,7.8,0.1,0,2.3,27.2,0,0,25.8,7.3,13.4,5.8,5.5,32.6,16.7,21.4,1.9,41.8,35.5,25.4,30.5,44.4,7,4.2,7.2,21.3,10.9,19.8,2.7,3.9,1.3,0.9,0,0.7,0.7,8.2,0.6,8.8,5.8,6.1,1.6,3.6,1.7,3.5,2.9,0,37.5,9.6,7,1.1,0,0,0.2,2.8,10.1,0,6.7,11,22.1,2.8,0.6,0,1.6,4.1,0.5,2.5,0,20.2,7.7,5.2,30,41.4,44.4,7,10.4,0,0.4,2.8,0.1,0,0.7,88.3,28.6,4.3,0,0.2,0.2,20.2,0.4,0,0,0,33.7,0.7,21.4,38.8,8.8,30.1,0.3,0,0,0.2,10.1,4,0,0.1,0,0,0,6.4,20.7,5.3,5.2,0,0.5,0,0,0,0,0,0,0,1.8,5.1,0.2,0.1,0,0,0,0,0,0,0,0,0,0,0,0,0,0,0,0,0,0,0,0,0,0,0,0,0,0,0,0,0,0,0.4,2.9,25.2,0,0,0,0,0,0,0,0,0,0,0,0,0,0,0,0,0,0,0,0,0,0,0,0,0,0,0,0,0,0,0,0,0,0,0
21.5,79.5,233,0,0,0,0,0,0,0,0,0,0,0,0,0,0,0,0,0,0,0,0,0,0,0,0,0,0,0,0.4,0.4,0,0,0,0,0,0,0,0,0,0,0,0,0,0,0,0,0,0,0,0,0,0,0,0,0,0,0,0,0.9,0.3,0,0,0.2,0.3,0,0,0,0,0,0,9.8,0.2,2.1,0,0,0,0,0,0,0,0,0,0,0,0,0,0,0,0,0,0,0,1,0,0,0,0,0,0,0,0,0.1,0.7,0,0,0,0,0,0,0,5.4,0,1.4,0,0,0,0,0.1,0.4,0,0,8.1,0,0,0,0,0,0,0,0,0,0,0,0,0,0,0,0,0,0,0,0,0,0,0,0,0,0,0,0,0,0,0,0,0,0,0,0.3,0,0.4,0.2,0,0,0,0,0,0,0.3,0,0.3,0.8,9,2.1,0,0,1.8,0,11.7,1.7,0,0,45.4,30,2.5,0.5,21,9.4,0,8.5,11.7,16.8,15.1,26.1,6.1,14.8,20.8,1.3,6.3,10.3,5.4,0.2,8.2,6.4,0.4,0,8.3,10.1,1.4,1.4,6.5,10.3,6.6,0.8,1.7,9.8,2.3,25.7,1.9,5.5,12.7,21.1,17.5,8.2,0,0.1,23.7,0,0,4.4,41.4,46,1.4,5.8,0,0.5,0,0,0,0.3,11.3,14.7,18.5,25.2,105.7,26,5.3,11.8,0,0,3.1,0,0,8.4,126.4,11.2,0,0,0.6,0.1,3,0,0,0.2,0.6,31,10.9,6.4,20,46.7,16.7,5.6,0,0,0.5,7.6,17.5,0,0,0,0.2,0,2.4,10.6,1.6,24.3,9,1.3,0,0,0,0,0,0,0,0.7,4.5,17.4,0.2,1.4,0,0,0,0,0,0,0,0,0,0,0,0,0,0,0,0,0,0,0,0,0,0,0,0,0,0,0,0,0,7.6,4.1,16.4,5.1,0,0,0,0,0,0,0,0,0,0,0,0,0,0,0,0,0,0,0,0,0,0,0,0,0,0,0,0,0,0,0,0,0,0
22.5,79.5,234,0.1,0.2,0,0,0,0,0,0,0,0,0,0,0,0,0,0,0,0,0,0,0,0,0,0,0,0,0,4,0.6,0,0,0,0,0,0,0,0,0,0,0,0,0,0,1.6,0,0,0,0,0,0,0,0,0,0,2.3,5.1,2.4,3.4,0.2,0,0,0.2,1.5,0,0,0,0,0,0,1.6,0.4,0,0.2,0.5,0,0,0,0,0,0,0,0.6,0,0,0,0,0.1,0,0,0,0,0,7.3,0,0,0,0,0,0,0,0,0.4,0,0,0,0,0.4,0.1,0.4,0.8,0,0,0,0,0,0,0,0.3,0,0,0.5,0,0,0,0,0,0,0,0,0,0,0,0,0,0,0,0,0,0,0,0,0,0,0,0,0,0,0,0,0,0,0,0,0,0,0.1,3,0,0,0,0,0,0,3.9,0,0,0,0,0,7,14.8,6.6,0.4,0,0.5,0.8,11.3,12,14.3,9.2,4.2,0.4,8.3,0,11.7,28.8,12.1,10.8,5.9,8.2,4,44.2,10,15.4,6.7,1.5,0.1,2.2,10.6,7.1,2.7,8.9,1.5,8.8,23.6,9.9,2.6,7.1,5.3,2.5,0.3,0.6,41.7,9.8,9,11.8,23.9,10.1,0.6,9.5,9.1,4.3,5.6,4.8,35,7.4,4.1,8.1,10.6,33.9,5.2,0.8,0.8,3.2,0,1.8,0.8,6.6,0.8,5.6,35.4,7.1,3.4,19.3,8.1,1.3,9.4,0.4,0,0,3.8,1.1,39,3.6,0,0,2.1,1.7,38.8,0,0,0.1,19.9,0,11.1,19.3,39.3,15.2,81,2.2,8.7,1.8,52.5,35.2,18.8,0,0,0.7,0.6,3.7,6.9,0.8,2.5,1.1,2.8,0.1,0,0,0,0,0,0,0,0,0.6,5.1,0,0,0,0,0,0,0,0,0,0,0,0,0,0,0,0,0,0,0,0,0,0,0,0,0,0,0,0,0,0,0,0,0.2,7,20,0,0,0,0,0,0,0,0,0,0,0,0,0,0,0,0,0,0,0,0,0,0,0,0,0,0,0,0,0,0,0,0,0,0
23.5,79.5,235,0,0,0,0,0,0,0,0,0,0,0,0,0,0,0,0,0,0,0,0,0,0,0,0,0,0,1,0.1,0,0,0,0,0,0,0,0,0,0,0,0,0,0,0,0,0,0,0,0,0,0,0,0,0,0,0,0,7.2,0,0,0,0,0.2,0,0,0,0,0,0,0,0,0.3,0,0,0.1,0,0,0,0,0,0,1.3,0.2,0,0,0,0,0,0,0,0,0,0,0,0,0,0,0,0,0,0,0,0,0,0,0,0,0,0,0,0,0,0,0,0,0,0,0.4,0.7,0,0,0,0,0,0,0,0,0,0,0,0,0,0,0,0,0,0,0,0,0,0,0,0,0,0,0,0,0,0,0,0,0,0,0,0,0,0,0,0,0,0,0,0,0.3,0.3,0.1,0,0,0,0,0.3,2.1,15.5,4,0.3,0,12.7,1.4,13.4,6.5,1,0.3,0.3,0,1.3,2.7,18.9,2.1,13.3,6.1,13.2,38.1,18.9,4,6.8,0.9,2.8,0.7,11.6,17.1,13.9,2.6,34.7,54.3,138.6,71.9,26.5,8.6,15.7,17.8,10.8,7.1,33.7,2.5,29,21.9,10.4,4.3,0.8,0.6,0.3,2.8,17.2,23,20.8,10.4,3.7,0.1,3.6,6.5,25.1,1.1,0,5.1,2.2,0,0,1.1,0.5,4.5,5.2,11.5,19.1,5.3,4.9,0.7,0.1,0,1,1.2,8.1,9.7,6.7,2.7,0,0.2,0,35.4,5.1,0.1,0.4,0,3.9,3.8,11.9,17.5,25.5,3.7,10.1,28.5,4.8,1,8.9,19.7,34.4,10,0.9,0,0.4,0,0,0.5,6.1,7.8,18.7,7.6,0,0,0,0,0,0,0,0,0,21.5,2.3,0,0,0,0,0,0,0,0,0,0,0,0,0,0,0,0,0,0,0,0,0,0,0,0,0,0,0,0,0,0,0,0,0,0,0,0,0,0,0,0,0,0,0,0,0,0,0,0,0,0,0,0,0,0,0,0,0,0,0,0,0,0,0,0,0,0,0,0,0
33.5,79.5,236,8.8,8.5,0.6,0.5,0,0,1,1.4,2.8,5.4,7.2,0,0,11.7,3.7,8.7,0.2,0,0,0.1,0.2,0,4.7,0.2,0.6,5.5,11.3,8.5,4,11.2,0,0.7,2.6,0,0,4.9,0.2,0,0.3,0,0,0,0,0,0,0.2,0,0,4.9,0.4,0.2,0,0,0,0.7,0,1.3,6.7,2.8,3,11.6,16.3,7.4,0,0,0,0,5.1,1.6,0.6,3.8,1.4,1.9,0,0,0,0,0,0,0,0.7,0.8,0,0,0,0,8.6,25.4,0,0.5,3.2,43.4,7.4,0,0,0,0.2,0.5,3,3.8,3.3,0,0,0,0,0.1,0,0,0.9,4.6,0,5.3,3.7,1.8,0,0.1,5.9,4.4,8.2,3.4,0,0,1.2,1.1,0.5,0,3.3,0.2,0.7,1.1,0,2.6,0.4,22.1,17.4,7.4,0.3,0,0,0.2,0,0,0,2.7,0,4.7,10,3.9,6.6,28.2,15.9,0,0,0,0,1.9,2.1,0,0,0,0.6,0,0,0,0,0,1,0.6,1.2,0,0.3,0.2,0,0,0,0,0.1,2,0.4,2,1.3,4.2,0.4,0,0,1.5,0.6,1.3,1,1.1,0.7,1.3,1.2,2.8,2.7,8.5,20.9,14,24.3,2.3,2.3,0,0.5,1.1,8.5,6.6,6.7,3.8,2.9,4.4,5.9,3,0.7,1,1.8,17.7,4.4,7.2,9.7,2.2,0.4,1.9,1.6,0.4,1,0.6,1.2,0,0,0,0,0.1,3.2,8.2,0.9,1.2,0.9,1.6,0.2,0,2.7,5,11.6,10.7,14.2,8.9,6.1,0.3,0.2,1.6,1.5,2.9,7.9,9.9,0,7.4,0.9,1,0.9,0,0,0,0.7,4.6,0.7,8,0.7,4.7,15.2,20.4,34.1,17.6,21.2,26.6,19.2,0,0,0,0,0,0,0,1,0,0,0,0,0,0,0,0,2.8,19.9,0.1,0.9,2.6,5.2,10,6.6,0,0,0,0,0,0,0,0,0,0,0,0,0,0,0,0,2,0.6,0,0,0,0.2,0,0,0,0,0,0,0,0,0,0,0.6,0,0,0,0,0,0,0,0,0,0,0,0,0,3.9,17.8,14.6,10.4,0.4,0,0,0.8,3.8,197.7,7.9,0,0,0,32.8,131.4,5.2,0,0,0
34.5,79.5,237,6.8,10.2,0.7,0.6,0,0,1.8,1.7,3.7,3.6,7.9,0,0,8.5,4.1,10.7,0.3,0,0,0.2,0.2,0,6.2,0.4,0.4,6.2,12.3,9.3,5,13.4,0,0.9,3.4,0,0,6.4,0.2,0,0.4,0,0,0,0,0,0,0.2,0,0,5.7,0.4,0.1,0,0,0,1,0.1,1.7,7.5,4.1,2.9,11.2,14.4,10,0,0,0,0,3.4,1.9,0.9,5.9,2,2,0,0,0,0,0,0,0,0.9,1,0,0,0,0,7.2,19.4,0.3,0.5,4.8,44.5,9.6,0,0,0,0.2,0.9,4.4,4.4,3.9,0,0,0,0,0.2,0,0,0.9,3.8,0.3,6.1,4.3,2.1,0,0.2,3.4,2.8,9.8,4.1,0,0.2,1.3,1.3,0.6,0,4,0.2,1,2,0,3,0.7,21.8,18.1,8.7,0.1,0,0,0.1,0,0,0,1.4,0,3.5,7.4,5.1,7.8,29.6,18.1,0,0,0,0,2.7,3.5,0,0,0,0.3,0,0,0,0,0,1.4,0.7,0.9,0,0.4,0.2,0,0,0.3,0,0,6.8,1.4,2.5,1.4,4.7,0.7,0.2,0.2,4.3,1.1,1.4,2.9,1.9,3.3,2,10.3,4.1,4,17.7,25.1,20.5,31.2,3,2.7,3.7,0.6,3,15.6,13.1,14.2,7.5,4,6,8.7,5,1.5,8.7,10.7,13.8,9.4,23.8,13.9,5.3,3.4,6.9,2,0.9,3.9,0.8,1.5,0,0,0,1,0.5,10,9.1,3.2,1.4,0.8,1.1,1.5,0,2.6,5.4,11.2,12.7,17.8,13.9,11.8,0.4,0.5,2.9,2.5,4.7,10.8,12.7,0,10.2,3.9,1.3,3.5,1,0,0,1.1,5.9,3.3,9.4,1,4.8,21.3,25.2,37.3,25.8,25.6,34,23.8,0,0,0,0,0,0,0,1.4,0,0,0,0,0,0,0,0,5.1,16.8,0,1.1,3.5,7.7,9.9,7.7,0,0,0,0,0,0,0,0,0,0,0,0,0,0,0,0,1.1,0.7,0,0,0,0.2,0,0,0,0,0,0,0,0,0,0,0.3,0,0,0,0,0,0,0,0,0,0,0,0,0.2,2.5,12.6,23.5,13.8,0.6,0,0,1.1,4.6,116.8,12.6,0.2,0,0,19.4,76.1,6.7,0,0,0
35.5,79.5,238,5.3,9.1,0.7,0.5,0,0,2,1.4,3.6,2.4,6.9,0,0,6.1,4.4,9.9,0.3,0,0,0.3,0.2,0.2,6.2,0.5,0.3,5.8,10.9,8.2,4.7,12,0,0.8,3.3,0,0,7.3,0.3,0,0.3,0,0,0,0,0,0,0.2,0,0,4.9,0.3,0.1,0,0,0,0.9,0,1.7,6.6,4.7,2.7,9.6,12.5,11,0,0,0,0,2.6,1.6,1,7.7,1.9,2,0.1,0,0,0,0,0,0,0.8,0.9,0,0,0,0,5.9,15.3,0.7,0.5,4.9,39.6,9.5,0,0,0,0.2,1.2,4.6,3.8,3.4,0,0,0,0,0.3,0,0,0.8,3.2,0.5,5.3,3.7,1.8,0,0.3,2.1,1.8,8.7,3.6,0.1,0.3,1.1,1.2,0.6,0,3.6,0.2,1.1,2.3,0,2.6,0.8,20.5,15.4,7.5,0,0,0,0,0,0,0,0.7,0,2.5,5.3,4.9,7.1,27.1,15.6,0,0,0,0,2.7,4,0,0,0,0.1,0,0,0.1,0,0,1.3,0.6,0.7,0,0.3,0.2,0,0,0.5,0,0,15.9,2.4,2.3,1.3,5.5,1.1,0.4,0.4,6.7,1.4,1.2,4.7,2.5,5.8,2.6,23.2,4.1,4.2,25.7,24.1,25.2,30.9,2.8,2.7,8.9,0.6,5.3,20,16.9,21.2,9.9,4,5.9,9.7,6.6,2,18.5,25.5,15.5,14.5,46.7,15.9,8.8,6.2,12.7,2,1.3,8.5,0.7,1.4,0,0,0,1.9,0.9,20.3,9.3,5.2,1.7,0.8,0.8,2.6,0,2.2,4.6,9,12.3,17.1,17.6,18.9,0.3,0.7,3.9,3.2,7.4,11.4,12.8,0.8,10.7,8,1.5,7.6,2.1,0,0,1.4,6.6,5.5,8.2,1.1,4.5,22.4,26.4,35.8,33.1,24.2,36.3,23.1,0,0,0,0,0,0,0,1.3,0,0,0,0,0,0,0,0,6.4,13.7,0,1,3.4,8,8.3,6.7,0,0,0,0,0,0,0,0,0,0,0,0,0,0,0,0,0.6,1.1,0,0,0,0.2,0,0,0,0,0,0,0,0,0,0,0.2,0,0,0,0,0,0,0,0,0,0,0,0,0.2,1.7,9.9,29.2,14,0.5,0,0,1,4.2,73.5,16.8,0.7,0,0,12,46.3,6.7,0,0,0
36.5,79.5,239,4.1,7.1,0.5,0.4,0,0,1.9,1.1,3,1.6,5.4,0,0,4.3,4.5,7.9,0.3,0,0,0.2,0.1,0.4,5.4,0.5,0.2,4.9,8.7,6.4,3.9,9.5,0,0.7,2.7,0,0,7.8,0.3,0,0.2,0,0,0,0,0,0,0.1,0,0,3.8,0.2,0.2,0,0,0,0.7,0,1.4,5.1,4.5,2.4,7.5,10.8,11.4,0,0,0,0,2.2,1.2,0.9,8.9,1.6,1.7,0.1,0,0,0,0,0,0,0.7,0.7,0,0,0,0,4.6,12,1.1,0.4,4.3,32.1,8.4,0,0,0,0.2,1.5,4.1,2.9,2.6,0,0,0,0,0.2,0,0,0.6,2.6,0.6,4.1,2.8,1.4,0,0.3,1.4,1.2,6.8,2.9,0.1,0.4,0.9,1,0.5,0,2.8,0.1,0.9,2.2,0,2,0.7,17.6,11.8,5.8,0,0,0,0,0,0,0,0.4,0,1.7,3.7,4,5.8,22.4,11.9,0,0,0,0,2.3,3.7,0,0,0,0,0,0,0.2,0,0,1,0.5,0.5,0,0.2,0.1,0,0,0.7,0,0,25.4,3.2,1.8,1,6.4,1.3,0.5,0.5,8.1,1.5,1,6,2.9,7.8,3.3,34.9,3.6,3.9,30.6,20.4,28.1,27.7,2.2,2.4,13.6,0.5,7,21.1,17.4,26.1,10.5,3.4,5,9.1,7.7,2.2,26.5,40.5,19,18.7,67.7,16.5,11.9,7.5,17.3,1.8,1.3,13.3,0.6,1.1,0,0,0,2.4,1.2,30.4,8.6,6.1,2,0.8,0.6,3.2,0,1.7,3.6,6.7,10.5,14.6,20.1,25.8,0.2,0.7,4.7,3.7,10,10.6,12.7,3,12,12.5,1.7,12,2.8,0,0,1.4,6.5,6.4,6.4,1,4,20.4,25.5,32.7,39.3,20.2,35.8,20.1,0,0,0,0,0,0,0,1,0,0.1,0,0,0,0,0,0,6.4,11,0,0.8,2.7,7.1,6.3,5.1,0,0,0,0,0,0,0,0,0,0,0,0,0,0,0,0,0.3,1.5,0,0,0,0.1,0.1,0,0,0,0,0,0,0,0,0,0,0,0,0,0,0,0,0,0,0,0,0,0,0.2,1.1,8,32,12.9,0.4,0,0,0.8,3.4,49,20.2,1.1,0,0,7.7,29.2,6.2,0,0,0
12.5,80.5,240,0,1,0.1,0,0,0,0,0,0,0,0,0,0,0,0,0,0,0,0,0,0,0,0,0,0,0,0,0,0,0,0,0,0,0,0,0,0,0,0,0,0,0,0,0,0,0,0,0,0,0,0,0,0,0,0,0,0,0,0,0,0,0,0,0,0,0,0,0,0,0,0,0,0,0,0,0,0,0,0,0,0,0,0,0,0,0,0,0,0,0,0,0,0,0,0,0,0,0,0,0,0,0,0,0,0,0,0,0,0,0,0,2.9,0,0,0,0,0,0,0,0,0,0,0,0,8.4,62.9,6.9,0,0,0,0,0,0,0,0,0,0,0,0,0,0,0,0,0,0,0,1.4,0,0,0,0,0,0,0,0,0,0,0,0,1.7,0,0,0,0,0,0,0,0,0,0,1.1,0,0.8,0,0,0,0,0.8,13,8.8,1.2,0,0,0.5,0.5,2.2,2.5,1.8,0.6,0.3,0.5,1.4,0,0,3,0,0.9,1.4,1,0,0.7,0.2,0.7,4.4,0,0,0,8.5,0.6,0.5,0.5,0,0.2,0,5.1,0,0,0.8,0,0,14.3,9.2,0.3,0,19,2.6,6.6,4.3,5,2.3,1.2,13.7,3.5,36.8,4,0.5,10.3,8.3,7.9,6.4,0,0,0,0,0,10.6,0,0.6,0,0.7,0,0,0.5,0,0,0,0.1,0,3.3,1.6,0,32.2,0,6,0,0,1.8,0,1.1,1.1,14.7,0,0.1,0,4.9,8,2.9,0,0.5,36.2,131.4,0.9,6,0,0,7,30.6,0,15.6,93.2,15.4,8.3,3,1.4,0,0,0,0,0,2.1,1.6,3.4,4.9,56.9,5.4,3.3,0,0,63.1,0,0,0,0.3,0,0,0,0,1.2,3.9,0,0,44.4,53.2,70.3,98.5,37.2,7.8,6,4.5,5.5,0,2.5,0.4,0,0,0,0,8.9,0,1.3,8.3,3.7,2.8,2.2,2.5,7.5,2,1,3.1,1.1,13.6,22.3,1.1,0,0,0,0,0,0,0,0,0,0,0,1.1
13.5,80.5,241,0,0,0,0,0,0,0,0,0,0,0,0,0,0,0,0,0,0,0,0,0,0,0,0,0,0,0,0,0,0,0,0,0,0,0,0,0,0,0,0,0,0,0,0,0,0,0,0,0,0,0,0,0,0,0,0,0,0,0,0,0,0,0,0,0,0,0,0,0,0,0,0,0,0,0,0,0,0,0,0,0,0,0,0,0,0,0,0,0,0,0,0,0,0,0,0,0,0,0,0,0,0,0,1,0,0,0,0,0,0,0,3.2,0,0,0,0,0,0,0,0,0,0,0,0,6.6,27.9,21.3,6,0,0,0,0,0,0,0,0,0,0,0,0,0,0,0,0,0,0,0,0,0,0,0,0,0,0,0,0,0,0,0,0,0,0,0,0,0,0,0,0,2.6,0,0,0,0,0,0,0,0,0,0.5,1.7,1.1,0,0.3,0.4,1.9,0.9,2,2.4,0,0.5,2.1,3.9,0,0,3.4,5.7,1.2,0,0,3.2,7.7,0,2.2,0.1,0,0,0,2.1,0,0,0,0,0,0,0.3,0,0,0,0,0,0,52,47.9,0,3,8.1,10.3,0.3,2.1,1.6,18.4,39.4,13.2,3.9,0,11,0,11.3,4,4.3,0,0,0,0,0,1.8,0,0,0,8.8,0,0,1.7,0,0,1.6,0,0,5.3,0,0,2.6,0,1.7,0,4.1,25.8,0,0,0,0,9.1,6,0,0,0,0,0,0,64.9,20.8,0,21.1,0,0,6.3,4,0,16.3,90.8,30.2,4.1,0.2,7,2.6,0.4,0.8,1.7,0,4.1,3.7,0,10.8,68.1,4.6,1.8,0,0,81,0,0,0,0,0,0,0,0,3.2,17,0,0,0,14,73.5,189.4,76.3,9.9,18.8,19.3,5.6,0,3.6,0,0,0,0,4.9,16.5,1.1,4.6,0.2,5.7,1.1,0.2,121.7,7.2,0.9,9,8.5,0,7.6,7.6,0,0,0,0,0,0,0,0,0,0,0,0,4
14.5,80.5,242,0,0.6,0,0,0,0,0,0,0,0,0,0,0,0,0,0,0,0,0,0,0,0,0,0,0,0,0,0,0,0,0.2,0,0.7,0,0,0,0,0,0,0,0,0,0,0,0,0,0,0,0,0,0,0,0,0,0,0,0,0,0,0,0,0,0,0,0,0,0,0,0,0,0,0,0,0,0,0,0,0,0,0,0,0.9,0,0,0,0,0,0,0,0,0,0,0,0,0,0,0,0,0,0,0,0,0.1,0,0,0,0,0,0,0,0,3.2,0,0,0,0,0,0,0,0,0,0,0,0,0,0,1.9,0,0,0,0,0,0,0,0,0,6.6,0,1.3,0,0,0,0,0,0,0,0,0,0,0.4,0,0,0,0,0,0,0,9.9,0,0,0,0,0,0,0,0,0,0,3.3,0,0,0,0,0,0,0,0,0,46.2,0,0.2,1.4,7.5,8.5,1.2,0.5,0.4,1,0.4,3.6,1.3,1.1,0,0,0,8.7,0,0,0,1,0,0,0,1.9,0.2,0,0,2.9,15.8,0.1,0,5.1,6.6,0.8,0.3,0,0,0,0,0,0,3.4,17.5,1.1,20.4,5.6,17.8,8.2,1.3,0,6.4,36.5,1.8,0.2,11.2,0,0,1.5,0,0,0,0,1.7,0,0,0,0,0,1,29.1,0.2,0,15.7,0,0,0,0.4,1.7,3.5,0,6.6,5.4,16.6,11,1.1,1.4,0,0.8,0,0,0,0,9.4,0.1,0,0,0,0,0,76,29.8,0,7.7,0,0,0.3,0,3.5,12.1,74.4,49.7,0.6,19.4,2.7,1.2,0,0,1.3,0,12.2,1,1.9,2.1,23.1,0,0.5,22.1,147.4,84.2,0,0,0.1,12.1,0,0,0,0,42.8,9.5,10.2,0.5,0,3.4,2.8,66.6,14.8,10.1,14.7,3.6,3.6,0,0.3,0,0,0,0,8.5,12.9,0.3,0,0.5,8.6,2.8,0,3.2,2,0.4,1.9,10.7,6.8,0,0.3,0,0,0,0,0,0,0,0,0,0,0,0,0
15.5,80.5,243,0,0,0,0,0,0,0,0,0,0,0,0,0,0,0,0,0,0,0,0,0,0,0,0,0,0,0,0,0,0,0,0,0,0,0,0,0,0,0,0,0,0,0,0,0,0,0,0,0,0,0,0,0,0,0,2.3,0,0,0,0,0,0,0,0,0,0,0,0,0,0,0,0,0,0,0,0,0,0,0,0,0,0,0,0,0,0,0,0,0,0,0,0,0,0,0,0,0,0,0,0,0,0,0,0,0,0,0,0,0,0,0,0,0,0,0,0,0,0,0,0,0,0,0,0,0,0,0,0,0,0,0,0,0,0,0,0,5.4,0,0,1.2,0,0,0,0,0,0,0,0,0.4,0,0,0,0,0,0,0,0,8.3,1.5,0.7,0,0,0,0,0,0,19.6,0,0.5,0,0,4.2,0.5,0,19,0,0,0,6.9,0.7,7.2,6.6,50.2,8.8,33.6,17.5,0,2.9,25.8,21.7,7.2,0,0.5,0,3.2,0.9,0.4,4.8,1.4,0,0,0,17.8,0,0,0,0,0,8.7,0,7.4,0,13.7,7.1,0,0,0,0,0,0,48.1,0,21.9,21.5,2.6,11.1,0.5,0.8,1,1.5,1.8,0.7,0.4,8.4,6.2,0,0,1,0,0,0.4,0,0,0,1.8,0,1.8,4,17.7,47.6,2.9,0,0.3,0,0,0,0,1.2,24,34.8,5.8,2,0,33.3,0.9,0.7,6.8,37.5,1.7,2.5,0,0,22.4,10,1.9,0,0,0,16.5,19.2,28.9,33.6,6.4,0.3,0.8,85.8,10.9,31.4,5.9,32.5,8.7,5.2,4.9,2.6,0,0,0.2,2.6,0,0,0,0,0,0,0,0,10.6,1.7,0.9,0,0,1.5,0,0,0,0,0,2.6,0,0,0,0,0,0,13.6,27.2,25.1,26.9,0.3,0,0.5,0,0,0,0,0,0,1.1,0,0,0,0,0,0,0,0,0,0,0,0,0,0,0,0,0,0,0,0,0,0,0,0,0,0,0
16.5,80.5,244,0,0,0,0,0,0,0,0,0,0,0,0,0,0,0,0,0,0,0,0,0,0,0,0,0,0,0,0,0,0,0,0,0,0,0,0,0,0,0,0,0,0,0,0,0,0,0,0,0,0,0,0,0,0,0,0,0,0,0,0,0,0,0,0,0,0,0,0,0,0,0,0,0,0,0,0,0,0,0,0,0,0,0,0,0,0,0,0,0,0,0,0,0,0,0,0,0,0,0,0,0,0,0,0,0.3,0,0,0,0,4.6,0,0,0,0,0,0,0,0,0,0,0,0,0,0,0,0,0,0,0,0,0,0,0,0,0,0,0,0,50.1,0,0,0,0,0,0,0,0.1,0,0.5,0,0.4,7.8,0,0,0,0,0.5,1,0,0.2,0,0,0,0,0,2.8,3.4,0,2.5,0,10.1,46.7,0,0.4,20.1,0.2,15.5,4.4,0,13.7,42.9,15.3,52,47.7,125.4,22.1,4.1,28.1,11.5,14.8,1,1,0,0,25.9,5.1,5.2,53.5,0.6,0,8.4,0.6,30,5,0.6,0,1.4,7.1,1.2,0.5,37.8,0.7,19.9,5.8,2.1,3.7,0.1,0,0,10.1,0,0,23.5,117.7,4.6,9.1,5.3,12.7,4.2,25,0,0,0.2,2.4,21.4,56.9,41.6,14.5,2,0,35.6,35.9,0,0,2.9,2.3,2.2,6.3,1.1,62.5,7.5,0,0.3,1,2.8,0,1.2,0.6,0.2,0.8,10.1,27.7,7.5,2.4,1,3.1,68.9,41.9,1.2,0.8,0,2.2,16.3,40.2,0.1,8,0,9.5,7.8,13.7,23.8,7.6,1.1,2,4.6,4.4,37.5,5.4,2.9,2.3,8.2,11.7,12,0.4,3.3,0,0,0.3,0,0,0,0,0,0,0,0,0.2,0,0,0,0,0.2,0,0,0,0,0,0,0,0,0,0,0,2.8,4.4,25.3,10,11.4,0,1.1,0,0,0,0,0,0,0,0,0,0,0,0,0,0,0,0,0,1.1,0,0,0,0,0,0,0,0,0,0,0,0,0,0,0,0,0
17.5,80.5,245,0,0,0,0,0,0,0,0,0,0,0,0,0,0,0,0,0,0,0,0,0,0,0,0,0,0,0,0,0.9,0,6.7,0,0,0,0,0,0,0,0,0,0,0,0,0,0,0,0,0,0,0,0,0,0,0,0,0.4,0,0,0.4,0,1.2,0.1,0,0,0,0,0,0,0,0,0,0,0,0,0,0,0,0,0,0,0,0,0,0,0,0,0.2,0,0,0,0,0,0,0,0,1.3,0,0,0,1.7,0,0,0,0,0,0,0,0,0,0.5,0,0,0,0,0,0,0,0,1.8,15.1,0,2.3,0,0,0,0,0,1.9,0,0,0.7,0,0,0,0,0,0,0,1.9,0,0,0,0,0,0,0,0,0,0,0,1.7,0,0,0,0,0,0,0,0,0,0.7,0,0,0,0,2.3,0,28.7,0.5,0,2.1,1.9,0,8.5,0,13.3,1.8,0.3,0,0,7.1,0,41.6,5.5,92.2,33.1,13.7,26.8,18.5,17.1,4.5,2.4,0.7,0,0.3,3,1.7,1.2,0.9,0.3,0.1,14.3,3.5,4.7,8,0.3,0,3.7,11.6,45.9,0.2,0.7,1.9,64.3,58.3,0.1,0,0,0,0.4,3.1,0,0.2,46.7,22.3,8.1,23.8,0.4,10.9,38.2,3.3,0,0.1,2.5,11.7,2,6.8,0.8,18.6,5.7,11.6,11,12.2,2.3,7.4,0,0.3,20.2,9.6,35,0.5,8.9,14.6,0,0,0,11,1.7,8.3,0.2,11,43.5,0.6,2.5,5.7,25.6,21.7,12.9,3.7,0,4.6,2.9,32.1,20,0,0,0,0,0,1.9,0.2,28.9,0,3.8,0.6,0,1.2,0,0,0,10.9,46,44,0,13.2,0.2,0.2,0,0,0,0,0,0,0,0,0,0,0.2,0,0,0,0,0,0,0,0,0,0.7,0,0,0,0,0,0,0.6,0.8,9.8,1.9,0,0.3,0.3,0,0,0,0,0,0,0,0,0,0,0,0,0,0,0,0,0,0,0,0,0,0,0,0,0,0,0,0,0,0,0,0,0,0
18.5,80.5,246,0,0,0,0,0,0,0,0,0,0,0,0,0,0,0,0,0,0,0,0,0,0,0,0,0,0,0,0,0.5,0,0,0,0,0,0,0,0,0,0,0,0,0,0,0,0,0,0,0,0,0,0,0,0,0,2.6,8.4,1.4,2.2,1.7,0,1.8,7.4,0,0,0,0,0,0,0,0,1,1.6,1.6,1,0,0,0,0,0,0,0,0,0,0,0,0,0,0,0,0,0,0,0,0,0,0,0,0,2.2,0.7,2.3,7,13.9,0,0,0,2.1,3.4,9.9,5.7,0,0,0,0,0,0,10.2,0,0,0,0,0,1.3,0,0,0,0,0,0,0,0,0,0,0,0,0.9,0,0,0,0,0,0,0,0,0,0,0,0,0,0,0,0,0,0,0.5,0,0,0,0,0,0,0,0,0,0,0,0.7,4.7,0,12.2,12.7,20.7,6.2,4.8,6,27.8,3.2,0.3,0,4.1,10.8,9.4,26.7,65.2,39.6,39.2,23.3,47.5,37.3,22.1,20.3,2.6,9.1,12.3,12,4.1,19.3,18.4,10.8,3.6,7,12.2,8.6,11.9,4.9,5.6,1.2,21.5,22.4,13,9.6,40.3,22.2,30.5,1.9,5,0.1,0,5.8,16.2,17.7,2.4,2.2,41.2,1.3,10.3,0.6,49.4,6.9,20.3,0.3,0,8,6.4,22,2.6,2.5,31.1,50.4,7.6,63.4,130.9,51.3,7.1,2.5,0.9,18.7,8.8,12.1,4.1,0.6,4.4,2,0,0.6,2.3,5.1,13.8,10.5,5.5,2.9,0.5,7,39.9,30.5,10.5,14.6,9.5,12,0,0.2,8.2,51.5,48.4,3.7,0.1,0,0,0,0,0.2,10.5,15,2.5,0,6.4,0,0.2,0,0,0,25.8,7.5,9.1,2.7,0,10.1,0,0,0,0,0,0,0,0,0,0,0,0,0,0,0,0,0,0,0,0,0,0.5,0,0,0,0,0,2,0,0.2,0.7,3.2,0,5.7,0.5,0.7,0,0,0,0,0,0,0,0,0,0,0,0,0,0,0,0,0,0,0,0,0,0,0,0,0,0,0,0,0,0,0,0
19.5,80.5,247,0,0,0,0,0,0,0,0,0,0,0,0,0,0,0,0,0,0,0,0,0,0,0,0,0,0,0,0.5,0.7,0,0,0,0,0,0,0,0,0,0,0,0,0,0,0,0,0,0,0,0,0,0,0,0.3,0,0.9,8,0,2.3,0.7,0,2.4,7.4,0.3,0,0,0,0,0,0,0.3,0.5,1.4,1.1,0.5,0,0,0,0,0,0,0,0,0,0,0,0,0,1,0,0,0,0,0,0,0,0.5,0,0,0,2.7,0,6.3,11.5,0,0.5,0,1.6,1.8,7.1,4.6,0,0,0,0,0,0,7.3,0,0,3,0,0,1.3,0,0,0.5,2,3,0,0,3.9,0,0,0.7,1.2,0.9,0,0,0,0,0,0,0,0,3.5,0,0,0,0,0,0,0,0,0,0.8,0,0,0,0,0,0,0,0,0,0,0,0.6,3.3,0,8.8,12.1,14.3,4.1,5.5,5.6,38.6,5.2,0.5,0,6.1,9.5,9.5,23.7,53.5,19.4,33.4,9.7,51,39,27.8,18.4,11.6,14,13,12,11.7,17.5,30.4,12,2.8,6.5,11.6,11.9,8.8,4.6,6.1,7,20.8,24.6,15.8,6.2,38.4,19.4,31.4,2,7.3,2.6,5.3,12.6,13.7,12.9,1.7,0,31.7,2,15.7,10.6,41.8,5.7,17.7,0.2,0.5,11.3,6.2,9.4,11.8,8.2,25,51.8,9.6,50.3,135.3,47,6.8,4.1,2.1,17,8.6,10.7,3.6,0.2,10.5,6.5,0,0,1.7,1.2,14.8,13.2,5.4,2.4,0.5,5.6,28.6,31.6,10.7,12,15,9.3,0,0,6.2,40.9,59,4.6,0.1,0,0,0,0.4,2.4,10.6,12.4,6.4,1.7,8,1.4,0,0,0,0,17.7,9.9,8.4,6,4.7,10,0,0,0,0,0,0,0,0,0,0,0,0,0,0,0,0,0,0,0,1.2,0,0,0,0,0,0,0,1.4,1.4,0.7,9.1,10,6.9,7.5,0.5,0,0,0,0,0,0,0,0,0,0,0,0,0,0,0,0,0,0,0,0,0,0,0,0,0,0,0,0,0,0,0,0,0
20.5,80.5,248,0,0,0,0,0,0,0,0,0,0,0,0,0,0,0,0,0,0,0,0,0,0,0,0,0,0,0,0.5,4.8,0,0,0,0,0,0,0,0,0,0,0,0,0,0,0,0,0,0,0,0,0,0,0,0.3,0,0,0,0,6.5,0,0,0.3,1.8,7.1,0,0,0,0,0,0,0.3,4.9,7.9,0,0,0,0,0.6,0,0,0,0,0,0,0,0,0,0,0,0,0,0,0,0,0,0,0,0,0,0,1.5,0,0,0,0,0,0,0.5,0,0,0,0,0,0,0,0,0,0,0,0,0.4,0,0,0,0,0,0,0,0,0,0,0,0,0,0,0,0,0,0,0,0,0,0,0,0,0,0,0,0,0,0,0,0,0,0,0,0,0,0,0,0,0.2,0,0,0,0,0,1.1,16,0.1,0,6.2,0,0.9,0.3,6.7,30.7,5.7,9.1,15.4,12,11,19.2,24.4,10.1,17.2,8.5,6.2,13,20.8,39.3,25.1,23.8,16.8,7.9,34.9,58.2,24.2,29.2,7.1,2,9.6,9.2,14.7,1.8,25.5,18.2,31.6,10,27.6,19.1,37,74.2,44.8,78,0.6,33,46.3,28.1,15.4,18.9,0,0,0,2.6,1.4,0,15.6,16.5,6.2,2.5,0.6,10.1,15.8,0,6.2,17.8,0.8,9.1,27.5,24.3,20.2,30.9,32.4,14.9,1.2,2,0.6,0.3,0.1,0,1.6,32.4,55,0.4,0,1.5,14.4,20.6,11.4,0,0,0,4.6,11.6,25.1,21.8,9.6,24.5,31.7,3.5,0,6.9,18,17.7,5.4,0,0,0,0,4.4,10.9,11.9,11.8,0,0,0.2,0,0,0,0,0,0.7,11.6,10.1,2.5,6.3,6,0,0,0,0,0,0,0,0,0,0,0,0,0,0,0,0,0,0,0,0,0,0,0,0,0,0,0,0.5,0,1,0,13.7,0,0.5,0,0,0,0,0,0,0,0,0,0,0,0,0,0,0,0,0,0,0,0,0,0,0,0,0,0,0,0,0,0,0,0,0,0
21.5,80.5,249,0,0,0,0,0,0,0,0,0,0,0,0,0,0,0,0,0,0,0,0,0,0,0,0,0,0,0,0,5,0,0,0,0,0,0,0,0,0,0,0,0,0,0,0,0,0,0,0,0,0,0,0,0,1.3,0,0,0,0,0,0,0,13.3,2.8,0,0,0,0,0,0,9.7,4.5,0,0,0,0,0,0,0,0,0,0,0,0,0,0,0,0,0,0,0,0,0,0,0,0,0,0,0,0,0,0,0,0,0,0,0,0,0,0,0,0,0,0,0,0,0,3.1,0,0,3.3,0,0,0,0,0,0,0,0,0,0,0,0,0,0,0,0,0,3.1,0,0,0,0,0,0,0,0,0,0,0,0,0,0,0,0,0,0,0,0,0,0,0,0,0,0,0,0,0,0,0,0,23.8,0,0,0,0,3.8,0,0,0,11.7,18.9,34.2,7.8,32.5,0,0.2,0,0.2,54.7,27.5,28.6,29.1,6.8,62.1,72.3,26.6,37.5,49,27.7,25,0.9,2.5,30.2,1,1.5,19.5,13.8,4.3,10.4,1.3,0.9,8,19.9,72.4,25.8,6.3,51.1,59.2,19.3,0,8,0,0,2,14.7,0,0,31.4,20.7,17.8,2.3,18.3,7.3,0,0,0.2,0,9.3,42.5,57.7,2.5,74.9,35.6,4.2,6.1,0,0,0.4,0,0,2.8,18.1,71.9,0.5,0,0,4.1,9.8,132,0,0,0.3,1.8,20.4,3.4,8.5,0,8.4,41.3,3.1,0,0,0,18.6,5.9,0,0,0,0,0,0.5,26,10,9.1,21,6,0,0,0,0,0,0,0,21.4,3.6,23.4,0,0,0,0,0,0,0,0,0,0,0,0,0,0,0,0,0,0,0,0,0,0,0,0,0,0,0,0,0,0,0,0,0,5.3,0,0,0,0,0,0,0,0,0,0,0,0,0,0,0,0,0,0,0,0,0,0,0,0,0,0,0,0,0,0,0,0,0,0,0
22.5,80.5,250,0,0.1,1.1,0.1,0,0,0,0,0,0,0,0,0,0,0,0,0,0,0,0,0,0,0,0,0,0,0,0.4,4.7,0,0,0,0,0,0,0,0,0,0,0,0,0,0,0.9,3.4,0,0,0,0,0,0,0,0,0,14.4,12.2,0,25.2,3.7,0,0,8.6,8.3,0,0,0,0,0,0,4.4,0.2,0.1,0,0,0,0,0,0,0,0,0,1.7,0,0,0,0,0,0,0,0,0,0,6,0,0,0,0,0,0,0,4.6,0.2,0.2,0,0,0,0,0,0,0,0,0,0,0,0,0,1.3,2.3,0,0,0.4,0,0,0,0,0,0,0,0,0,0,0,0,0,6.4,0,0,0,0,0,0,0,0,0,0,0,0,0,0,0,0,0,0,0,0,0,0,0,0,0,0,0,1.4,0,0,0,0,0,0,0.2,25.9,1.8,0,0,0,7.4,6.6,15.9,2.8,32.2,2.5,1.1,0,0,0.9,0,0,7.7,1.8,21,24.7,62.6,11.6,15,13.1,2.5,46.7,30.2,56.5,52.7,37.4,8.5,15.2,13.8,52.7,6.9,10.4,6.6,10.9,3.6,11.1,0.9,27.5,31.5,40.2,21.6,7.4,8.4,19.6,17.7,0,13.2,4.1,9.1,23.1,0.5,0,0.3,1.6,16,25.2,0.4,17.3,0.4,0,6.6,4.8,0.1,4.7,0.1,5.3,21.1,4.3,7.1,4.2,2,3.1,0.2,0,0,0,0.8,20.6,0.1,0,0,25.2,30.8,42,0.1,0,0,1.9,3.1,18.4,22.6,26.9,15,11.6,12.1,0,1.6,0.3,35.9,36.1,23,0,0,0,0,0.3,3.6,4.9,2.8,12.6,0.2,0,0,0,0,0,0,0,1,25.7,51.5,10.6,7.3,0,0,0,0,0,0,0,0,0,0,0,0,0,0,0,0,0,0,0,0,0,0,0,0,0,0,0,0,0,0,0.1,0,0,0,0,0,0,0,0,0,0,0,0,0,0,0,0,0,0,0,0,0,0,0,0,0,0,0,0,0,0,0,0,0,0,0,0
23.5,80.5,251,0,0,0.2,0.3,0,0,0,0,0,0,0,0,0,0,0,0,0,0,0,0,0,0,0,0,0,0,0,0.1,12.1,0.2,0,0,0,0,0,0,0,0,0,0,0,0,0,15.4,2.8,0,0,0,0,0,0,0,0,0,6.7,9.3,0.4,4.9,1.5,0,0,6.3,4.3,0,0,0,0,0,0,0.2,0.8,0,0.4,1.2,0,0,0,0,0,0,0,1.5,0,0,0,0,0,7.1,0,0,0,0,0,0,0,0,0,0,0,0,0,0,0,0,0.2,0,0,0,0,1.2,0,0,0,0,0,0,0.9,0.3,0,0,0,0,0,0,0,0,0,0,0,0,0,0,0,0,0,0.4,0,0,0,0,0,0,0,0,0,0,0,0,0,0,0,0,0,0,0,0.7,0,0,0,0,0,0,0,0,0,0,0,5.2,0,5.6,0,0.1,0.2,0,3.8,3,1.4,0.9,10.9,23.7,2.1,1.1,0,0,10.1,1.1,0,6.2,40.6,5.1,15,67.3,14.1,6.7,4,0.2,29.1,37.9,41.5,12.9,0.7,6.3,61.4,39,26.8,34.2,32,6.6,2.4,10.1,7.9,24.5,24.1,10.3,14.9,8.4,19.1,12.2,7.4,1.8,0.2,7.7,34.5,5.8,3.7,6.4,6.4,4.4,9.1,7,13.8,6.5,2.4,3.5,0,0,4.5,0,7.1,2.9,1.8,2.5,8.3,9,5.5,0.9,0.6,0,14,4.2,1.1,7.5,8.4,1.8,0.5,0.2,3.8,36.7,20.1,0,0,1.6,5.3,14,21.9,9.7,41.2,5.4,9.3,25.7,0,0,9.2,12.5,13.2,7.5,0,0.3,1.3,0,4.2,0.4,9.3,37.9,25.4,0.5,0,0,0,0,0,0,0,4.1,1.4,0.7,0,0,0,0,0,0,0,0,0,0,0,0,0,0,0,0,0,0,0,0,0,0,0,0,0,0,0,0,0,0,0,0,0,0,0,0,0,0,0,0,0,0,0,0,0,0,0,0,0,0,0,0,0,0,0,0,0,0,0,0,0,0,0,0,0,0,0,0,0
35.5,80.5,252,6.6,8.3,0.6,0.5,0.3,0,1.6,1.3,3.1,3.5,6.7,0.2,0,8.2,4.3,8.7,0.4,0,0,0.2,0.1,0.1,5.2,0.4,0.4,5.7,10.5,7.9,5.7,10.8,0,0.7,2.8,0,0,5.9,0.2,0,0.3,0,0,0,0,0,0,0.1,0,0,4.5,0.3,0.5,0,0,0,0.8,0.2,1.5,6.2,4,3,9.9,13.5,9.7,0,0,0,0,3.5,1.5,0.8,6,1.6,1.9,0,0,0,0,0,0,0,0.7,0.8,0,0,0,0,6.9,19.2,1.3,0.4,4.1,39.4,8.7,0,0,0,0.2,0.9,3.8,3.5,3.1,0.2,1.2,2.2,0,0.2,0,0,0.8,3.7,1.1,4.9,3.4,1.7,0,0.2,3.7,2.8,8,3.3,0,0.2,1.2,1.2,0.5,0,3.2,0.1,0.9,1.8,0,2.4,0.6,20.9,15.3,7.1,0.2,0,0,0.1,0,0,0,1.5,0,3.3,6.9,4.2,6.6,26.5,14.5,0,0,0,0,2.3,3.2,0,0,0,0.3,0,0,0,0,0,1.1,0.6,1.3,0.4,0.3,0.1,0,0,0.3,0,0.4,11,1.6,2.1,2.2,4.9,1,0.4,5.9,5.1,1.1,2.5,4.6,2.3,5,3.3,15,3.4,3.5,18.7,21.7,21.3,27,2.9,2.5,5.9,0.7,5,15.6,13,15.7,10.8,3.4,5.7,9.1,5.2,2.5,12.3,18.2,15.9,11.8,31.1,13.6,6.1,4.9,10.6,3.1,1.6,6.7,1.5,1.2,0,0.3,0.4,1.3,0.7,14.9,10.3,4.4,1.9,1.2,1.9,2.1,0,2.6,4.9,9.8,11.6,16.1,13.8,13.2,0.6,0.5,3.2,2.8,6.2,10.2,10.9,1,8.9,5.8,1.2,5.1,1.4,0,0,2.2,6.3,3.9,8.1,0.9,4.4,19.1,22.8,33.8,26.9,22.6,31.9,20.4,0.7,0.8,0,0.1,0,0,0.3,1.1,0,0,0,0,0,0,0,0,4.9,15.2,0.2,0.9,2.9,6.6,8.3,6.2,0,0,0,0,0,0,0,0,0,0,0,0,0,0,0,0,1.1,0.8,0,0,0,0.1,0,0,0,0,0,0,0,0,0,0,0.3,0.4,0,0,0,0,0,0,0,0,0,0,0,0.2,2.4,12.4,22.3,11.7,0.5,0,0,0.9,3.7,116.1,14.4,0.4,0,0,19.8,75.7,6,0,0,0
16.5,81.5,253,0,0,0,0,0,0,0,0,0,0,0,0,0,0,0,0,0,0,0,0,0,0,0,0,0,0,0,0,0,0,0,0,0,0,0,0,0,0,0,0,0,0,0,0,0,0,0,0,0,0,0,0,0,0,0,0,0,0,0,0,0,0,0,0,0,0,0,0,0,0,0,0,0,0,0,0,0,0,0,0,0,0,0,0,0,0,0,0,0,0,0,0,0,0,0,0,0,0,0,0,0,0,0,0,0,0,0,0,0,0,0,0,0,0,0,0,0,0,0,0,0,0,0,0,0,0,0,0,0,0,0,0,0,0,0,0,0,0,0,0,0,0,0,0,0,0,0,0,0,0,0,0,0,5.6,0,0,0,0,0,0,0,0.5,0,0,0,0,0,29.7,0.4,0,0,14.7,0.3,1,9.3,0.3,6.3,0,0,6.7,24.3,29.7,8.7,12.3,48.9,22.9,7.2,6,12.8,45,2.3,3.2,0,0,3.6,2.5,4.2,0.6,0.6,1.9,0.6,1.2,3.4,0,0,0,0,0.2,23.3,7.9,0.9,0,0,0,0,0,0,0,0,0,0,1.7,6.8,48.2,9.1,34.2,0.3,0.2,0,8.6,0,0,3.9,1.4,39.1,29.8,7.9,2.5,0.5,1.3,2.6,7.7,1.7,0,19.9,1.8,0,0,1.4,2,0,0.3,4.5,0.2,0,0,0,0,0,7.4,3.1,5.6,7.4,0,0,0.4,1.1,0.4,0,0.1,2.1,0,5.4,19.7,0,0,0,0,0,15.3,27.4,49.9,9.7,0.9,0.4,25.2,37,3.8,11.2,10.2,44.1,11.9,8.1,11.5,34.6,4.9,28.7,0.6,0,4.6,9.3,0.5,0,0,0,0,0.8,8.3,0,0,0,0.4,0,0,0,0,0,0,0,0,0,0,0,0,35.7,20.6,56.9,0.5,0.2,0,1,0,0,0,0,0,0,0,0,0,0,0,0,0,0,0,0,0,0,0,0,0,0,0,0,0,0,0,0,0,0,0,0,0,0
17.5,81.5,254,0,0,0,0,0,0,0,0,0,0,0,0,0,0,0,0,0,0,0,0,0,0,0,0,0,0,0,0,0,0,0,0,0,0,0,0,0,0,0,0,0,0,0,0,0,0,0,0,0,0,0,0,0,0,0,0.5,0.6,0,0,0,0,0,0,0,0,0,0,0,0,0,0,0,0,0,0,0,0,0,0,0,0,0,0,4.4,0,0,2.2,0,0,0,0,0,0,0,0,31.2,0,6.2,0,0,0,0,0,0,17.1,0,0,0.8,0,0,0,9.6,0,0,0,0,0,0,0,0,0,0,7.9,0,6.7,0,0.3,11.3,0,0,0,0,0.3,0,0,17,10.5,0,0,1.7,1.3,0,0,0.5,2,0.4,2.8,0.6,0.9,0,0.8,0,0,0.2,2.5,0,0,0,0,0,0,0,0,0,0,0,0,12.3,0,0,24.3,3.4,4.4,7,4.4,1.6,7.4,3.8,0.4,0,11.8,6.1,28.6,9.2,31,18.9,21.4,1.5,20.5,63.7,18.3,1.8,1,0,1.2,5.1,0.8,5.7,4,0.6,3.5,11.9,15,7.7,5.8,1.3,0.8,4,11,10,1.3,0,7.7,34.2,18.8,0,0,0,0.6,0,35.5,0,0,15.2,0,36.5,0,11.9,3.6,7.1,0,0,5.9,10.4,10.3,31.2,23.1,0,10.3,3.5,9.7,19.1,12.3,3,14.2,0.2,7.2,15.5,0,24.2,5.5,3.3,13.3,1.6,0,0,4.8,9.4,1.5,5.3,3.1,16.5,6.3,2.7,2.2,6.8,15.9,0.4,16.9,0,0,3.8,14.3,14.2,0.5,0,0,0,0,7.9,23.8,13.5,2.4,0,2.5,1,0.8,1.2,12.3,3.3,20.1,0,22.6,8.5,4,0.3,0,0.6,0.4,1.3,0,0,0,0,0,0,0,0,0,0,0.6,1.4,0,0,0,0,0,0,0,0,0,0,0,0,17.6,14.2,6.2,0,0,0,7.4,0,0,1.1,0,0,0,0,0,0,0,0,0,0,0,0,0,0,0,0,0,0,0,0,0,0,0,0,0,0,0,0,0,0,0
18.5,81.5,255,0,0,0,0,0,0,0,0,0,0,0,0,0,0,0,0,0,0,0,0,0,0,0,0,0,0,0,0,0,0,0,0,0,0,0,0,0,0,0,0,0,0,0,0,0,0,0,0,0,0,0,0,0,0,0,0.6,0,0,0,0.2,0,0,0,0,0,0,0,0,0,0,0,2.8,0.4,0,0,0,0,0,0,0,0,0,0,0,0,0,0.3,0,0,0,0,0,0,0,0,0,0,4.1,0,0,0,6.3,0,0,0.7,0,0,0.4,5.3,6.6,0,0,0,0,0,0,0.5,0,2.3,0,0,0,0.9,1.1,0,0,0.5,7.4,0,0,0,0,0,0,2.3,0,0.5,0,0,0,0,0.2,0,0,0.2,0.2,0,0,0,0,0,7.5,0,0,0.1,0,0,8.8,0,0,0,0,0,0,0,0,0,0.6,0,0.6,13.1,0.9,28.2,15,4.7,7.6,14.4,0,0.7,0,0.6,26.1,5.6,12.5,10.4,25,2.1,7.6,45.9,27.7,23.3,11.6,2.8,10.2,6.2,13.5,4.3,7.6,10.6,1.7,1,5.1,6.1,1.6,27.6,3.1,1.1,25.1,23.3,3.8,5.4,5.4,12.3,15.6,7.7,2.2,0,0,4.9,0.7,4.7,0,20.7,17.4,0,11.4,0.9,33.3,18,3.5,11.7,1.8,0.2,0.7,20.3,35.9,12.5,3.7,34.7,24.9,28.1,39.1,12.8,8.8,4.1,2.6,18.5,3.6,19,6.4,4.9,6.9,8.4,16.8,0,0.1,0,7.3,2.1,0.7,4.1,5.4,1,20.9,31.1,10.5,15.7,6.3,20.4,1.9,15.1,0.3,31.4,23.6,7.7,0,0,0,0.4,0.2,4,0.4,0.7,18.2,0.4,0.1,7.1,0.1,0,0,12.8,1.4,43.3,18.8,2.3,9.5,2.8,0,0,0,0,0,0,0,0,3.3,0,0,0,0,0,0,0,0,0,0,0,1.2,1.9,0,0,0,0,0,0.5,6.7,2.8,0,0.1,48,0.5,1,0,0,0,0,0,0,0,0,0,0,0,0,0,0,0,0,0,0,0,0,0,0,0,0,0,0,0,0,0,0,0,0,0
19.5,81.5,256,0,0,0,0,0,0,0,0,0,0,0,0,0,0,0,0,0,0,0,0,0,0,0,0,0,0,0,0,4.5,0,0,0,0,0,0,0,0,0,0,0,0,0,0,0,0,0,0,0,0,0,0,0,0,0,0,3.2,0,0,0,0,6.7,0,0.5,0,0,0,0,0,0,0,0,0,0.2,3.6,0,0,0,0,0,0,0,0,0,0,0,0,0.1,0.8,0,0,0,0,0,2.8,0,0.4,0,10.5,0,10.6,0,4.9,0,0,2.8,0,0,3.9,0.6,8.3,0,0,0,0,0,0,0,0,0,3.6,0,0,21.8,0.2,0,0.5,2.3,4,0,0,3.2,0,0,15.9,1.5,0,11.4,0,0,0,0,5.6,0,0.3,10.8,0,0,0,0,0,0,0,6.8,0,2.6,0,0,0,0,0,0,0,0.6,5.2,0,1.4,0,9.2,0,3.5,11.7,0,0.9,4.8,4.7,23.3,13.4,0.5,0.1,9.2,51.7,52.8,24.5,10.7,71.5,31.8,1.3,16.1,10.4,22.4,14.4,13,14.1,14.2,8,40.9,4.3,56,12.7,4.8,4.6,3.1,8.1,1.1,2.1,6.3,14,6.4,11,13.6,4.7,2,2.1,10.7,3.3,5.6,0.6,1.1,13.7,2.2,4.3,1.9,0.2,5.7,5.3,8.7,27.3,8.6,23.8,19.9,1.8,3.4,5.5,1.9,0.9,37.7,6.5,0.4,46.9,29.1,16.3,58.7,21.1,2.8,3.3,7.5,2.4,1.8,5.4,0,0,8.1,17.2,2.1,0.6,0.1,1.3,9.7,47.6,1.5,0.5,0.2,0,8.2,33,2.9,2.8,29.9,5.8,2.9,0.4,0,7.4,26.9,12.5,0,0,0,0,0,1,0,6.2,20.1,3.1,3.2,10.1,0,0,0,0,6.9,17.8,16.9,15.1,11.6,24.6,3.3,1.6,0,0,0,0,0,0,0,0,0,0,0,0,0,0,0,0,0,1,0.2,0,0,0,0,0,0,0,4.7,2.7,11.5,17.8,15.1,34.4,7.9,0,0,0,0,0,0,0,0,0,0,0,0,0,0,0,0,0,0,0,0,0,0,0,0,0,0,0,0,0,0,0,0,0
20.5,81.5,257,0,0,0,0,0,0,0,0,0,0,0,0,0,0,0,0,0,0,0,0,0,0,0,0,0,0,0,0,8.1,0,0,0,0,0,0,0,0,0,0,0,0,0,0,0,0,0,0,0,0,0,0,0,0,1.2,2,3.3,0,14,0,0,0,1.7,2.8,0,0,0,0,0,0,1.3,0,0.3,0,0,0,0,0,0,0,0,0,0,0,0,0,0,0.6,0,0,0,0,0,0,0,0,0,0,0.3,0,0.4,1.8,1,0,0,0,0,0,5.6,0.3,1.1,0,0,0,0,0,0,5.2,0.2,0,2.8,1.4,0,0,0,0,0,11,0.5,0,0,0,0,0,1.2,3.3,0,2.8,1.4,0,0,0,0,0.6,0.9,2,0,0,0,0,0,0,0,0,0,0.1,0,0,0,0,0,0,3.9,0.3,0,0,0,0,0,5.9,1.2,1.3,0.4,0.9,22.3,24.1,13.2,0.2,0.2,0.7,19.4,27.2,28,12.5,4.8,23.4,1.2,0,0,16,0,1.4,1,16,26.3,41,99.1,58.4,37.8,43.6,4.2,0.4,0.3,6.6,0.8,4.7,5.9,9.1,7.2,4.6,11.8,1.4,6.7,5.8,13.2,1.7,0,0.8,17,8,11.6,2,1.3,1.2,0,6.4,0,2,23.4,3.4,15.7,0.7,3.2,2.8,0.3,0,6.6,10.5,5.2,21.2,4.4,15.4,58.2,29.2,1.6,0.2,0,0,0,0,0,0,31.8,22.2,0.2,0,0,1.2,33.2,30.1,0.5,0,0,4.3,2.3,35.3,0.5,34.7,23.9,6,1.3,0.2,0,10.6,39.3,14.2,0.6,0,0,0,0,0.2,8.3,8.8,10.8,0.8,0.8,0,0,0,0,0,0,5.9,25.4,14.6,30.7,1.2,1.1,0.8,0,0,0,0,0,0,0,0,0,0,0,0,0,0,0,0,0,0,0,0,0,0,0,0,0,0,0,4.3,2,3.7,0.3,0.2,0,0,0,0,0,0,0,0,0,0,0,0,0,0,0,0,0,0,0,0,0,0,0,0,0,0,0,0,0,0,0,0,0,0
21.5,81.5,258,0,0,0,0,0,0,0,0,0,0,0,0,0,0,0,0,0,0,0,0,0,0,0,0,0,0,0,0,18.5,0,0,0,0,0,0,0,0,0,0,0,0,0,0,0,0,0,0,0,0,0,0,0,0,0,12.4,1.4,1.1,1.7,4.1,0,0,4.5,17.4,0,0,0,0,0,0,4.5,9.4,0,0,0,0,0,0,0,0,0,0,0,0,0,0.7,0,0,0,0,2,0,0,0,0,0,0,0,0,0,0.1,10.5,0.1,0,0,0,0,0,0,0,7.8,0,0,0,0.7,0,0,0.2,0,0,0,0,0.7,0,0,0,0,1.1,0,0,0,0,0,0,0,2.7,0,0,0,0,0,0,0,0,0,0,0,0,0,0,0,0,0,0,0,0,0,0,0,0,0,0,1.3,0,0,0,0,0,0,0,0,11.3,0,0,0.1,3.5,25.6,1,2.6,0.1,24.8,11.3,8.3,0,0,0,0,0,0,1.1,2.5,29.6,16,31.1,60.5,118.6,95.5,86.5,69.4,17.9,72.3,0.2,0,8.2,26.4,0.2,7.4,1.7,1.8,0,0,13.9,0.6,5.1,4,14.4,3.2,8.4,1.3,20.7,7.8,25.9,0.6,0,4,47.4,0,3.8,4.5,3,25.2,0,22.5,1.2,0,0,0,0,0,17.1,0.2,8.5,53.8,6.8,19.6,3.1,0,1.4,0,0,0,0,30.8,69.1,1.2,0,14.4,29,57.6,10.3,0,5.5,0,0,0.8,2.1,0.2,45.4,42.4,6.3,0,0,0,0,8.4,46.7,0,0,0,0,0,12.2,28.9,2.2,4.4,9.2,0,0,0,0,0,0,0.2,0.7,8.2,1.3,0.1,5.9,0,0,0,0,0,0,0,0,0,0,0,0,0,0,0,0,0,0,0,0,0,0,0,0,0,0,0,0,0,0,20.1,3.3,1.1,0,0,0,0,0,0,0,0,0,0,0,0,0,0,0,0,0,0,0,0,0,0,0,0,0,0,0,0,0,0,0,0,0,0,0
22.5,81.5,259,0,0,0,0,0,0.5,0,0,0,0,0,0,0,0,0,0,0,0,0,0,0,0,0,0,0,0,0,22.8,3.5,0,0,0,0,0,0,0,0,0,0,0,0,0,9.6,6.8,0.3,0,0,0,0,0,0,0,0,0.9,17.2,3.1,3.8,2.1,0,0,2.1,3.2,5,0,0,0,0,0,2.4,1.9,3.5,0.2,6.8,2,0.7,0,0,0,0,0,0,0,0,0,0,2.7,0.3,3.1,0,1.6,1.2,11.9,0.3,0,0,0,0,0,0,0,0,0,0,0,0,0,0,0,0,1.4,0,0,0,0,0,0,23.9,15,0.7,0.1,7,5.1,1.3,0.1,0,0,0.4,0,0,0,4.1,0,0,0.5,4.5,0,0,0,0,0,0,0,0,0,0,0,0,0.1,0,0,0,0,0,0,0,0,0,0,0,0,0,0.3,0,0.3,0,0,0.2,0,3.4,11.6,1,0.5,20.2,9.9,4.7,6.4,6.2,3.5,4.9,3.3,6,8,0,0,2,0,10.1,9.6,30.1,22.1,39.3,21.4,22.3,51.8,8.4,38.3,18.1,9.8,7.5,1.1,3.5,8,8.5,24.6,10,1.9,6.2,4.9,2,3.9,6.7,17.3,8.6,40.2,8.4,11,9.2,37.9,22.4,7.7,6.9,13.1,2.1,4,0.2,0.9,11.2,30.3,26.3,6.2,22.7,2.1,0.3,0,0,0,0,26.8,0.1,2.5,30.9,26.6,8,3.2,3.2,14.4,4.1,0.9,0,3.9,18.6,18.3,6.6,6.5,12.1,13.9,24.7,31.6,23.2,1.4,0,1.9,3.3,7.3,14.1,34.3,12.8,9,13,2.2,5.6,11.6,9,20.2,9.7,1.3,0,0,0,1.2,3.3,0.1,3.5,1,7.3,1.6,0,0,0,0,0,2,5.9,9.3,19.8,3.8,1.8,0,0,0,0,0,0,0,0,0,0,0,0,0,0,0,0,0,0,0,0,0,0,0,0,0,0,0,0,1.9,3.5,0.3,1.5,0,0,0,0,0,0,0,0,0,0,0,0,0,0,0,0,0,0,0,0,0,0,0,0,0,0,0,0,0,0,0,0,0,0,0,0
23.5,81.5,260,0,0,0,0,0,0,0,0,0,0,0,0,0,0,0,0,0,0,0,0,0,0,0,0,0,0,0,6.7,6.6,0,0,0,0,0,0,0,0,0,0,0,0,2.3,6.5,3.6,0.3,0,0,0,0,0,0,0,0,0.9,4.1,4.3,0.7,2.6,2.5,0,0.7,9.4,2.5,0,0,0,0,0,0.6,0,0,0,2.3,0.1,0,0,0,0,0,0,0,0.2,0,0,0,0.9,0,1.1,1.5,0.4,0,3.9,0,0,0,0,0,0,0,0,0,0,0,0,0,0,0,0,0,0,0,0,0,0,0,0,7.5,7.3,0,0,0,0.8,0,0,0,0,0,0,0,0,0,0,0,0,0,0,0,0,0,0,0,0,0,0,0,0,0,0,0,0,0,0,0,0,0,0,0,0,0,0,0,0,0,0.5,0,0,0,0,3.1,2.8,0,0.2,4.6,12.1,0.7,9.7,15.1,0,4.1,14.3,5.9,3.1,0,0,0,1.2,3.2,24.4,11.2,6.3,49.3,57.8,7.4,8.8,5.9,7,15.6,20.7,26.9,28.2,0.4,2.6,47,12.3,5.8,8.4,22.7,0.5,0.3,1.8,2.3,6.2,8.2,13.3,2.5,3,22.5,19.6,4.8,2.8,1.1,7.4,18.3,6.7,5.8,0.5,2.2,4.1,4.8,2.7,3.7,0.4,0.2,0.4,0,0.8,1.5,4.1,1.1,0.3,5.2,1.2,1.6,6.4,2.1,9.9,3.5,0,1.5,1.6,4.5,12.9,8.3,2,3.9,2.5,16.1,68.7,12.3,3.1,0,1.4,2.5,15.8,32.1,5.5,25.6,2.5,2.3,8.4,0.3,1.1,3.1,3.5,2.1,9.7,0,0,2,0,0,4.1,21.5,7.7,15.2,0,0,0,0,0,0,0,0,12,1.7,0,0,0,0,0,0,0,0,0,0,0,0,0,0,0,0,0,0,0,0,0,0,0,0,0,0,0,0,0,0,0,0,0,0,0,0,0,0,0,0,0,0,0,0,0,0,0,0,0,0,0,0,0,0,0,0,0,0,0,0,0,0,0,0,0,0,0,0,0,0
16.5,82.5,261,0,0,0,0,0,0,0,0,0,0,0,0,0,0,0,0,0,0,0,0,0,0,0,0,0,0,0,0,0,0,0,0,0,0,0,0,0,0,0,0,0,0,0,0,0,0,0,0,0,0,0,0,0,0,0,0,0,0,0,0,0,0,0,0,0,0,3.4,0,0,0,0,0,0,0,0,0,0,0,0,0,0,0,0,0,0,0,0,0,0,0.9,0,0,0,0,0,0,0,0,0,0,0,0,0,0,0,0,0,0,0,0,0,0,0,0,0,0,0,0,0,0,11,0,0,0,0,0,0,0,0,0,0,0,0,0,0,0,3.7,0,0,0,0.1,5.7,1.2,2,31.5,0,2.4,1.2,1.7,5.5,0,3.1,1.9,0,3.2,0,0,0,0,0,0,0,0,0,0,0,0,20.7,0,0,0,23.7,6.1,14,0,2.2,2.2,4.6,4.4,13.7,4,89.7,79.4,34.7,158.4,119.3,24.2,11.4,1.6,54.7,12.3,29.9,0,0,0,4.9,3.9,4.8,0.9,0,2.3,0,13.5,0,0,0,0,38.9,28.1,7.1,0,0,5.5,6.2,19.1,10.3,0,0,0,0,0,0,4.8,20.2,7.6,0,0,4.4,0,2.2,0,0,29.5,36,18.5,12,79.6,4.7,0.4,0,2.4,4.2,8,0,51.8,9.8,0,0,0,2.8,0,3.8,2.3,5.9,0,0,2.4,0,0,0,8.3,13,11,0,29.8,30.1,1.1,1.2,0,0,0,5.1,68.9,8.6,0,0,0,0,0,36.4,64.9,36.8,9.2,7.5,0,7.8,8.3,5.2,4.6,42.3,74.1,61.8,229.7,58,0.7,9.7,4.2,1.2,3.1,23,11.2,32,0,0,0,0,23.5,25.9,0,1,0,48.8,0,0,0,3.1,0,0,0.8,0,0,0,0,16.5,78.8,63.1,14,7.9,7.5,2.2,9.9,0,0,0,0,0,0,0,0,0,0,0,0,0,0,0,0,0,0,0,0,0,0,0,0,0,0,0,0,0,0,0,0,0,0
17.5,82.5,262,0,0,0,0,0,0,0,0,0,0,0,0,0,0,0,0,0,0,0,0,0,0,0,0,0,0,0,0,0,17.2,0,0,0,0,0,0,0,0,0,0,0,0,0,0,0,0,0,0,0,0,0,0,0,0,0,0,3.4,0,0,0,0,0,0,0,0,0,0,0,0,0,0,0,0,0,0,0,0,0,0,0,0,0,10.8,1.3,0,7.2,0,2.9,0,0,1.9,0,0,1.8,6.8,0,1.6,1,0,0,1,2.2,0.1,0,0,0.1,0.6,0.1,0.3,0.1,2.3,0,0,0,0,0.4,0.1,1.9,0.3,0.3,1.6,0,0,1.4,0,0.2,0,0,0,0,0,0,0,6.3,0,0,0.3,0.4,0,2.4,0,0,4.1,0,2.6,0,21.5,4.3,0,2.9,0,0,0,4.5,1.6,0,0,0,0,0,0,0,0,1.9,0,0,1.6,4.9,3.2,2.6,2.8,2.6,3.5,0.4,0.3,0,6.2,1.5,5,23.1,20.6,11.7,13,6.4,32.5,10.5,0.8,0,4.5,25.6,15.8,2.3,0.4,1.5,0.4,0.3,0,0.1,2.3,0.2,0,0,1.4,1.7,0.8,0,0,1,6,0.5,0,1.6,0.8,3,10.8,0,0,0,0,6.3,8.6,0.3,8.2,1.5,0.2,8,5,3,1,0.3,0,15.9,11.2,21.9,34.5,1.2,5.8,2.3,5.7,0,0.9,5.2,2.2,5.1,8.3,6.3,3.3,1.1,0.1,3.3,0,0,3.3,0.2,0,0,0,0,0.6,4.1,0,1.7,3.3,6.7,17.9,1.7,2.9,16.4,4.1,3.1,15.1,9.7,8.5,33.5,0.8,9.5,0,7.9,2.4,30.1,66.1,13.4,8,0.7,0,0.3,3,11.6,0.9,6.8,17.2,53.4,108.7,26.7,0.6,0,1,0,4,26.9,0,0,0,0,0,0.1,0,0,0,0,0,0,0,0,0,0,1,0.8,0.3,0,0,0,0,6.4,42.7,30,32.8,0.2,7,2.5,28,0.1,2.1,0,0,0,0,0,0,0,0,0,0,0,0,0,0,0,0,0,0,0,0,0,0,0,0,0,0,0,0,0,0,0,0
18.5,82.5,263,0,0,0,0,0,0,0,0,0,0,0,0,0,0,0,0,0,0,0,0,0,0,0,0,0,0,0,0,0,13.9,0.5,0,0,0,0,0,0,0,0,0,0,0,0,0,0,0,0,0,0,0,0,0,0,0,0,4.8,0.2,1,0,0,0,0,0,0,0,0,0,0,0,0,0,5.8,2,0,0,0,0,0,0,0,0,0,0,5.4,0,0,0,0.6,3.1,1.8,0,0,0,5.6,32.1,0,8.2,4.5,0.4,0,0,1.4,0.6,16.1,0,0,2.7,0.6,1.3,5.3,0.9,0,1.3,8.1,0,5.5,0,2.4,14.3,1.4,2.9,2.3,0,20,0,1.1,0,0,0,0,0,0,0,0,14.2,0,1.2,2.5,0,0,0,0,0,0,9.5,0.7,2.7,1.6,0.5,17.5,0,0,5.8,0,8.5,0,0,0.2,1.5,4.3,0,9.2,2.3,0,0,1,0,2.1,0,2.5,34.7,19.4,10.3,3.9,3.1,12.8,7.3,1.9,8.1,10,10.4,31.3,25.8,10.1,8.3,22.6,4.3,10.1,6.2,32.2,33.2,13.9,5.3,14.2,12.7,16.1,16.8,11.9,8.7,3.7,2.8,2.5,15.4,0.9,6.6,9.8,0.9,11.1,9,13.8,4.4,6.6,2,1.7,6.6,2.2,0,0,2.7,7.8,4,1.3,1.5,5.2,5.6,4.9,17.5,5.9,16,2,1.1,14.6,8.7,1.6,12.3,30.9,16.7,10.1,13.1,16.1,62.6,54,1.3,3.4,0.4,0,9.8,2.6,17.7,2.9,6.2,5.1,10.8,6.5,0,0.2,50.2,9.3,5,0,0.6,1.3,0.7,1.7,12.6,7.8,13.3,59.4,20.8,0.4,0.4,6.5,2.1,7.8,6.9,1.6,0,1.5,0,11.3,38.9,22.5,1.2,3.7,5.1,4,4.1,1.4,0,0.5,9.3,4.2,42.3,98,5.2,24.4,13.4,0,5,1.2,0,0,0,0,0.4,0,0,0,0,0,0,0,0,0,0,0,0,4.1,1.4,0,0,0,0,0,2.8,5.5,6.5,2.7,4,1,12.4,0,3.1,0,0,0,0,0,0,0,0,0,0,0,0,0,0,0,0,0,0,0,0,0,0,0,0,0,0,0,0,0,0,0,0
19.5,82.5,264,0,0,0,0,0,0,0,0,0,0,0,0,0,0,0,0,0,0,0,0,0,0,0,0,0,0,0,0,1,7.9,0,0,0,0,0,0,0,0,0,0,0,0,0,0,0,0,0,0,0,0,0,0,0,0,0,6.2,0,0,0,0.5,1.2,0,0.1,0,0,0,0,0,0,0,0,2.2,2,2.3,0,0,0,0,0,0,0,0,0,0.2,0,0,0,0,2.2,0,0,0,0,2.7,0,0,0.8,6.2,0,2.3,0,0.9,0,11.6,0.4,0,0,0.9,4.5,8.1,0.1,0,0,5.8,0,3.9,0,0,15.3,0.6,2.2,1.6,7,8,1.1,0,3.2,0.4,0,0,0,0,5.1,3.1,10.3,0,10,0.7,0,0,0,4.1,0,0.2,22.4,0,0,1.9,0,12.3,0,1.2,4.5,0,4.7,0,0,0,0,2.9,0,6.6,0.3,1.3,0,1.2,0,2.7,0,0.6,39.2,7.8,3,0.8,2.4,15.6,2.2,0,0,1.4,18.6,40.9,25.3,14,22.8,19.5,0.6,12.9,6.2,25.1,28,14.7,11.8,16.9,13.2,25.1,17,26.5,8.8,3.1,3.4,2.7,13.8,2.2,10.9,15.3,3.1,7.9,8,13.9,4.7,6.4,8.6,5.6,9.5,0.5,0.2,0,13.8,4.6,1.9,0.3,0,8.7,4.5,0.8,27,10.9,21.1,6.1,1.1,13.1,1,0.5,0.4,28.6,12.7,9.1,20.8,39.8,59.2,52.2,6.7,3.6,0.6,1.1,7.6,2.7,17,8.5,3.1,6.3,9,17,1.2,0.6,37,12.7,12.5,0.6,0.5,3.6,0,8.5,10.6,3,28.1,51,30.1,0.6,3.1,0.5,13.7,24.1,2.9,0,0,4,0,0.2,12.5,8.2,5.3,8.2,4.7,0.9,3.4,0,0,0,0,2.8,29.3,60.3,6.1,16.9,15.2,4.7,0.9,0,0,0,0,0,0,0,0,0,0,0,0,0,0,0,0,0,0,0,0,0,0,0,0,0,0.6,2.3,2.7,1.6,4.3,5.5,15.8,1.4,0.2,0,0,0,0,0,0,0,0,0,0,0,0,0,0,0,0,0,0,0,0,0,0,0,0,0,0,0,0,0,0,0,0
20.5,82.5,265,0,0,0,0,0,0,0,0,0,0,0,0,0,0,0,0,0,0,0,0,0,0,0,0,0,0,0,0,1.2,0,0,0,0,0,0,0,0,0,0,0,0,0,0,0,0,0,0,0,0,0,0,0,0,0,18.3,3.3,6.1,1.3,3.2,0.1,1.2,2.6,2.6,0,0,0,0,0,0,0.3,0.2,0,0,0,0,0,0,0,0,0,0,0,0,0,0,0,0,0.2,0,0,0,0,0,0,0,0,0,0,0,0,0,10.1,0,0,0,0,0,0,0,0,0,0,0,0,0,0,1.5,0,0,0,0,0,0,0,0,0,0,0,0,0,0,0,0,1,0,0,0,0.6,0,0,0,0,0,0,0.2,0,0,0,0,0,0,0,0,0,0,0,0,0,0,0,0,0,0,0,0,0,0,0,1,0,6.3,0.3,0,5.3,14.1,21.5,1.4,0,0,18.6,2.6,0.9,0,1.1,0,0,0,0,23,13.2,37.3,8.6,16.7,170.3,124.1,180.5,56.9,103.3,153.3,23.8,4.4,0,31.1,7,4.7,3,1.3,5.7,38.6,1.2,1.6,1.1,21.3,2.8,26.5,0.5,0.8,1.9,52.7,6.6,1.2,5.8,0.2,0,11.3,0,0,6.3,2.1,31.6,5.5,30.5,1,0,0,1.5,0,8.1,22.9,33.6,4.9,65.7,10.5,14.8,2.3,0,0,5.9,0,0,1.8,26.9,50.1,5.6,0,14.4,0,49.9,13.6,0,0,0,0,0,12.3,1.3,36.1,33,1,0,0,0.8,7.1,2.5,39.4,0,0,0,0,0,1.2,16.4,0.4,10.1,1.1,0.4,0,0,0,0,0,9.3,8.2,11.7,0,0.5,0.4,0,0,0,0,0,0,0,0,0,0,0,0,0,0,0,0,0,0,0,0,0,0,0,0,0,0,0,0,0,0,46.8,0,0.5,0,0,0,0,0,0,0,0,0,0,0,0,0,0,0,0,0,0,0,0,0,0,0,0,0,0,0,0,0,0,0,0,0,0,0
21.5,82.5,266,0,0,0,0,0,0,0,0,0,0,0,0,0,0,0,0,0,0,0,0,0,0,0,0,0,0,0,0,9.1,0,0,0,0,0,0,0,0,0,0,0,0,0,0,0,0,0,0,0,0,0,0,0,0,0,0,15.5,0,11.9,1.5,0,0,0,18.8,0,0,0,0,0,0,5.1,0,0,0,0,0,0,0,0,0,0,0,0,0,0,0,0,0,0,0,0,0,0,0,0,0,0,0,0,0,0,0,23.9,0,0,0,0,0,0,0,0,0,0,0,0,0,0,0,0,0,0,0,0,0,0,0,0,0,0,0,0,0,0,0,0,0,0,0,0,0,0,0,0,0,0,0,0,0,0,0,0,0,0,0,0,0,0,0,0,0,0,0,0,0,0,0,0,0,0,0,0,0,0,0,0,38.1,10.2,0,0,0,34.5,9.4,0,0,0,0,0,0,0,19.6,47.5,45.5,11.7,15.2,353.8,167.7,198.6,114.8,96.8,8.1,0,0,0,18,11.9,0,3.8,3.6,8.9,0,0,0,0,12.1,0,17.8,0,0,3.3,52.3,12.7,0,6.6,0,0,25.9,0,0,5.3,5.8,35.1,0,45.5,0,0,0,0,0,3.6,23.6,38.6,7.9,80.8,10.9,13.5,0,0,0,0,0,0,3.1,11.9,32,6.4,0,3.1,3.6,49.5,14.5,0,0,0,0,0,0,9.7,28.8,44.5,4.6,0,0,0,0,4.1,38.1,0,0,0,0,0,1.3,9.4,2.3,23.9,0,4.6,0,0,0,0,0,3.6,35.6,7.1,2.5,0,0,0,0,0,0,0,0,0,0,0,0,0,0,0,0,0,0,0,0,0,0,0,0,0,0,0,0,0,0,0,0,58.4,0,0,0,0,0,0,0,0,0,0,0,0,0,0,0,0,0,0,0,0,0,0,0,0,0,0,0,0,0,0,0,0,0,0,0,0,0
22.5,82.5,267,0,0,0,0,0,0,0,0,0,0,0,0,0,0,0,0,0,0,0,0,0,0,0,0,0,0,0,0,20.2,0,0,0,0,0,0,0,0,0,0,0,0,0,0,7.5,0,0,0,0,0,0,0,0,0,0,14,0.2,0,0.1,44.1,0,0,0,19,0,0,0,0,9.5,0,0.1,0,0,0,0,0,0,0,0,0,0,0,0,0,0,0,0,0,0,0,0,0,0,0,0,15,0,0,0,0,0,0,0,0,0,0,0,0,0,0,0,0,0,0,0,0,0,7.5,0,0,0,0,0,16.9,0,0,0,0,0,0,0,0,0,0,0,0,0,0,3.2,0,0,0,0,0,0,0,0,0,0,0,0,0,0,0,0,0,0,0,0,0,0,0,0,0,0,0,0,0,0,0,2,8.8,0,0,23.9,0,0.1,19.2,3.8,0.2,0.2,0,0.2,0,0,0,0,0,40,0.1,0,29.4,95.5,19.8,32.2,23.1,15,91.2,114.5,24.1,11.2,2,0,0,2.5,4.1,0,12.7,4.2,12,0.1,4.7,44.9,24,57.1,119.9,8.9,2.5,26.9,43.8,17.8,7.3,52.7,11.2,0,4.3,0,7.5,0.2,12.1,65.9,7.9,9.3,19.4,0,0,0,0,0.1,0,10.5,5.5,27.4,5.6,0,8.8,9.1,0.2,0,23.2,0,7.3,22.3,3.9,45.5,0,6.9,19.2,32.1,57.2,15.8,1.3,0,2.5,0,16.8,12.6,11.1,14.1,23.5,2,15.3,21.2,10.5,22.8,8.8,2.5,0,0,0,0,7.3,0.1,0,2.5,0,17,0,0,0,0,0,0,0,27.5,0,0,2.8,0,0,0,0,0,0,0,0,0,0,0,0,0,0,0,0,0,0,0,0,0,0,0,0,0,0,0,0,0,101.5,426.8,0,0,0,0,0,0,0,0,0,0,0,0,0,0,0,0,0,0,0,0,0,0,0,0,0,0,0,0,0,0,0,0,0,0,0,0,0
23.5,82.5,268,0,0,0,0,0.7,0.4,0,0,0,0,0,0,0,0,0,0,0,0,0,0,0,0,0,0,0,0,0,0,10,0.1,0,0,0,0,0,0,0,0,0,0,0,0,0,8.3,12.8,0,0,0,0,0,0,0,0,0,8,4.8,0,1.7,15.1,2.3,0,0,14.8,0,0,0,0,2.7,0,3.4,1.2,0,0,2.5,0,0,0,0,0,0,0,0,0,0,0,0,0,1.7,0,0.4,0,0,0.2,0,4.2,0,0,0,0,0,0.2,1.2,0,0,0,0,0,0,0,1.2,0,0,0,0,0,0,3.5,0,1.1,0.8,5.6,3.2,5.7,0,0,0,0.3,0,0,0,0,0,0,0,3.6,0,0,0.9,0,0,0,0,0,0,0,0,0,0.1,0,0,0,0,0,0,0,0,0,0,0,0,0,0,0,0.3,0,0,0,0,4.2,8.8,4.2,3.9,6.4,12.3,7,5.5,13,5.3,1.2,7.2,1.3,6.5,0,0,1.9,0,0,11.2,16.8,11.2,23.9,74.5,15.1,34.2,12.6,9.6,64.7,63.3,51.3,7.5,6.1,1.5,6.4,7.7,8.1,1.8,6.1,3.8,4,2.9,3.6,17.6,32.4,33.8,43.8,10.4,16.3,16.7,37.4,13.2,7.1,30.1,11.8,5.4,4.1,0,4,3.3,3.4,21.7,19.7,5.3,5.6,0.8,0,0,0,11.7,11.7,3.5,8.2,18.7,6.7,3.1,5.9,6.7,3.3,0.7,6.5,16.5,12.1,15.6,5.7,17.1,0,12.1,8.8,20.4,54.8,12.3,0.4,0.7,5.4,0,8.4,25,6.5,7.4,14.7,1,12.3,17.2,5.8,10.7,9,3.6,0,0,0.3,0.9,2,0.1,1.3,3,8,8.3,0,0,0,0,0,0,4.6,13.1,3.8,2.2,2.2,0,0,0,0,0,0,0,0,0,0,0,0,0,0,0,0,0,0,0,0,0,0,0,0,0,0,0,0,0,28.5,120.1,0,0,0,0,0,0,0,0,0,0,0,0,0,0,0,0,0,0,0,0,0,0,0,0,0,0,0,0,0,0,0,0,0,0,0,0,0
17.5,83.5,269,0,0,0,0,0,0,0,0,0,0,0,0,0,0,0,0,0,0,0,0,0,0,0,0,0,0,0,0,0,11.3,4.8,0,0,0,0,0,0,0,0,0,0,0,0,0,0,0,0,0,0,0,0,0,0,0,0,0,0,0,0,0,0,0,0,0,0,0,0,0,0,0,0,0,0,0,0,0,0,0,0,0,0,0,1.5,0,0,0,0.2,0.3,0,0,0,0,0,0,0,0,0,0,0,0,0,0,0,0,0,0,0,0,0,0,0,0.3,0,10.3,0,0,0,3.5,0,0,0,0,3.7,0,0,0,0,0,0,0,0,0,0,0,0,0,0,0,1.5,0,0,0,0,0,0,0,0,0,0,1.7,0,0,2.3,0,3.2,0,0,0,0.6,6.5,0,9.5,0,3.9,0,2.3,1.3,13.7,0.1,0,0.3,1.5,0.6,0.9,1.6,0.2,3.1,7.8,0,10.6,4.4,12.9,8.9,8.4,0.2,2.4,1.9,0,10.4,8.3,12,13.6,0.4,0.4,0.4,0,0,0,0.7,0,0,0,1.8,0,1.1,0.5,0,0,12.7,0.6,0,11.3,1,1.8,3.4,0,0,0,0,0.4,0,3.3,3.7,0.2,0,2.7,15.3,9.2,0.7,0.6,0,0.9,1.3,8.4,13.6,1.5,8.9,24,17.5,14.4,10.8,0.5,1.2,6.4,4.5,3,0,9.6,3.4,0.8,0.5,0,10.3,38.1,2.1,13.1,14.1,2.3,0.6,4.2,3,7.7,0.1,10.7,7,11.4,6.7,22.6,3.6,4.4,35.4,4.8,8.1,18.4,2.7,0.3,0,0,3.3,80.5,71.8,45.1,10.7,0.7,0,0,7.2,7.7,1.2,16.3,48.2,60.6,240.8,80.8,39.4,0.4,0.9,0.4,9.6,2.6,0,0,0,0,6.4,6.9,6,1.5,0,0,0,0,0,0,0,0,1.5,0,0,0,0,0,0,0,36.2,65.8,39.3,21.7,7.4,0,3.3,0,0,0,0,0,0,0,0,0,0,0,0,0,0,0,0,0,0,0,0,0,0,0,0,0,0,0,0,0,0,0,0,0,0
18.5,83.5,270,0,0,0,0,0,0,0,0,0,0,0,0,0,0,0,0,0,0,0,0,0,0,0,0,0,0,0,0,0,1.7,14.2,0,0,0,0,0,0,0,0,0,0,0,0,0,0,0,0,0,0,0,0,0,0,0,0,0.4,0,3.1,0,0,0,0,0,0,0,0,0,0,0,0,1.3,0,0,1.9,0,0,0,0,0,0,0,0,1.2,0,0,0,0,0,0,0,0,0,0,0.6,0.3,0.2,2.2,0,0,0,0,0,0.8,2.6,0,0,0,0,0,0,1,0,0.5,3.4,0,0,3.8,0,0,0,0,0,10.5,0,0,0,0,0,0,0,0,0,0,0,0,0,0,7.4,0,0,9.2,0,0,0,0,2.5,0,0,0,0,0,2.2,3.5,1.1,1.3,0,10.2,4.1,8.6,3.1,6.4,0,0,4.2,1.2,0.4,0.7,0.3,0,8.9,25.6,1,2.2,0.3,1.3,0,10,5.6,12.9,6.7,12.3,38.9,38.3,15.6,2.4,4.7,0.9,11.1,10,11.6,2.8,0.8,0,0.4,0,0.7,2.7,0,0,0,0,2.3,0,0,7.8,5.6,0,4.6,0,0.8,0,2,0,1.6,6,0,0,1.2,20.2,17.1,0,0.3,0,4.4,11.9,28.4,24.8,4.6,11.3,8.5,5.4,3.8,7.8,9.8,13.4,6.3,14.5,31.4,25.5,9.8,12.8,23.5,0,0,0,1.1,11.5,1.3,2.7,5.7,7.9,3,1.7,2.8,0,5.8,2.3,4.9,11.9,1.4,1.7,8.3,0.8,32,10.2,4.3,26,40.3,19.5,41.1,29.6,20.5,6.4,11.5,1.7,0.5,4.7,0.4,13.9,29.1,78.5,66.5,4.7,2.7,0,17.9,1,4.8,0.6,13.3,43.9,133.9,89.5,102.1,68.7,8,0.4,15.6,0,0,0,0,0,0,3.6,2.1,0.2,0,2,0,0,0,0,0,0,0,11.3,36.4,0,0,0,0,0,4,16,4.3,18.3,34.3,18.4,0.5,3.8,36.9,3.8,0,0,0,0,0,0,0,0,0,0,0,0,0,0,0,0,0,0,0,0,0,0,0,0,0,0,0,0,0,0,0,0
19.5,83.5,271,0,0,0,0,0,0,0,0,0,0,0,0,0,0,0,0,0,0,0,0,0,0,0,0,0,0,0,0,0,7.8,1.6,0,0,0,0,0,0,0,0,0,0,0,0,0,0,0,0,0,0,0,0,0,0,0,0,9.2,0,2.8,1.6,0,0,1.1,0,0,0,0,0,0,0,0,0,0.2,0,1.6,0,0,0,0,0,0,0,0,21.6,0,0,0,0,0,0.9,0,0,0,0,2,0,0.3,0,0,0,0,0,0.4,0,0.5,0.2,0,0,0,0,0,0,0,0,0.6,0,5.2,10.7,0,3.5,0,0,14.6,0,0,0,0,1.9,0,0,0,0,4.5,0,0,0,0,0,0,0,0,17.9,0,0,0,0,0,0,0,0,3.1,0,0,1.6,0,0.3,0,1.7,0.1,0.8,1.6,0,0,1.3,0,0,1.2,0.5,0,0,14.1,44.1,0,0.3,2.9,9.4,7.4,0,2.1,1.6,12.3,11.8,33,22.9,39.9,22.3,7.7,0.2,0,14.9,19,7.5,3.3,20.8,17.3,21.5,113.1,17.2,33,2.8,0,0,0,10.9,9.3,2.8,4.6,3.1,3.1,1.9,6.8,1.2,1.9,5.5,11.8,15.5,0,0,17.1,29.5,5.1,6.4,0,2.1,19,22.4,5.1,24.7,14.3,24.4,27.5,53.5,0.8,10,20.1,11.9,5.1,4.7,13.2,29.9,37.9,46.1,55.3,0.9,0.2,0,6.3,2.2,3.1,14.6,4.2,4.8,45.2,11.6,22.2,17.9,1.4,9.1,12.3,19.7,0.7,0,1.4,0.2,8.9,27.9,6.3,17.6,33.8,15.3,5.7,14.4,26.2,16,13.6,15.2,27.6,0,4.2,0.6,8.4,42.5,43.3,8.7,6.3,0.9,12,2.7,0,0,0,69.1,70.9,51.9,92.4,35.3,13.7,0,2.8,0,0,0,0,0,0,4.3,0.4,0,0,0,0,0,0,0,0,0,0,0,6.6,0,0,0,0,0,0,0,0.6,17.1,18,10.7,0.6,19.3,34.9,1.2,0,0,0,0,0,0,0,0,0,0,0,0,0,0,0,0,0,0,0,0,0,0,0,0,0,0,0,0,0,0,0,0
20.5,83.5,272,0,0,0,0,0,0,0,0,0,0,0,0,0,0,0,0,0,0,0,0,0,0,0,0,0,0,0,0,0,0.4,0,0,0,0,0,0,0,0,0,0,0,0,0,0,0,0,0,0,0,0,0,0,0,0,14.6,16.2,0.3,3.2,1.2,0,0,0.9,0.1,0,0,0,0,0,0,0,0,0.1,0,0,0,0,0,0,0,0,0,0,0,0,0,0,0,0,0.6,0,0,0,0,0,0,0,0,0,0,0,0,2.3,0,0,0.4,0,0,0,0,0,0,0,0,0,0,10.2,19.9,0,6.5,0,0,22.5,4.1,2.4,0.9,0,1.2,0,0,5.9,0,2.9,0,0,0,0,0,0,0,0,0,0,0,0,0,0,0,0,0,0,0,0,0,0,0,0,0,0,0,0,0,0,0,0.8,0,0,0,0,0,0,25.8,0,2.2,8,5.6,51.3,0,0,0,0.9,2.6,0.2,0.9,11.3,11.7,9.7,0,0,1.2,15.5,15.6,11.9,15.8,31.3,37.3,297.5,60,73.7,19.8,2.2,0.8,0,15.2,32.1,1,1.1,8.3,5.6,3.4,6.9,0.9,1.6,18.1,8.2,17,0,0.8,23.7,22.3,13.8,16.9,0.2,0,0,8.2,0,1.2,8.5,18,36.3,1.3,1.6,0,4.1,3,10.6,0,3.8,18.6,29,46.2,50,55.5,12,0.1,12.1,24.6,16,27.7,3.1,57.6,76.8,9.2,0.8,12.8,24,41.2,22.1,7.9,1.5,0,0,0,12,39.3,20.8,19.7,16.5,1.2,3.4,0.6,23.6,9.2,5.2,8.4,0,0,0,0,2.3,2.9,8,7.3,3.5,0.6,0,19,0,0,0,4.1,4.6,4.2,27.3,3.6,8.9,0,0,0,0,0,0,0,0,0,0,0,0,0,0,0,0,0,0,0,0,0,0,0,0,0,0,0,0,0,0.4,8.5,6.3,0,0,0,0,0,0,0,0,0,0,0,0,0,0,0,0,0,0,0,0,0,0,0,0,0,0,0,0,0,0,0,0,0,0,0,0,0
21.5,83.5,273,0,0,0,0,0,0,0,0,0,0,0,0,0,0,0,0,0,0,0,0,0,0,0,0,0,0,0,0,5.6,6.7,0,0,0,0,0,0,0,0,0,0,0,0,0,0,0,0,0,0,0,0,0,0,0,0,4.9,25.8,0,10.3,20.7,0.9,0.6,4.1,23.1,0,0,0,0,0,0,3.2,0.7,0,0,0,0,0,0,0,0,0,0,0,0,0,0,0,0,0,1.8,0.5,0,0,0.2,0,0,0,0,0,0,0,2.2,0,0,0,0,0,0,0,0,0,0,0,0,0,0,0,10.5,0,0,0.2,0,5.6,3.7,1.1,0,0,0.3,0,0,0.1,0,0,0,0,0,0,1.3,0,0,0,0,0,0,0,0,0,0,0,0,0,0,0,0,0.2,0,0,0,0,0,0,0,0,0,0,0,0,0,0.4,0,0,6.8,0,2.7,42.2,14.8,8.7,24.5,1.3,0.1,0,0,4.9,0.1,0.4,8.3,0.5,0,0,3.2,27.5,143.2,49.8,7.7,3.1,8,19.7,64.7,34.2,12.2,1.7,0.9,1.4,6.7,11.1,7.5,6.8,1.8,7.9,27.1,23,8.1,18.1,37.1,7.6,24.6,9.5,17.8,21.4,28.4,20.8,1,5.6,0,0,1.8,0,0.2,14.2,22.5,62.5,2.3,1.1,0,0,1.7,0,0.2,5.5,14.8,22.3,13.6,11.2,5.7,2.5,0,0,0,1.9,10.8,47.4,25.3,42.5,40.8,37,1.6,50.5,12.2,2.8,28.9,1.6,0,2,0,5.5,5.3,5.8,9.5,7.7,7.9,3.4,30.5,8.9,13,8.7,4.6,0,0,0,0,1.4,9.5,4.9,6.7,1.8,8.7,11.1,0,0,0,0,6.5,0.8,5.7,2.5,0.3,0.9,4.2,2.2,0,0,0,0,0,0,0,0.9,0,0,0,0,0,0,0,0,0,0,0,0,0,0,0,0,0,0,0,0,0,0.5,0.2,0,0,0,0,0,0,0,0,0,0,0,0,0,0,0,0,0,0,0,0,0,0,0,0,0,0,0,0,0,0,0,0,0,0,0,0
22.5,83.5,274,0,0,0,0,0.7,0,0,0,0,0,0,0,0,0,0,0,0,0,0,0,0,0,0,0,0,0,0,0,7.7,2.9,0,0,0,0,0,0,0,0,0,0,0,0,0,3.5,11.8,0,0,0,0,0,0,0,0,0,6,15.6,0,8.3,14,2.2,0,0.2,10.1,0,0,0,0,0,0,4.4,1.1,0,0,0.8,0,0,0,0,0,0,0,0,0,0,0,0,0,0,1.7,0,0,0,0.2,0,0,0,0,0,0,0,2,1.2,0,0,0,0,0,0,0,0,0,0,0,0,0,0,6.4,0,0.5,0.3,0,2.2,7.8,0,0,0,0.2,0,0,0,0,0,0,0,0,0,1.5,0.7,0,0,0,0,0,0,0,0,0,0,0,0,0,0,0,0,0,0,0,0,0,0,0,0,0,0,0,0,0,0,2.5,0,6.1,3.7,5.9,24.5,9.3,8.5,27.1,3.7,0.1,5.9,0.1,4.3,2,0.4,5.4,0.5,0,0,5.4,34.6,134.5,76.3,12.1,19.9,11.1,6.2,64.6,41.4,41.5,4,3.1,0.6,2.6,8,5.8,3.1,1,16.6,18.1,5.3,11.3,11.8,38.9,18.9,25.8,5.7,20.9,22,36.5,3.6,3.3,25.1,6.9,1.5,9.5,0.1,12.7,2.7,19.6,49.2,6.5,1.8,0.1,0,0,0,0,1.2,18.7,9.1,5.5,4.8,8.5,1.9,0,1.8,0,1.8,9.6,48.3,24.4,23.2,21,32.8,1.5,47.3,5.1,8.3,44.5,4.9,0,0.3,2.8,1.8,6.1,15.3,6.9,8.4,7.9,5.7,22.1,14.9,8.8,5.3,8.8,0.2,0,0,0,0,2,3.5,2.6,0.9,12.9,5.4,0,0,0,0,2.3,3.4,4.9,5.5,2.3,0.1,1.8,3.5,0,0,0,0,0,0,0,0,0,0,0,0,0,0,0,0,0,0,0,0,0,0,0,0,0,0,0,0,0,0.9,0,0,0,0,0,0,0,0,0,0,0,0,0,0,0,0,0,0,0,0,0,0,0,0,0,0,0,0,0,0,0,0,0,0,0,0,0
23.5,83.5,275,0,0,0,0,0.7,0.6,0,0,0,0,0,0,0,0,0,0,0,0,0,0,0,0,0,0,0,0,0,3.9,5.6,1.5,0,0,0,0,0,0,0,0,0,0,0,0,0,6.8,32.5,0,0,0,0,0,0,0,0,0,5.6,11.3,0,1.4,4.9,2.9,1.3,0.3,6.4,0,0,0,0,0,0,2,3.3,0,0,0.8,0,0,0,0,0,0,0,0,0,0,0,0,1.1,1.3,0,0.9,0,0,0,0,0,0,0,0,0,0,0.2,1.2,0,0,0,0,0,0,0,0,0,0,0,0,0,1.6,2.1,0,1.6,1.4,0,1,1,0,0,0,0,0,0,0,0,0,0,0,0,0,0,0,0,0,0,0,0,0,0,0,0,0,0,0,0,0,0,0,0,0,0,0,0,0,0,0,0,0,0,0,0,0,2.9,0,0.9,7.1,6.8,5.7,7.8,10.2,11.5,2.8,4,11.6,3.5,0.9,0,0,0.3,0,0,0,7.7,22.1,24.9,46.3,7.3,29,19,10.2,52.1,44,73.3,18.5,14.9,7.6,15.6,43.7,21,1.8,2.8,1.7,0.9,1,17,3,29.4,49.5,15.1,4.1,20.5,9.1,14.7,18.2,21.7,20.1,14.3,10.9,2.5,4.4,4.6,0.3,1.1,10.4,5.4,2.4,8.3,0.9,0,0,0,0.3,9.9,2.1,6.9,3.5,4.2,5.8,2.5,1.8,2.2,0,1.6,23.8,12.5,11.1,2.1,0.7,0,9.1,9.7,14.2,39.6,15.2,0,2.8,4.1,3.3,2.9,15.7,2.3,0.7,5.3,0.4,3.5,8.2,6.6,0.4,2.4,4.5,0,0,0.2,0.4,0,0.1,0,16.2,25.8,14.9,0,0,0,0,0,0,12.3,6.3,2.6,0.1,0,0,0,0,0,0,0,0,0,0,0,0,0,0,0,0,0,0,0,0,0,0,0,0,0,0,0,0,0,0,0,0,0,0,0,0,0,0,0,0,0,0,0,0,0,0,0,0,0,0,0,0,0,0,0,0,0,0,0,0,0,0,0,0,0,0,0,0,0
24.5,83.5,276,0,0,0,0,0,0,0,0,0.9,0,0,0,0,0,0,0,0,0,0,0,0,0,0,0,0,0,0,0,8.5,0.9,0,0,0,0,0,0,0,0,0,0,0,0,0,0,2.3,0,0.9,0,0,0,0,0,0,0,2.5,1.8,0,0,1.6,0,0,0,11.4,0,0,0,0,0,0,0.9,0,0,0,0,0,0,0.9,0,0,0,0,0,0,0,0,0,0,0,2.2,0,0,0,0,0,0,0,0,0,0,0.9,0,0,0,0,0,0,0,0,0,0,0,0,0,0,0,0,0.9,0,0,3.7,0,0,0,0,0,0,0,0,0,0,0,0,0,0,0,0,0,0,0,0,0,0,0,0,0,0,0,0,0,0,0,0,0,0,0,0,0,0,0,0,0,0,0,0,0,0,0,0,2.7,0,0,0,0.2,7,5,8.5,1.8,0.5,8.4,0,6.8,0,0,0,0,0,1.2,2.2,5.3,6.5,9.4,5.5,0.6,1.5,24.1,18.1,41.1,31.4,7.8,11.5,3,3,30.6,51.5,14,3,7.7,0,0,1.7,0,7,22.4,8.1,13.9,34.8,52.2,11.8,7.8,22.7,11,6,11.1,20.7,15.8,0,0,3.9,0.5,3.8,8.5,0,1.9,4.1,0,0,4.5,1.1,18.5,0,0,2.4,6.6,4,7.2,0,0,0,3.6,5.6,11.7,1.5,0.4,1.3,0,3,2,10.6,14.3,32,0,5.5,2.4,9.1,2.1,9.2,2,5.7,2.8,0.2,22.4,0,7.8,0,0.5,9.8,0,0,2.1,4.5,0,0.5,1,10.9,21.6,1,0,0,0,0,0,0,1.8,9,4.7,0,0,0,0,0,0,0,0,0,0,0,0,0,0,0,0,0,0,0,0,0,0,0,0,0,0,0,0,0,0,0,0,0,0,0,0,0,0,0,0,0,0,0,0,0,0,0,0,0,0,0,0,0,0,0,0,0,0,0,0,0,0,0,0,0,0,0,0,0,0
25.5,83.5,277,0,0,0,0,0,0,0,0,0,0,0,0,0,0,0,0,0,0,0,0,0,0,0,0,0,0,0,0,12.1,0,0,0,0,0,0,0,0,0,0,0,0,0,0,0,1.4,0,0,0,0,0,0,0,0,0,0,0,0,0,0,0,0,0,7.4,0,0,0,0,0,0,0,0,0,0,0,0,0,0,0,0,0,0,0,0,0,0,0,0,0,0.3,0,0,0,0,0,0,0,0,0,0,0,0,0,0,0,0,0,0,0,0,0,0,0,0,0,0,0,0,0,0,0,0,0,0,0,0,0,0,0,0,0,0,0,0,0,0,0,0,0,0,0,0,0,0,0,0,0,0,0,0,0,0,0,0,0,0,0,0,0,0,0,0,0,0,0,0,0,0,0,0,0,0.3,0,22.8,8.8,3.7,0.9,0,0,1.3,2.9,1.6,0,0,0,0,0,0,0,3.3,18.2,9.5,0.2,2.5,0.3,8.5,4,0.6,40.4,38.5,0,9.3,3.4,13.1,52.2,59.8,6,42,2.3,0,1.1,0,27.7,63.6,17.1,22.4,16.5,24.3,13.1,5.2,0,39,18.3,12.6,11.6,2,0.4,0,0.9,0,1.5,0,0.4,6.8,5.8,2.4,0,9.8,0,0.2,0,1.2,3.8,0.3,2.7,0.8,0,0,0,43.6,3.7,3.5,11.4,2.3,0,0,0.4,39.3,7.6,32.3,7.6,0,1.5,0,0.1,0,0.7,4.3,0,0,0,16.8,0,15,0,0,7.1,0,0,6.8,0,0,12.4,21.3,26.1,8.6,0,0,0,0,0,0,0,0.2,0.1,0,0,0,0,0,0,0,0,0,0,0,0,0,0,0,0,0,0,0,0,0,0,0,0,0,0,0,0,0,0,0,0,0,0,0,0,0,0,0,0,0,0,0,0,0,0,0,0,0,0,0,0,0,0,0,0,0,0,0,0,0,0,0,0,0,0,0,0,0,0,0
26.5,83.5,278,0,0,0,0,0,0,0,0,0,0,0,0,0,0,0,0,0,0,0,0,0,0,0,0,0,0,0,0.6,31.4,0.2,0,0,0,0,0,0,0,0,0,0,0,0,0,0,0,0,0,0,0,0,0.5,0,0,0,0,0,0,0,0.6,1.6,0,0,1.5,0,0,0,0,0,0,0,0,0,0,0,0,0,0,0,0,0,0,0,0,0,0,0,0,0,0.5,0,0,0,0,0,0,0,0,0,0,0,0,0,0,0,0,0,0,0,0,0,0,0,0,0,0,0,16.5,0.1,0.1,0,0,0,0,0,0,0,0,0,0,0,0,1.6,0,0,0,0,0,0,0,0,0,0,0,0,0,0,0,0,0,0,0,0,0,0,0,0,0,0,0,0,0,0,0,0,0,0,0,0,0,1.4,0,0,6.9,47.4,0,0,0,0.6,2.9,84.9,56.4,1.2,0,0.7,10.7,1.4,0,0,7.4,59.4,1.5,0.5,0.3,0,20,6.7,1.5,10.3,0,6,6.7,7,14.8,10.9,4.4,7.6,17.1,1.9,0,2.9,0,7.4,21.5,11.7,34,44.1,67.3,37,0.1,0.2,6,6.7,11,31.5,28,30,1.8,3.2,2.6,1.9,2,0.5,41.8,4.8,0.3,5.6,4.9,15.4,6.5,0,0,7.9,8.9,2.1,0.5,1.7,0,0,45.8,5.8,5.7,0,0,0,0,0.9,15.8,13.8,5.8,2.2,7.5,8.6,16.6,1.1,1.2,2.3,1.2,0,0,0,1.5,0.5,16,0.2,3.2,7.1,71.1,0,0,0,0,0,3.4,4.1,0.7,0,0,0,0,0,0,0,17.4,3.2,0,0,0,0,0,0,0,0,0,0,0,0,0,0,0,0,0,0,0,0,0,0,0,0,0,0,0,0,0,0,0,0,0,0,0,0,0,0,0,0,0,0,0,0,0,0,0,0,0,0,0,0,0,0,0,0,0,0,0,0,0,0,0.5,0,0,0,0,0,0,0,0
27.5,83.5,279,0,0,0,0,0,0,0,0,0,0,0,0,0,0,0,0,0,0,0,0,0,0,0,0,0,0,0,5.8,26.7,15.7,0,0,0,0,0,0,0,0,0,0,0,0,0,0,0,0,0,0,0,0,0,17.8,0,0,0,0,0,0,0,0,0,0,0,0,0,0,0,0,0,0,0,0,0,0,0,0,0,0,0,0,0,0,0,0,0,0,0,0,3.2,0.6,0,0,0,0,0,0,0,0,0,0,0,0,0,0,0,0,0,0,0,0,0,0,0,0,0,1.6,17.5,19.7,0,0,0,0,0,0,0,0,0,0.4,0,0,0,8.4,0,0,0,9,0,0,0,0,0,0,0,0,0,0,0,0,0,0,0,0,0,0,0,0,1,0,0,0,0,0,0,0,0,0,1.1,3.9,5,8.8,0,0,11.6,0.6,1.2,0,0,1.3,18.1,40.3,9.9,6.1,7.9,2.8,37.2,0,0,55,30.1,3.6,2.4,0,1,0,50.6,21.1,32.1,35.3,7.9,12.2,0.7,2.2,40.4,14.9,0.3,0,7.7,15.8,0,0,6.9,13.1,11.9,6.5,23.1,30.7,55.5,5.2,8.4,7.5,5.6,61.1,40,22.7,21.8,59.8,15.6,3.4,2.9,0.5,4.4,1,29.2,16.7,2.9,19,13.5,45.6,0.2,4.5,1.8,1.5,0,0.6,0.7,0,0,0.2,92.9,8.6,0,0.6,0,0,0,43,29,21.4,4,0.1,1.3,0,0,0,26.1,11.5,0.6,2.7,0,0,1.9,5.9,14.6,0.6,0.7,94.6,69.6,2.9,0,0,0,0,0,0,20.3,0,0,0,0,0,0,0,28.2,6.2,0,0,0,0,0,0,0,0,0,0,0,0,0,0,0,0,0,0,0,0,0,0,0,0,0,0,0,0,0,0,0,0,0,0,0,0,0,0,0,0,0,0,0,0,0,0,0,0,0,0,0,0,0,0,0,0,0,0,0,0,1,0,0.5,0,0,0,0,0,0,0,0
18.5,84.5,280,0,0,0,0,0,0,0,0,0,0,0,0,0,0,0,0,0,0,0,0,0,0,0,0,0,0,0,0,0,0.7,9.3,0,0,0,0,0,0,0,0,0,0,0,0,0,0,0,0,0,0,0,0,0,0,3.3,0,0,10,0,2.3,0,0,0,0,0,0,0,0,0,0,0,0,0,0,0,0,0,0,0,0,0,0,0,0,0,0,0,0,0,0,0,0,0,0,2.3,3.3,0,0,0,0,0,0,0,0,0,0,0,0,0,0,0.5,0,0,0,42.8,0,0,0,0,0,0,0,0,0,4,0,0,0,0,0,0,0,0,0,0,0,0,0,0,3.1,0,0,0,0,0,0,0,0,0,0,4.2,0,0,0,0,1.5,0,0,1,0,5.2,0.2,1.5,0,0,0,0.7,0,6.7,0,0.2,3.4,0,0,1.8,6.4,7.8,0,0,0,2.3,0,39.5,18.5,1.9,15.7,0.2,1.5,0,0.8,14.2,12.2,5.4,1.7,12.2,0,7.2,9.3,0,0,0,0,0,0.6,0,0,3.8,0,0,1.3,0,0,1.8,29.2,0.2,11,0,0,0,16.3,11.5,0.1,0,4.1,0,6.9,0,8.8,15,39.8,17.9,0,4.9,7.1,10.6,11.4,1.1,3,13.1,0.7,27.3,7.6,5.7,0,0.8,0.9,1,1.4,17.9,7.8,2.2,4,3.7,1.4,1.5,1.9,1.1,0,1,32.6,30,0,0,5.2,11.9,16.3,2,15.9,39.6,0.5,15.3,10.5,13.5,43.4,28,7.7,14.4,0,0,0,42.3,52.1,75.3,31.7,19.1,0,0,0,7.7,0,14,28.6,48.5,116.1,65.2,70.7,31.3,1,0,0,0,0,0,0,0,27.2,11.7,7,0,6.6,2.7,0,0,0,0,0,0,2.7,2.3,0,0,0,0,0,0,3,11.7,45.4,65.4,95.1,11.9,1.4,3.4,0,0,0,0,0,0,0,0,0,0,0,0,0,0,0,0,0,0,0,0,0,0,0,0,0,0,0,0,0,0,0,0,0
19.5,84.5,281,0,0,0,0,0,0,0,0,0,0,0,0,0,0,0,0,0,0,0,0,0,0,0,0,0,0,0,0,0,4.1,24.5,0,0,0,0,0,0,0,0,0,0,0,0,0,0,0,0,0,0,0,0,0,0,2.6,0.4,0.5,1.5,0,0,0,1.9,0,0,0,0,0,0,0,0,0,0,1.2,0,0.4,0,0,0,0,0,0,0,0,0,0,0,0,0,0,0,0.4,0,0,0,1.8,2.4,0,0,0,0,0,0,0.3,0.2,0,0,0,0,0,0,0,0,0,0,15.1,0,0,0,0,0,0.3,0,0,0,15.5,0,0,0,0,0,0,0,0,0,0,0,0,0,0,0,0,0,0,0,0,0,0,0,0,0,2.5,0,0,0,0,0.2,0,0,0.1,0.6,4.5,0,11.7,0,0,0,0,0,9.5,0,0,4.3,0,0.9,3.1,0.9,18.3,0,0,0,0.3,0,12.3,11.3,1.4,8.7,2.2,1.1,2.7,0,31,6.6,19.5,1.4,3.6,16.5,9.5,40.4,1.6,10.7,0,0.8,0.1,0.3,0,0,8.8,0,0,0,0,0,2,16.9,0,3.8,0,0,0,1.4,7.8,0.6,0,3.8,0,4.5,1.4,4.6,10.9,35.1,24.2,0,5,4.6,6.1,8.2,0.5,0.4,1.7,19.4,6.9,27.2,7.5,0,0.2,0.1,0.7,0.8,2.4,29.3,3.2,6.7,4,0.5,13.7,0.8,6.1,1.9,0.1,6.4,2.9,0,0,3.1,12,0.3,0,13.2,19,22.5,4.8,3.1,7.7,19.5,30,13,3.7,0,0,0,13.9,77.4,39.3,22.2,19,0,0,0,6,0,27.1,31.8,50.1,97.9,81.7,79.1,3.1,0.7,2.8,0,0.5,0,0,0,0,36.8,33.7,9.7,4.2,3.8,1.1,3.4,0,0,0,0,0,4.8,1.7,0,0,0,0,0,0,5.4,36.8,54.2,29.7,52.7,4.2,1,0.5,0,0,0,0,0,0,0,0,0,0,0,0,0,0,0,0,0,0,0,0,0,0,0,0,0,0,0,0,0,0,0,0,0
20.5,84.5,282,0,0,0,0,0,0,0,0,0,0,0,0,0,0,0,0,0,0,0,0,0,0,0,0,0,0,0,0,0,9.7,0,0,0,0,0,0,0,0,0,0,0,0,0,0,0,0,0,0,0,0,2.8,0,0,6.1,27.8,26.3,0,12.9,0.7,14.9,0.4,1.2,2.4,1,0,0,0,0,0,0,0,0,0,0,0,0,0,0,0,0,0,0,0,0,0,0,0,0,0,0.3,0,0,0,0,0,0,0,0,0,0,0,0,0,0,0,0,0,0,3,0.9,0,0,0,0,0,1,2.2,0,5.1,17.8,0,3.5,1,0.8,0.2,0,3.3,0,0,1.1,1.5,10.7,0,0,0,0,0.9,0,0,0,0,0,0,0,0,0,0,0,0,0,0,0,0,0.1,0,0,0,0,0,0,0,0,0,0.1,0,2.8,0,1.1,0,0,4.6,3.1,17.1,29.5,4.1,8.3,31.2,0,11.3,1.6,0.3,24.5,17.9,5,3.4,5.3,0,0,2,34.6,63.6,6.3,30.5,3.8,5.5,53,55.2,22.5,8,0.6,0.1,0.9,2.1,51.6,0.9,1.5,8.1,1.2,2.3,16.4,1,7.5,15.9,2.3,15.3,4.7,44.1,13.3,7.3,48.9,3,0.3,0,0,1.3,0,4.9,4.9,12.8,27.8,0.2,5.4,0,9.8,4.2,1.8,0.2,12.6,7.8,22.2,11.4,21.8,23.6,7.2,0,1.9,4.1,2.8,7.2,27.2,31.3,60.5,5.4,1.2,4,27.5,8.3,3.3,3.2,0.3,0,1.2,0,2.8,9.4,13,5.4,85.9,1.4,0.5,12.8,12.8,10.6,10.6,0.9,0,0,0,0,1.6,30.1,4.2,8.2,4.6,0.6,0.5,3.2,0,0,0,7.7,17.2,16.8,16.2,1.5,1.8,1.5,7,6.6,0,0,0,0,0,0,1.9,0,0,0,0,0,0,0,0,0,2.2,0,0,0,0,0,0,0,0,0,5,1.4,0.8,0.1,0,0,0,0,0,0,0,0,0,0,0,0,0,0,0,0,0,0,0,0,0,0,0,0,0,0,0,0,0,0,0,0,0,0,0,0
21.5,84.5,283,0,0,0,0,0,0,0,0,0,0,0,0,0,0,0,0,0,0,0,0,0,0,0,0,0,0,0,0,2.9,8.3,0,0,0,0,0,0,0,0,0,0,0,0,0,0,0.2,0,0,0,0,0,0.3,0,0,0.7,12.6,28.2,0,12.2,8.3,3,1.5,3.2,20,0.1,0,0,0,0,0,0,0.3,0,0,0,0,0,0,0,0,0,0,0,0,0,0,0,0,0,1,1.4,0,0,1.4,0,0,0,0,0,0,0,2.2,0,0,0,0,0,0,0,0.3,0.5,0,0,0,0,0,0,1.5,0,0.8,3.6,0.6,5.7,1.5,0,0,0,0.4,0,0,0.3,0.2,1.2,0,0,0.6,0,3.3,0,0,0,0,0,0,0,0,0,0,0,0,0,0,0,0,0.4,0.2,0,0,0,0,0,0,0,0,0.2,0,0.3,0.3,2.4,0,0,4.7,0.6,14.8,99,24.7,2.1,13.6,0,1.3,0.2,0,9.9,3.3,0.4,0.8,0.8,0,0,9.5,13.3,109.7,21.8,19.4,1.7,6,29.4,74.2,14.8,5.7,2.8,0.2,4,3.3,18.7,3.9,8.5,4.6,4.4,26,7.3,7.4,44.1,10.7,6.6,6,7.4,6.5,46,61.5,21.2,1.7,0.1,0,0,6.2,0.9,1.1,15.1,11.7,33.6,0.2,0.7,0,1.1,0.4,0,0.6,1.4,9.6,8.1,2.7,8.2,9.5,10.4,0,0,0,5.8,3.2,41.5,34.1,63.6,12,5.1,0.7,35.8,8.2,17.2,8.1,0.3,0,5.9,0,6.2,13,5.8,4.9,14.4,2.4,0,3.7,8.2,4.9,4.1,0.4,0,0,0,0,3.8,15.3,4.4,11.9,4.1,11.1,3.9,0.3,0,0,0,10.5,5.7,13.1,7.5,0.3,2.2,5.7,19.7,0.8,0,0,0,0,0,0.3,2.4,0,0,0,0,0,0,0,0,0,0.3,0,0,0,0,0,0,0,0,0,0.6,0,2.2,0.5,0,0,0,0,0,0,0,0,0,0,0,0,0,0,0,0,0,0,0,0,0,0,0,0,0,0,0,0,0,0,0,0,0,0,0,0
22.5,84.5,284,0,0,0,0,0.7,0.5,0,0,0,0,0,0,0,0,0,0,0,0,0,0,0,0,0,0,0,0,0,7,4.4,0.4,0,0,0,0,0,0,0,0,0,0,0,0,5.1,20.9,1.2,0,0,0,0,0,0,0,0,13.5,12.5,2.9,9.4,13.1,19.3,0.4,0,16.3,2,0,0,0,0,0,0,0,0,0,0,0,0,0,0,0,0,0,0.7,0,0,0,0,0,0,0.5,9.4,2.7,0,0,0.1,0,0,0,0,0,0,1.8,0.3,0.2,0,0,0,0,0,0,0,0,0,0,0,0,0,4.2,2.6,9.5,4.4,0.3,0.5,0.3,0,0.3,0,0,3.6,0,0,0,0,0,0,0,0,0,6.3,0,0,0,0,0,0,0,0,0,0,0,0,0,0,0,0,0,0,0,0,0,0.1,0,0,0,0,0,0,0,0.5,0.1,0,18.7,94.1,8.8,4.8,10.4,4.3,13.2,0.8,0.1,0.7,20.8,0,0.2,9.9,0,0.1,0,0,0,4.1,31.3,24.2,2.5,18.3,8.9,16.2,10.3,62.9,9.3,7.4,2.7,61.1,11.5,21.9,6.1,4.7,5.5,11.7,2.4,2.3,0.1,9.2,40.8,45.5,19.9,2,1.5,14.1,10,7,0.8,4.2,23.9,16.6,0.1,3.4,0,0,23.1,2.7,0.6,0.4,0.4,0.2,0,0,0,0,41,2.2,1.5,9.1,23.7,20.2,3.3,0.3,0,0.9,27.9,10.6,4.4,7.6,8,0.3,1.6,0,2.1,0.4,6.9,1.9,1.1,0,0.1,0,5.6,0.7,0.8,0.3,5.3,0.1,0,3,1,1,0.2,0.3,0,0,0,0,0.5,1.2,2.2,2.8,13.5,1.7,0.5,0,0,0,0,0,8.2,1.1,0.3,0,0,0,1.8,0,0,0,0,0,0,0,1.4,0,0,0,0,0,0,0,0,0,0,0,0,0,0,0,0,0,0,0,0,0,0.1,0,0,0,0,0,0,0,0,0,0,0,0,0,0,0,0,0,0,0,0,0,0,0,0,0,0,0,0,0,0,0,0,0,0,0,0,0
23.5,84.5,285,0,0,0,0,0,2.2,0.2,0,0,0,0,0,0,0,0.9,0,0,0,0,0,0,0,0,0,0,0,0,0,4.8,16.6,0,0,0,0,0,0.6,0,0,0,0,0,0,0,14.5,19.4,0,0,0,0,0,0,0,0,0,2,24.1,0,0.5,9,1.4,0,0.2,12.3,0,0,0,0,0,0,0,0,0,0,0,0,0,0,0,0,0,0,1.3,0,0,0,0,0,1.1,0.7,6,1.4,0,0,0,0,0,0,0,0,0,0,0,0,0,0,0,0,0,0,3.7,0,0,0,0,0,1.6,1.2,1.9,2,0.7,0,0,0.8,3.8,0.4,0,0,0,0,0,0,0,0,0,0,0,0.3,0,0,0,0,0,0,0,0,0,0,0,0,0,0,0,0,0,0,0,0,0.6,0,0,0,0,0.3,0,0,0,0,0,0,15.6,0.8,16.8,31.9,12.8,0,0.2,3.8,5.3,3.8,7,6.7,0,0,0.2,0,0,0,0,6,40.7,34,19.5,1.4,20.4,29,6.7,10.6,59.3,8.7,2,7,22.8,47.8,80.6,25.5,0.8,2.8,2.4,5.9,0,6.8,11.5,27.2,12.1,42.2,0.3,4,7.8,9.7,8.7,19.1,3.1,2.6,11.4,32.3,10.2,5,0.6,0.7,13,0.6,3.2,0,0.2,0,0,0.9,6.3,5.8,1.5,3,5.7,9.9,8.1,11.6,0,20.1,0.2,0.5,3.7,18.2,20.3,3.2,2.1,3.9,1.8,6.7,57,25.3,0.7,0,2.9,0,0.9,8.2,17.6,9.8,3.7,1,0.2,6.9,0.3,8.1,1.9,1.5,5.2,0,0,0,0,0.6,0,0,5.1,37,5.5,0,0,0,0,0,12.6,13.8,6.2,0,0,0,0,0,0,0,0,0,0,0,0,0,0,0,0,0,0,0,0,0,0,0,0,0,0,0,0,0,0,0,0,0,0,0,0,0,0,0,0,0,0,0,0,0,0,0,0,0,0,0,0,0,0,0,0,0,0,0,0,0,0,0,0,0,0,0,0,0,0,0
24.5,84.5,286,0,0,0,0,0,0,0,0,0.8,0,0,0,0,0,0,0,0,0,0,0,0,0,0,0,0,0,0,0,5.1,0.8,0,0,0,0,0,0,0,0,0,0,0,0,0,0,1.1,0,0.8,0,0,0,0,0,0,0.4,0,0,0,0,0.3,0,0,0.3,0.4,0,0,0,0,0,0,0.8,0,0,0,0,0,0,0.8,0,0,0,0,0,0,0,0,0,0,0,0,0,0,0,0,0,0,0,0,0,0,3.8,0.1,0,0,0,0,0,0,0,0,0,0,0,0,0,0,0,7.4,2.2,0.5,1.8,0,0,0,0,0,0,0,0,0,0,0,0,0,0,0,0.4,0,0,0,0,0,0,0,0,0,0,0,0,0,0,0,0,0,0,0,0,0,0,0,0,0,0,0,0,0,0,0,0,0,0,4.3,8,4,0,0,15.8,12.4,3.6,3.5,2.7,7,0,0,0,0,0.6,0,4,27.9,9.6,5.2,3.3,1.7,3.5,3.3,5.4,13.4,16.2,2.9,2.5,0.4,14.4,54.1,26.9,27.5,18.5,7.6,0,0,0.3,0.4,6.1,0.9,23,6.9,33.9,20.8,8,0.4,6.6,9.1,2.4,12,5.3,7.2,0,0,0,3.1,3.1,0.5,0,0,0,0,0,0.8,0,1.3,0,0,2.8,4.6,35.2,0,0,0,13.8,20.6,17.1,22.5,0.2,0,0.8,0,17.5,4.1,12.5,14.7,7.2,0,0.8,0.8,0.8,9,3.7,17.9,0,0,0,0,0,0.5,0,0.3,0.8,0,0,0,0,0,0,1.3,10,9.5,18.6,0,0,0,0,0,6.9,1.6,0,0,21.8,0,0,0,0,0,0,0,0,0,0,0,0,0,13.3,13.3,0,0,0,0,0,0,0,0,0,0,0,0,0,0,0,0,0,0,0,0,0,0,0,0,0,0,0,0,0,0,0,0,0,0,0,0,0,0,0,0,0,0,0,0,0,0,0,0,0,0,0,0,0,0
25.5,84.5,287,0,0,0,0,0,0,0,0,0,0,0,0,0,0,0,0,0,0,0,0,0,0,0,0,0,0,0,0,21.6,0,0,0,0,0,0,0,0,0,0,0,0,0,0,0,1,0,0,0,0,0,0,0,0,0,0,0,0,0,0.5,0.9,0,0,0.9,0,0,0,0,0,0,0,0,0,0,0,0,0,0,0,0,0,0,0,0,0,0,0,0,0,0.4,0,0,0,0,0,0,0,0,0,0,0,0,0,0,0,0,0,0,0,0,0,0,0,0,0,0,0,2.9,0.5,0,0,0,0,0,0,0,0,0,0,0,0,0,0.4,0,0,0,0,0,0,0,0,0,0,0,0,0,0,0,0,0,0,0,0,0,0,0,0,0,1.5,0,0,0,0,0,0,0,0,0,0,0,0,0,0,2.5,0.7,2.7,0,0,41.6,10.2,0.2,1.3,0,0,0,0,0,0,0,0.3,37.6,0.3,4,2.9,0,0,40.8,0,0.1,6.2,0,25.1,6.4,9.3,8.8,2.2,14,6.2,0.3,0,0,0,7.5,19.8,7.9,2.5,58.9,110.5,36.7,1.1,1.9,3.8,19.7,24,22.8,18.9,3,0.8,2.4,1.2,1.3,1.3,1.4,7.6,6.3,4.3,0,6.9,0,15.3,2.9,0.7,0,0,12.6,2.7,0,0.3,0,12,9.2,6.7,0.9,0,0,0,22.4,7.3,11.5,8.7,0,0,0.7,0.4,1.3,6,1.9,3.7,0,0,0,2.5,8.7,25,0,0,24,4.7,0,0,0,0,0,0.2,32.9,61.1,0.4,0,0,0,0,0,0,0.1,6.8,0,0,0,0,0,0,0,0,0,0,0,0,0,0,0,0,0,0,0,0,0,0,0,0,0,0,0,0,0,0,0,0,0,0,0,0,0,0,0,0,0,0,0,0,0,0,0,0,0,0,0,0,0,0,0,0,0,0,0,0,0,0,0,0,0,0,0,0,0,0,0
26.5,84.5,288,0,0,0,0,0,0,0,0,0,0,0,0,0,0,0,0,0,0,0,0,0,0,0,0,0,0,0,0,26.6,0,0,0,0,0,0,0,0,0,0,0,0,0,0,0,0,0,0,0,0,0,0,0,0.2,0,0,0,0,0,0,9.4,0,0,0,0,0,0,0,0,0,0,0,0,0,0,0,0,0,0,0,0,0,0,0,0,0,0,0,0,0,0,0,0,0,0,0,0,0,0,0,0,0,0,0,0,0,0,0,0,0,0,0,0,0,0,0,0,34.2,0,0,0,0,0,0,0,0,0,0,0,0,0,0,9.5,0,0,0,0,0,0,0,0,0,0,0,0,0,0,0,0,0,0,0,0,0,0,0,0,0,16.4,0,0,0,0,0,0,0,0,0,0.3,3.6,0,0,0,19.9,6.6,0,0,0,0,1.2,7,34.8,0,0.1,0.1,5.4,0,0.1,0.2,8,5.7,0.4,0,3.3,0,6.4,45.6,0,0,0.2,0,0.4,13.9,0,1.3,9.3,16.5,19.2,8.1,0,0,0.3,4.4,10,0.2,24.6,21.6,47.8,7.4,0.2,1.5,9.5,22.7,17.1,18,29.2,13.2,32.1,0.1,3.5,0.1,0.9,31.6,12.5,3.6,6.9,3.3,14,18.6,13.2,0,0,6.5,0,0,5.7,0,0,2.8,38.7,2.3,4.7,0.5,0,0,0,14.1,3.1,3.5,20.6,1.7,5.7,0,12.4,0.2,2.6,0,0,0,0,0,0.6,14.1,10,0,2.4,12.3,92.3,6,0,0,0,0,0,0.4,7.3,0,0,0,0,0,0,0,0,0,0,0,0,0,0,0,0,0,0,0,0,0,0,0,0,0,0,0,0,0,0,0,0,0,0,0,0,0,0,0,0,0,0,0,0,0,0,0,0,0,0,0,0,0,0,0,0,0,0,0,0,0,0,0,0,0,0,0,0,0,0,0,0,0,0,0,0,0,0,0,0
27.5,84.5,289,0,0,0,0,0,0,0,0,0,0,0,0,0,0,0,0,0,0,0,0,0,0,0,0,0,0,0,2.9,16.6,9.9,0,0,0,0,0,0,0,0,0,0,0,0,0,0,0,0,0,0,0,0,0,8.5,0,0,0,0,0,0,0,1.4,0,0,0,0,0,0,0,0,0,0,0,0,0,0,0,0,0,0,0,0,0,0,0,0,0,0,0,0,1.2,3.4,0,0,0,0,0,0,0,0,0,0,0,0,0,0,0,0,0,0,0,0,0,0,0,0,0,9.7,24.6,4,0,0,0,0,0,0,0,0,0,2.5,0,0,0,5.1,0,0,0,5.3,0,0,0,0,0,0,0,0,0,0,0,0,0,0,0,0,0,0,0,0,6.3,3,0,0,0,0,0,0,0,0,6.8,10.4,14.5,5.4,0,0,21.1,19.5,0,0,0,8,73.4,26,66.9,1.2,47.3,15.6,13.2,0,0,21.3,3.2,0.3,0,0,1.9,0,13.9,4.2,16.6,16.5,2.5,0.5,3.2,5.3,0.5,3.6,3.1,0.2,10.1,11.2,5.9,0,22.5,19.4,20.1,10.8,19.3,49.8,17,4.1,3.3,26.6,25.6,34.9,38,19.7,73.5,58,31,5.9,0,0.7,6.1,18.4,23.1,6.8,13.3,22.3,67.6,22.8,13.5,11.1,0.4,7.4,0,0,0.2,0,0,1.3,100.9,2.4,0.6,0.4,0,0,0,26.3,45.4,17.7,1,0,1.5,0,0,0,74.1,9.2,0.1,9.5,0,0,11.4,0.7,23,0.2,0,46.3,108.2,3.2,0,0,0,0,0,0,4.9,0,0,0,0,0,0,0,4,1.4,0,0,0,0,0,0,0,0,0,0,0,0,0,0,0,0,0,0,0,0,0,0,0,0,0,0,0,0,0,0,0,0,0,0,0,0,0,0,0,0,0,0,0,0,0,0,0,0,0,0,0,0,0,0,0,0,0,0,0,0,0,0,0,0,0,0,0,0,0,0,0
19.5,85.5,290,0,0,0,0,0,0,0,0,0,0,0,0,0,0,0,0,0,0,0,0,0,0,0,0,0,0,0,0,0,4.2,7.7,0,0,0,0,0,0,0,0,0,0,0,0,0,0,0,0.2,0,0,0,0,0,0,19.7,1.1,1.9,0,1.3,0,0,0.8,2.4,0,0,0,0,0,0,0,0,0,0.5,0,1.5,0,0,0,0,0,0,0,0,0,0,0,0,0,0,0,0.2,0,0,0,0.7,0,0,0,0,0,0,0,0.1,0,0,0,0,0,0,0,0,0,0,0,3.2,0,0,0,0,0,0.1,0,0.3,0,5.6,0,0,0,0,0,0,0,0,0,0,0,0,0.8,0,0,0,0,0,0,0,0,0,0,0,0,0.9,0,0,0,0.2,0,0,0,0,31.7,0.3,0,4.9,0,0,0,1.6,0,2.1,0,1.3,1,0,7.9,17.8,9.3,22.4,0,0,0,0.1,2.1,4.1,3.9,0.3,1.7,1.1,0.4,1.2,33,122.2,12.1,11.8,3.5,2.1,11,19.8,104,1.1,4.8,0.1,0.4,0.5,0.6,35.6,1.5,4.1,0.1,12,0,11,2,2,6.7,47.3,0.7,0,0.3,4.1,0,2.8,0.3,0,1.3,0,0,0.6,1.1,4.4,24.5,17.6,0.5,1,3.4,3.3,3.5,1.2,0,0,19.2,1.5,26.3,21.2,1.2,15.4,0,0,1.7,0.2,10.6,13.4,11.4,35,0.5,6.2,0.4,36.9,8,0,1.2,3.2,12.1,2.6,2.5,5.5,3.2,0,40.6,26.2,10.2,0,13.9,3,12,11.1,12.6,0,0,0,0,7,113.1,34.6,8.6,8.9,0,0,3.9,2.4,0,22.5,32,15.7,44.5,74.6,26.3,0.3,0,1.3,1.2,0.3,0,0,0,0,9.2,12.2,2.9,1.8,0,14.1,9.2,0,0,0,0.1,1.2,1.2,0,0,0,0,0,0,0,2.4,79.7,48,7.4,12.4,2,0,0,0,0,0,0,0,0,0,0,0,0,0,0,0,0,0,0,0,0,0,0,0,0,0,0,0,0,0,0,0,0,0,0,0
20.5,85.5,291,0,0,0,0,0,0,0,0,0,0,0,0,0,0,0,0,0,0,0,0,0,0,0,0,0,0,0,0,0,17.7,0,0,0,0,0,0,0,0,0,0,0,0,0,0,0,0,2.9,0,0,0,1.3,0,0.4,8.5,26.8,21.5,0,7.6,0,6.8,0.7,1.7,0.4,0.4,0,0,0,0,0,0,0,0,0,0.4,0,0,0,0,0,0,0,0,0,0,0,0,0,0,0,0,0,0,0,0,0,0,0,0,0,0,0,0,0,0,0,0,0,0,1.4,0.6,0,0,0,0,0,0,0,0,2.2,8.2,0.3,4.9,0,0.6,0,0,1.4,0,0,0,0.7,4.7,0,0,0.4,0,0.2,0,0,0,0,0,0,0,0,0,0,0,0,0,0,1.4,0,4.1,0,0,0,0,18.3,0,1.2,0,0,0.1,0,1.7,0.2,1.1,0,0.4,0,1.4,18.3,33.3,2.6,4.8,14.1,1.7,5.1,3,0.6,23.5,11.1,1.6,2.1,6.2,0,0,9.4,47,40.3,9.1,14.6,0.4,1.1,6.7,73.5,5.5,3,2.2,0,1.3,0.2,51,3.4,10.8,5.2,3.4,0,10.9,1,1.6,7.5,14.3,13.6,1.6,24.9,13.3,2.2,21.9,2,0.2,0,0,0.3,0,6.2,3.5,13.7,14.5,7.9,5.4,5.4,6.6,2.1,16.9,0.6,5.5,5.3,21,13.9,26.1,26.4,6.8,0,0,4.8,4.2,1.5,19.5,14.6,50.8,6.2,2,1,25.9,3.1,0.2,12.4,1.2,3.4,0.7,0.7,4.9,2,3.9,31.1,57.1,3.1,0,25,9.3,14.7,14.1,7.3,0,0,0,0,4.1,65.7,20.4,8.8,2.2,0,0,6.5,0,0,3.3,8.2,8,32.9,17.3,1.3,0,0,4.3,3.5,0,0,0,0,0,0.2,0.6,0,0,0,3.8,2.8,0,0,0,2.4,20.8,0,0,0,0,0,0,0,0,0,23.7,13.9,3,7.7,0.3,0,0,0,0,0,0,0,0,0,0,0,0,0,0,0,0,0,0,0,0,0,0,0,0,0,0,0,0,0,0,0,0,0,0,0
21.5,85.5,292,0,0,0,0,0,0,0,0,0,0,0,0,0,0,0,0,0,0,0,0,0,0,0,0,0,0,0,0,0,4.1,0,0,0,0,0,0,0,0,0,0,0,0,0,0,0,0.7,0,0,0,0,0.2,0,0,0.8,35.1,8.2,0,2.5,0.6,7,0,10.7,9.9,0,0,0,0,0,0,0,0,1.8,0,0,0,0,0,0,0,0,0,0,0,0,0,0,0,0,0.3,0,0,0,0.5,0,0,0,0,0,0,0,3.9,0,0,0,0.7,0,0,0,0.2,12.3,0,0,0,0,0,0,0.7,0,8,1,17.6,33,0,0,0,0,0.2,0,0,0,0.2,0.6,0.3,1.5,19.4,0,0,0,0,0,0,0,0,0,0,0,0,0,0,0,0,0.5,0,0,5.1,0,0,0,0.7,0,0,0,0,6.3,0,0.2,9.9,40.1,0,0,3.7,0.2,44.9,7,2.3,0,1.7,0,0.7,0,0,11.7,12.2,2.6,2.5,12.4,3.3,0,0.9,1.8,77.8,1.5,2.8,0,3.2,47.6,96.8,22.1,0.3,0.5,0.1,11,2.1,25.3,5.9,8.4,17.7,0,2.5,0.8,0,3.2,0.8,2,4.9,2.1,5.8,14.4,16.3,2.8,0,2.9,0,0,15.6,4.7,0.3,0.3,8,21.5,7.3,3,1.8,2.3,2,0.3,0,0.7,2.1,11.9,6.8,8.2,12.3,27.1,0.1,1.1,0.9,0.8,28.1,4.4,26.6,28.3,6,2.3,0.1,15.4,3.4,13.3,1.2,0,0,0,0,0.2,3.6,5.3,7.6,5,2.4,0.7,0.7,0.9,26.5,17.6,2.8,0,0,0,0,0.5,8.7,1.3,0.8,0.2,0.3,0.3,9.9,0,0,0,3.7,28.7,19,1.8,1.4,0,0,1.4,0.4,0,0,0,0,0,9.7,0,0,0,0,0,0,0,0,0,0,1.8,0,0,0,0,0,0,0,0,0,0.3,1.7,0.7,2.7,0,0,0,0,0,0,0,0,0,0,0,0,0,0,0,0,0,0,0,0,0,0,0,0,0,0,0,0,0,0,0,0,0,0,0,0
22.5,85.5,293,0,0,0,0,0,0.7,0,0,0,0,0,0,0,0,0,0,0,0,0,0,0,0,0,0,0,0,0,0,12.9,9.2,0,0,0,0,0,0,0,0,0,0,0,0,0,3.7,14.3,5,0,0,0,0,0,0,0,0,4.4,17.3,0,1.8,1.3,14.3,0,0.3,14.6,0.3,0,0,0,0,0,0,0,0,0.6,0,0,0,0,0,0,0,0,0,0,0,0,0,0,0,0.2,0,0.5,0,0,0,0,0,0,0,0,0,0,0,0,0,0,0,0,0,0,0.3,0,0,0,0,0,0.3,0,11.9,16.4,1.5,0,0,0,0,3.9,0,0,0,0,0,0,0,0,0,0,4.4,0,0,0,0,0,0,0,0,0,0,0,0,0,0,0,0,0,0,0,0,0,0,15.7,0,0,0,1.3,0,0,0,0,14.1,0,11.4,3.4,0.3,4.5,23.8,1.3,2,0,0,6.1,14.7,0,1.4,0.3,0,7.6,0.2,0,0,0,8.6,52,4.5,3.3,0,0,34.3,38.2,11,8.5,19.4,2.7,30.6,18.6,27.8,3,10.3,0,0,25.9,0,0,14.3,6.9,26.8,0.7,10.8,0,2.6,0.8,0.3,0,0,0.3,0,10.3,0.4,0,14.9,4,3.7,1.5,2.6,5.4,9,0,0,0,0,0,0.2,2.9,11.4,11.8,17.1,42.6,1.4,0,7,0.9,5.4,23.8,52.4,8.6,0,0,0.6,21.9,17.6,1.3,0,0.4,0,1.3,19.3,0.5,7.5,4.2,2.4,1.2,6.7,0.5,1.6,2.4,0.7,0.9,1.2,0,0,0,0,46.9,0.9,13,1.8,10.1,3.1,0.7,0,0,0,0,0.2,0.8,0.8,1,0,0,1,0,0,0,0,0,0,0,0,0,0,0,0,0,0,0,0,0,0,0,0,0,0,0,0,0,0,0,0,0.6,0,0,0,0,0,0,0,0,0,0,0,0,0,0,0,0,0,0,0,0,0,0,0,0,0,0,0,0,0,0,0,0,0,0,0,0,0,0
23.5,85.5,294,0,0,0,0,0,2.8,0,0,0,0,0,0,0,0,0.5,0,0,0,0,0,0,0,0,0,0,0,0,0,3,11.5,0,0,0,0,0,0,0.5,0,0,0,0,0,0,4.1,18.4,9.8,0,0,0,0,0,0,0,0,1.4,11,0,0,8.8,5,0,0,12.8,0,0,0,0,0,0,0,0.1,1.1,0,0,0,0,0,0,0,0,0,0,0.1,0,0,0,0,0,0,3.6,1.1,0,1.6,0,0,0,0,0,0,0,0,0.3,0,0,0,0,0,0,0,2.2,0,0,0,0,0,0,0.4,12.6,0,25.9,0,0,0,0.7,0,0,0,0,0,0,0,0.5,0,0,0,10.2,1.4,0,0,0,0,0,0,0,0,0,0,0,0,0,0,0,0,0,0,0,0,1.6,4.6,0,0,0,0.3,0,0,0,0,18.5,0,0.8,0.1,5.8,14.6,21.9,14.5,6.3,1.7,17.7,0,0,0.4,1.2,0,1.4,2.2,1.6,0,0,0.2,0.9,26.1,7.8,3,10.1,3.5,6.6,37.6,30.7,12.8,7.4,26.6,4,32.8,120.2,20.7,1.8,4.8,3.1,10.6,0.2,2,14.1,8.5,13.5,12.2,0,8.9,18,35.6,9.7,27.4,22.7,0.5,14.2,5.2,0,2.9,0.5,11,9.9,3,1.6,2.2,0,0,0,0,2.6,5.5,0.1,1.4,9.3,25.5,20.3,19.1,1.2,4,0.5,2.3,13.3,8.9,33.7,15.1,0.7,1,3.8,17,45.6,42.7,13.8,0,5.9,1.5,3.7,1.7,25.2,11.8,0.5,3.1,0,0.7,0.4,3.4,3.6,5,1.1,2.6,0,0,0,0,0.2,0.1,5.6,26.3,26.7,1,0,0,0,0,1.5,3.7,3.1,0,0,0,0,0,0,0,0,0,0,0,0,0,0,0,0,0,0,0,0,0,0,0,0,0,0,0,0,0,0,0,0,0,0,0,0,0,0,0,0,0,0,0,0,0,0,0,0,0,0,0,0,0,0,0,0,0,0,0,0,0,0,0,0,0,0,0,0,0,0,0
24.5,85.5,295,0,0,0,0,0,0,0,0,0,0,0,0,0,0,0,0,0,0,0,0,0,0,0,0,0,0,0,0,1.4,0.3,0,0,0,0.1,0,0,0,0,0,0,0,0,0.1,0,4.2,0,0,0,0,0,0,0,0,0,0,0,0,0,4,0,0,0,2.7,0,0,0,0,0,0,0,0,0,0,0,0,0,0,0,0,0,0,0,0,0,0,0,0,0,0,0,0,0,0,0,0,0,0,0,0,0,0,0,0,0,0,0,0,0,0,0,0,0,0,0,0.5,3.2,6.2,1.9,0,0.1,0,0,0,0,0,0,0,0,0,0,0,0,0,0,0,0.6,0.5,0,0,0,0,0,0,0,0,0,0,0,0,0,0,0,0,0,0,0,0,7,2.5,0,0,0,0,0,0,0,0,0,0,0,0,3.6,4.9,0,0.9,0.9,7.1,4.7,6.5,0,0,0,0,0,0,0,0,0,0,20.3,8.5,1,0,0.1,4.2,3.9,16.3,16.3,1,0,12.5,21.2,28.5,23.2,18.9,5.6,11.5,1.1,0,0,1.8,45.9,19.5,41.4,56.4,83,7.5,1,0.1,34.8,13.7,38.5,22.3,16.1,3.2,4.8,0,1.5,3.5,1,0.1,0.5,0,2.7,0,11.7,2,28.9,2.9,0,3.8,5.8,2.8,0,0,7.5,0.6,0.3,33.6,33.4,28.4,16.8,1.6,0,0,37.7,62.6,148,20,0.2,1.7,0,0.8,0,15.4,3.5,7.8,0.4,0,0,3.7,7.3,0.3,0,0,0,0.1,0,0,0,0,0,10.1,23.6,7.4,0,0,0,0,0,0,0,0.1,0,0,0,0,0,0,0,0,0,0,0,0,0,0,0,0,0,0,0,0,0,0,0,0,0,0,0,0,0,0,0,0,0,0,0,0,0,0,0,0,0,0,0,0,0,0,0,0,0,0,0,0,0,0,0,0,0,0,0,0,0,0,0,0,0,0,0,0,0,0,0,0
25.5,85.5,296,0,0,0,0,0,0,0,0,0,0,0,0,0,0,0,0,0,0,0,0,0,0,0,0,0,0,0,4.4,19.7,0,0,0,0,0,0,0,0,0,0,0,0,0,0,0,0.4,0,0,0,0,0,0,0,0,0,0,0,0,0,0,2.2,0,0,0,0,0,0,0,0,0,0,0,0,0,0,0,0,0,0,0,0,0,0,0,0,0,0,0,0,0,0,0,0,0,0,0,0,0,0,0,0,0,0,0,0,0,0,0,0,0,0,0,0,0,0,0,0,0,0,0,0,0,0,0,0,0,0,0,0,0,0,0,0,0,0,0,0,0,0,0,0,0,0,0,0,0,0,0,0,0,0,0,0,0,0,0,0,0,0,0,0,0,0,0,0,0,0,0,0,0,0,1.1,5,17.8,0.3,2.5,0,16.2,14.1,24.9,26.1,0,0.6,0,0,0,0,0,0,6.7,0.2,0,39.2,0,0,4.8,6.1,9.9,3.5,0.2,6,36.4,40.1,0.4,3,4,7.6,0.7,0.3,11.7,1.9,1,16,26.7,27.1,17.7,27.1,28.1,2.8,0,1.2,24.8,49,41.7,27.5,7,4.1,0,23.8,1.1,18.7,1.2,0.6,0.5,4.5,0,0,0,23.1,11.2,0,1.1,0,5.3,2.2,0,0,0.2,32.2,7.9,6.3,6.9,2.3,0,0.8,0.3,7.4,11.1,31.2,37.5,12.9,0,1.7,0,1.4,14.3,2.7,6.5,0,0,0,0,8.6,0.5,0,1.2,0.7,3.4,0,0,0,0,0,5.5,35.6,1.8,0,0,0,0,0,0,0,4.4,4.3,0,0,0,0,0,0,0,0,0,0,0,0,0,0,0,0,0,0,0,0,0,0,0,0,0,0,0,0,0,0,0,0,0,0,0,0,0,0,0,0,0,0,0,0,0,0,0,0,0,0,0,0,0,0,0,0,0,0,0,0,0,0,0,0,0,0,0,0,0,0,0
26.5,85.5,297,0,0,0,0,0,0,0,0,0,0,0,0,0,0,0,0,0,0,0,0,0,0,0,0,0,0,6.2,6.6,8.2,0,0,0,0,0,0,0,0,0,0,0,0,0,0,0,0,0,0,0,0,0,0,0,0,0,0,0,0,0,0,0,1.7,0,0,0,0,0,0,0,0,0,0,0,0,0,0,0,0,0,0,0,0,0,0,0,0,0,0,0,1.2,0,0,0,0,0,0,0,0,0,0,0,0,0,0,0,0,0,0,0,0,0,0,0,0,0,0,35.1,22.2,0,0,0,0,0,0,0,0,0,4.7,5.4,0,0,0,0,0,0,10.3,2.9,0,0,0,0,0,0,0,0,0,0,0,0,0,0,0,0,0,0,0,0,4,0,0,0,0,0,0,0,0,0,2.5,4.4,15.7,0,0,10.4,35.8,13.6,0,6.8,8.3,2.7,17,1,15.6,0,0.4,9,0,0,0,0,14,4.1,0,0,0,34.5,5.3,11.5,0,0,1.6,0,3.6,4.9,1,20.9,2,7.7,4.7,1.3,0,4.7,17.1,28.3,12.8,10.2,29.7,22.9,5.2,7.7,6.8,17.6,22,35.1,31.7,37.6,25.1,22.7,32.7,28.3,0,0.8,38.2,29.4,67,10.1,9.4,9.2,25.2,9.2,0,0,0,0.8,0,4.5,0.2,23.7,41,42.2,25,3.2,0,0,0,2.6,7,0,1.8,0.8,25,24.2,0,0,0,2.1,0,0,0.3,0,0,0,0.1,10.8,0,0,3,40.6,15.3,0,0,0,0,0,2.7,3,0,0,0,0,0,10.2,0,0,0,0,0,0,0,0,0,0,0,0,0,0,0,0,0,0,0,0,0,0,0,0,0,0,0,0,0,0,0,0,0,0,0,0,0,0,0,0,0,0,0,0,0,0,0,0,0,0,0,0,0,0,0,0,0,0,0,0,0,0,0,0,0,0,0,0,0,0,0,0,0,0,0
20.5,86.5,298,0,0,0,0,0,0,0,0,0,0,0,0,0,0,0,0,0,0,0,0,0,0,0,0,0,0,0,0,0,12.9,0,0,0,0,0,0,0,0,0,0,0,0,0,0,0,0,1.3,0,0,0,0.3,0,0.2,3.4,26,8.3,0,0.9,0,0,0.7,3.8,0,0,0,0,0,0,0,0,0,0,0,0.2,0,0,0,0,0,0,0,0,0,0,0,0,0,4.4,0,0,0,0,0,0,0,0,0,0,1,0,0,0,0,0,0,0,0,0,0,0,0,34.3,0,0,0,0,0,0,0,0,0,2.5,0,0.2,0,1,0.1,0,0,0,0,0,0,0.1,0,0,0.1,0.3,0,0,0,0,0,0,0,0,0.4,0,0,0,0,0.6,0,1.8,6,0,0,0,8.3,0,0.5,0.4,5.9,0,0.3,0.2,0,0,4.4,0.2,0,0,53.2,10.6,4.1,21.3,0.5,0.7,2.2,1.3,0.3,9.1,13.5,4.2,0.6,2.3,0,0,6.5,31.8,31.5,13.3,4.5,0.2,2.3,6.8,45.9,0.5,0.3,1,1.3,3.8,3.4,19.6,10.6,5.9,21.3,1.6,0,2.7,0.5,22.3,2.7,18.5,11.1,0,5.3,11.7,0.5,4.6,6.4,0,0,0,2.4,0,4.3,1.2,12.9,3.4,3.9,1.5,2.4,9,8.7,7.5,1.8,3.2,2.6,6.8,13,18.8,17.6,5.3,0,0,2.1,1.9,0.7,4.9,11.3,79.7,13.6,1,1.2,7,2.9,5.7,5.4,4.3,1.7,0.3,0.3,22.8,2.9,3.2,13.8,33.5,17.7,1.9,14,19.2,10.7,16.3,10.4,0,0,0,0,5.5,72.6,25.7,8.8,1,0,0,9.9,0,0,5.3,10.3,1.5,35.8,15.9,1.2,0,0,2.2,0.7,0,0,0,0,0,0,3,0,0,0,5.4,5.7,0,0,0,3.3,27.4,0,0,0,0,0,0,0,0,0,28,18.1,4,10.4,0.4,0,0,0,0,0,0,0,0,0,0,0,0,0,0,0,0,0,0,0,0,0,0,0,0,0,0,0,0,0,0,0,0,0,0,0
21.5,86.5,299,0,0,0,0,0,0,0,0,0,0,0,0,0,0,0,0,0,0,0,0,0,0,0,0,0,0,0,0,0,8.5,0.2,0,0,0,0,0,0,0,0,0,0,0,0,0,0.8,12.9,0,0,0,0,7.3,0,0,0.2,8.2,2.6,0,0.3,0,4.4,7.6,1,7.4,0,0,0,0,0,0,0,0,0,0,0,0,0,0,0,0,0,0,0,0,0,0,0,0,1.4,0.2,0,1.2,0.7,0,0,0,0,0,0,0.3,0,0.2,0,0,0,2.3,0,0,0,0,1.4,3.2,10.7,0,0,0,0,0,0.4,11,0,0.3,18.7,0,0.8,0,25.1,8.1,0.1,0,0,1.1,0,1.8,15.4,0,0,0,0.5,0,0,0,0,0,0,0,0,7.9,0,0,0.2,0.5,0,0,0,1.9,0,0,0.2,0.3,0,0,9.3,1.8,0,6.9,0,0,0,1.4,12.3,0,0.7,18,0.7,4.6,13.5,10.6,1.7,1.1,0,1.7,8.4,7.3,1.5,7.6,5.3,0.9,0.4,0.7,22.8,38.3,3.4,28.5,0,4.3,9.6,22.1,11.1,0,2.2,3.6,47.5,14.2,53.7,4.4,13,10.2,0.4,0.2,23.7,0.3,9.9,2.1,2.5,1.3,0,7.7,19.5,5.3,4.6,2.2,0.8,0,0,4.5,2.1,0.8,0,14.3,7.6,11.1,3,1.5,3.8,4.7,3.1,0.5,6.9,10.9,2.8,20.8,31.2,15.1,1.3,0.5,0,11,22.1,0.2,35.6,30.3,52.6,19.2,4,14.3,0,65,31.9,0.3,6.2,4.2,0,0,7.8,11.4,11.3,25.3,26.7,9,1,9.1,14.8,23.8,20.4,3.6,0.8,4.8,0,0,0.8,11.3,0,5.4,0.9,0.6,26.4,6.4,0,0,4.3,9.6,11.5,2.4,1.9,0,0,0,6.6,0,0,0,0,0,0,2.2,29.2,0,0,0,1.7,8.1,0,0,0,0,3.4,0.3,0,0,0,0,0,0,0,0,0,0.6,0.2,0.2,0,0,0,0,0,0,0,0,0,0,0,0,0,0,0,0,0,0,0,0,0,0,0,0,0,0,0,0,0,0,0,0,0,0,0,0
22.5,86.5,300,0,0,0,0,0,0.4,0,0,0,0,0,0,0,0,0,0.1,0,0,0,0,0,0,0,0,0,0,0,0,1.5,3.8,0,0,0,0,0,0,0,0,0,0,0,0,0,0.5,9,4.1,0,0,0,0,0,0.1,0,0,1.6,7.2,0,0,1.9,5.4,0.2,0,21.8,0,0,0,0,0,0,0,0,0,0,0,0,0,0,0,0,0,0,0,0,0,0,0,0,0,0.4,0.5,0,0,0,0,0,0,0,0,0,0,1.5,0,0,0,1.5,0,0,0,0,1.8,0,0,0,0,0,0.3,0,3.4,18,0,0,0,0,0,0,0,13.1,0.9,0,0,0,0,9.3,8,0,0,0,0,0,0,0,0,0,0,0,0,0,0,0,0,0,0,0,0,0,0,0,15.4,4.3,0,0,0,0,0,0,0,2.8,0.2,0,1.1,0.2,5.4,1.2,10.2,0,12.5,1.2,0,0,0.9,5.5,9.6,7.6,2.8,10.5,1.9,0,1.1,0.7,2.6,31.9,7.1,3.9,12.4,7.9,5.5,43.1,9.2,19.6,12.4,4,24.7,44.6,70.5,11.1,18.2,10.4,2.2,1.9,0,2.1,18.6,19.3,7.7,4.6,7.5,13.2,18.8,18,0.8,8.1,0.6,0,10.9,1.5,0,0,0,7.3,13.9,2.5,0.3,0,0,4.3,0,0,0,0,0.8,1.4,18.2,3.1,1.9,0.2,0,9,0.2,0.1,20.9,26.4,14.4,16.1,0,0,11,73.2,69,0.9,2.3,1.8,1.6,1.8,0.5,5.4,8.3,16.6,16,3.1,5.4,0.3,12.2,20.8,5.5,0.4,1.4,0,0,0,0,10.4,0,3.5,1.4,2.7,2.7,2.3,0,0,0.9,0,1.2,7.2,1.1,0,0,0,11.4,0,0,0,0,0,0,9.3,0,0,0,0,0,0,0,0,0,0,2.7,0,0,0,0,0,0,0,0,0,0,2.6,0.9,0,0,0,0,0,0,0,0,0,0,0,0,0,0,0,0,0,0,0,0,0,0,0,0,0,0,0,0,0,0,0,0,0,0,0,0,0
23.5,86.5,301,0,0,0,0,0,0,0,0,0,0,0,0,0,0,0,0,0,0,0,0,0,0,0,0,0,0,0,0,8.1,8.7,0,0,0,0,0,0,0,0,0,0,0,0,0,0.5,11.7,0.7,0,0,0,0,0,0,0,0,0.7,2.7,0.3,0,4.5,2.4,0,1.4,12.9,0,0,0,0,0,0,0,0,0,0,0,0,0,0,0,0,0,0,0,0,0,0,0,0,1.4,0,0,0.7,0,0,0,0,0,0,0,0,0,0,0,0,0,0,0,0,0,0,0,4.9,0,0,0,0,9.4,1.2,5.7,0,0,0,0,0,0,0,0,0,0,0,0,1.4,8.5,0,0,0,10.4,0,0,0,0,0,0,0,0,0,0,0,0,0,0,0,0,0,0,0,0,17.6,4,1.4,0,0,0,0,0.9,0.3,0,1,0,0,0,1.4,1.8,15.1,0.2,14.3,13.7,11.5,0,0,0,0,2.7,0,0,0,5.3,0,0,0,3.7,26.9,9.8,0.6,11.1,0.4,5.3,4.1,14.1,2,5.7,14.8,22.1,44.8,22.9,6.2,6.8,1.2,11.4,31.2,1.2,12.4,16.4,5.6,1.4,3.7,3.6,19.5,27.6,5.6,5.7,29.1,39.1,4.2,22.7,39.9,16.4,0,0.4,11.8,5.9,0.1,0,0,0,0,0,0,0,0,1.3,1.3,2,18.7,6.2,15.7,0,0,4.1,3.2,8.1,0.5,13,6.8,1.9,0,0,14.3,145,40.1,10.9,2.8,4.6,0,7.4,17.3,3.3,16.4,5.6,0,3.7,0,1.4,12.3,6.6,3.2,20.2,4,0,0,0,0,0,0,2.3,13.8,25,0,0,0,0,3.4,0.2,5.6,9.7,0,0,0,0,0,0,0,0,0,0,0,0,0,0,0,0,0,0,0,0,0,0,0,0,0,0,0,0,0,0,0,0,0,0,0,0,0,0,0,0,0,0,0,0,0,0,0,0,0,0,0,0,0,0,0,0,0,0,0,0,0,0,0,0,0,0,0,0,0,0,0
24.5,86.5,302,0,0,0,0,0,0,0,0,0,0,0,0,0,0,0,0,0,0,0,0,0,0,0,0,0,0,0,0,0.3,0,0.4,0,0,0,0,0,0,0,0,0,0,0,0,0.3,3.6,0,0,0,0,0,0,0,0,0,0,0,0,0,1.5,0.3,0,0,0,0,0.7,0,0,0,0,0,0,0,0,0,0,0,0,0,0,0,0,0,0,0,0,0,0,0,0,0,0,0,0,0,0,0,0,0,0,0,0,1.3,0,0,0,0,0,0,0,0,0,0.4,0,0.2,0,0.2,0.4,4.5,0,0,0,0,0,0,0,0,4.1,0,0,0,0,0,0,0,0,0.3,39.1,0,0,0,0,0,0,0,0,0,0,0,0,0,0,0,0,0,0,0,0,0,0.4,0,0,0,0,0.1,4.4,0,0.3,0.3,0.3,0,0.3,1.2,5.1,1.6,0,0,0,4.2,7.9,0.9,0,0,0,0,0,0,0,0,0.1,0.8,4.4,10.4,5.6,0,1,41,1.9,23.2,2.7,0,3.6,8.3,24,9.7,27.7,9.6,18.7,2.6,0.9,5.2,3.3,13.7,1.7,11.8,51.6,34.2,44.6,7.9,0.3,2,27,26.8,21.9,3.9,5.3,19.2,0,13.8,1.4,16.8,1.1,3.4,0.5,0,0.4,0,0,1.3,0,0.5,0.1,0.7,0.2,1.6,2.9,0,7.2,0.5,2.9,8.5,23.3,4.3,0,0,0,0.4,13.5,33.7,200.5,4.9,0,0,0,0.3,2.3,3.1,1.7,0,0,0,0,2.5,12.8,0,1.2,0.2,8.3,0,0,0,0,0.1,0.2,19.9,22.3,2.4,0,0,0,0,0,2,0.2,0.4,54.1,0,0,0,0,0,0,0,0,0,0,0,0,0,0,0,0,0,0,0,0,0,0,0,0,0,0,0,0,0,0,0,0,0,0,0,0,0,0,0,0,0,0,0,0,0,0,0,0,0,0,0,0,0,0,0,0,0,0,0,0,0,0,0,0,0,0,0,0,0,0
25.5,86.5,303,0,0,0,0,0,0,0,0,0,0,0,0,0,0,0,0,0,0,0,0,0,0,0,0,0,0,0,4.2,1.5,0.1,0,0,0,0,0,0,0,0,0,0,0,0,0,0,0.1,0,0,0,0,0,0,0,0,0,0,0,0,0,0,0.3,0,0,0,0,0.3,0,0,0,0,0,0,0,0,0,0,0,0,0,0,0,0,0,0,0,0,0,0,0,0,0,0,0,0,0,0,0,0,0,0,0,0,0,0,0,0,0,0,0,0,0,0,0,0,0,0,0,7.1,0.7,0,0,0,0,0,0,0,1.1,0,11.7,0,0,0,0,0,0,16.4,0,0,0,0,0,0,0,0,0,0,0,0,0,0,0,0,0,0,0,0,0,0,7.3,0.2,0,0,0,0,0,6.4,0,0,0,4.7,0,0,4.4,1,3,0,0,0.8,23.7,0.3,0,0,0,0,3.2,0,0,0,0,0,0,5.3,6.1,0.1,0,0,0,4,1.1,0,0,0,0.2,0.9,2,13.1,7,1.7,1.2,0.1,1.7,0.3,1.9,8,44.8,10.3,40.4,20.2,3.9,5.9,14.3,28.1,24.1,46.4,9,0.3,0.8,0,0.6,5.2,2.2,0.2,4.7,0.9,1.6,25.9,0,21.3,0.9,20.4,1.2,3.6,14,11,0,0,0,1.1,14.9,16.6,2.2,1.5,0.4,0,0,0.4,7.2,25,74.8,192.2,14.8,0,0,0,6.6,16.8,0.5,1.9,0,0,0,0,0,0,11.2,6.5,27,0,0,0,0,0,0,0.6,20.3,3,0.6,0,0,0,0,0,0,15.8,0.5,0,0,0,0,0,0,0,0,0,0,0,0,0,0,0,0,0,0,0,0,0,0,0,0,0,0,0,0,0,0,0,0,0,0,0,0,0,0,0,0,0,0,0,0,0,0,0,0,0,0,0,0,0,0,0,0,0,0,0,0,0,0,0,0,0,0,0,0,0,0,0
26.5,86.5,304,0,0,0,0,0,0,0,0,0,0,0,0,0,0,0,0,0,0,0,0,0,0,0,0,0,0,0,0,10.9,22.7,0,0,0,0,0,0,0,0,0,0,0,0,0,0,0,0,0,0,0,0,0,0,0,0,0,0,0,0,0,1.1,0,0,0,0,0,0,0,0,0,0,0,0,0,0,0,0,0,0,0,0,0,0,0,0,0,0,0,0,0,0,0,0,0,0,0,0,0,0,0,0,0,0,0,0,0,0,0,2.9,0,0,0,0,0,0,0,8.1,24.8,0,0,0,0,0,0,0,0,0,0,3.7,0,0,0,0,0,0,2.9,8.7,0,0,0,0,0,0,0,0,0,0,0,0,0,0,0,0,0,0,0,0,0,1.3,0,0,0,0,0,0,0.2,0,0,0,33.8,11.1,0,4.4,13.5,11.8,0.2,0,8.6,2.6,41.1,3.5,31,0,0,0,2.6,0,0,0,0,0,0.6,0.4,0,0,0,34.5,3.3,1.5,0,0,0,0,20.4,1,1,17.4,4.8,8.3,12.9,9.8,0,0,25.4,8.7,9.9,39.7,41.7,12.2,20.7,1.2,0.5,6.8,82.9,35.2,19.7,1.2,12.1,37.2,2.9,0,2.8,44.9,9.3,19.9,1,35.3,0,68.5,1.8,0,0,0.5,2,0.2,0.2,0,13.3,25.2,17.3,41.2,11.2,0,0,0.8,22.4,44.9,2,0.8,7.1,29.4,11.4,0,0,0,0.8,2.6,0,0,4.9,0,0,0.6,10.2,0,0,1.3,14.6,0,0,0,0,0,12.4,23.8,25.6,0,0,2,0,20.4,0,1.6,0,0,0,0,0,0,0,0,0,0,0,0,0,0,0,0,0,0,0,0,0,0,0,0,0,0,0,0,0,0,0,0,0,0,0,0,0,0,0,0,0,0,0,0,0,0,0,0,0,0,0,0,0,0,0,0,0,0,0,0,0,0,0,0,0,0,0,0,0,0,0,0,0
21.5,87.5,305,0,0,0,0,0,0,1.5,0,0,3.9,0,0,0,0,0,0,1.2,0,0,0,0,0,0,0,0,0,0,0,0,14.5,0.1,0,0,0,0,0,0,0,0,0,0,0,0,0,0,2.8,0,0,0,0,4.3,0,0,2.8,1.2,8.4,0,0.2,0,16.2,4.4,0,0.8,0,0,0,0,0,0,0,0,0,0,0,0,0,0,0,0,0,0,0,0,0,0,0,0,0,0,0.1,0.9,0,0,0,0,0,0,0,0,0,0,0,0,0,0.3,0,0,0,0,0.2,0.4,0,0,0,0,0,0,10.3,1.8,11.5,0.2,7.8,0,0,0,13.7,13.8,0,0,0,0.5,29.8,0,3.1,0,0,1.2,16,0.2,0,0,0,0,0,0,0,4.6,0,0,0.1,0.3,0,0,0,0,0,0,2.9,0.2,0,0,5.4,0,0,5.5,0,0,0,0.9,2.2,7.7,0,6.4,1.1,21.5,1.9,7.8,0.2,33.9,7.4,7.4,5.6,4,0.8,2,2.3,0.1,0.2,0.4,12.3,48.1,3.3,7.8,0.1,1.8,9.4,18.2,2.6,0.3,0.2,10.1,65.4,7.6,21.6,0.6,25.3,0.6,3.4,0,18.1,0,35,6.3,53.5,0.3,0,3.3,26.5,1.1,20.9,4.3,0.5,0,0,0.5,1.2,1.4,0,25.7,3.4,9.5,8.2,1.7,0.8,0.9,0.4,0,4,5,2.7,10.8,21.6,16.3,33.2,7.7,0.1,1.2,2.7,0,17.7,17.1,39.6,4.4,1.8,7.3,0.7,209.6,7.9,3.8,0.6,3.6,0,1.4,1.5,10.5,11.5,19.3,18.1,10.4,1.1,12,30.5,7,12,9.9,29.3,0.7,5.3,0,2.8,8.6,0.3,2.2,0.4,2.2,4.2,12.2,0,0,7.8,9.7,13.1,5.4,0,0,0.8,0,1,0.6,0,0,0,0,0,0,7.9,0,0,0,2.5,3.9,0,0,0,2,1,8.3,0,0,0,0,0,0,0,0,0,2.3,0.3,0,0,0,0,0,0,0,0,0,0,0,0,0,0,0,0,0,0,0,0,0,0,0,0,0,0,0,0,0,0,0,0,0,0,0,0,0
22.5,87.5,306,0,0,0,0,0,0,0.2,0,0,0,0,0,0,0,0,0,0.2,0,0,0,0,0,0,0,0,0,0,0,0,6.7,0,0,0,0,0,0,0,0,0,0,0,0,0,0,19.1,4.3,0.2,0,0,0,7.5,0,0,0,1.7,0.8,0,0,0,21,0,0,21.3,0,0,0,0,0,0,0,0,0,0,0,0,0,0,0,0,0,0,0,0,0,0,0,0,0,4.3,0,0,0,0,0,0,0,0,0,0,0,12.4,0.7,0,0,0.2,0,0,0,0,8.2,0,0,0.3,0,0,0,0,8.6,0.6,1.1,0,0,0,10.4,0,3.1,9.8,8.5,0,0,0,42.3,1.4,1.3,0,0,0.1,0.9,0.4,0,0,0,0,0,0,0,0,0,0.2,0,0,0,0,0,0,0,0,11.4,0,0,16.1,1.1,0,0,1.6,0,0,0,6,3.3,7.8,0.8,13.3,0.3,2.5,1.5,0.2,0,4.2,1,3.1,13.3,11.8,0.1,10,4.8,0.2,0,0.2,3,18.3,0.4,11.4,0,0.6,0.7,21.7,3.7,0.3,2.4,6,85.3,18.9,39.3,1.3,24.1,1.5,28.4,0.3,1.8,7,32.6,1.1,14.2,0.8,0,47.3,19.9,16.7,1.4,1,5.1,0,0,0,0,0.2,0,6.2,15,5,2.5,0.1,6.2,0.7,0,0,5.9,0,6.4,0.3,13.5,12,21.3,0.9,0,1.4,0,22.8,13.6,10.7,12.9,13.8,0,0.4,0.1,285.6,20.6,0.2,0.4,0.2,0,0.2,17.3,10.6,2,14.2,7.8,1.4,0.2,16.9,6.1,22,9.2,4.7,3.7,3.4,0.7,0,0,8.7,0,0.2,0,0.2,0,0.8,0,0,0.5,1.6,9.2,15.6,0.1,1.7,0,0,32.5,0,0,0,0,0,0,1.6,0.8,0.4,0,0,0.2,0,0,0,0,0,10.8,0.5,0,0,0,0,0,0,0,0,0,5.9,0.1,0,0,0,0,0,0,0,0,0,0,0,0,0,0,0,0,0,0,0,0,0,0,0,0,0,0,0,0,0,0,0,0,0,0,0,0,0
23.5,87.5,307,0,0,0,0,0,0,0,0,0,0,0,0,0,0,0,0,0,0,0,0,0,0,0,0,0,0,0,0,3.5,8.4,0,0,0,0,0,0,0,0,0,0,0,0,0,1.3,5,0,0,0,0,0,0,0.2,0,0,0,0,0,0,4.3,0.2,0,3.6,4.4,0,0,0,0,0,0,0,0,0,0,0,0,0,0,0,0,0,0,0,0,0,0,0,0,3.6,0,0,0,0,0,0,0,0,0,0,0,0,0,0,0,0,0,0,0,0,0,1.7,0.6,0,0,0,0,1.1,14.8,0.7,0,0,0,0,0,1,0,4.6,11.4,18.9,7.1,2.6,3.5,26.4,0,0,0,0,0.7,0,0,0,0,0,0,0,0,0,0,0,0,0,0,0,0,0,0,0,4,9.1,9,0,1.8,23.1,0,4.7,0,0,3.1,0,0,2.7,1.2,4.5,0,3.4,0,10.9,25.9,22.1,0,0,0,0,0,1.2,5,5.3,0,0,0,8.6,12.8,14.3,14.9,2.4,0.5,11.1,7.4,10.8,0.8,4.1,26.8,13.8,17.1,16,8.9,19.7,7.2,15.8,7.7,4.9,11,19,15.8,24.4,13.9,14.9,31.2,31.8,2.5,25.3,45.5,4.9,37.5,22.8,41.7,3,0.6,0,11.6,9,7,1.3,4.6,4,0,0,0,0,1,1.2,9.8,5.9,9.4,4.8,0.3,0,5.8,6.3,9.1,47.5,9.7,24.5,1.3,0,0,1.5,45.7,72.9,5.1,4.2,7.9,1.4,1.2,7.2,6.1,6,0.6,2.6,1.4,0,0.8,3.2,17.3,9.8,1.3,12,0,0,0,0,0,0.2,0,6.1,4.3,37.6,8.8,0,0,0,9.5,0.5,20,21.1,0,0,0,0,0,0,0,0,0,0,0,0,0,0,0,0,0,0,0,0,0.6,0,0,0,0,0,0,0,0,0,0,0,0,0,0,0,0,0,0,0,0,0,0,0,0,0,0,0,0,0,0,0,0,0,0,0,0,0,0,0,0,0,0,0,0,0,0,0,0,0,0
24.5,87.5,308,0,0,0,0,0,0,0,0,0,0,0,0,0,0,0,0,0,0,0,0,0,0,0,0,0,0,0,0,1.5,1.5,0,0,0,0,0,0,0,0,0,0,0,0,0,0,4.1,0,0,0,0,0,0,0.7,0,0,0,0,0,0,0.2,0.3,0,0,0,0.1,0,0,0,0,0,0,0,0,0,0,0,0,0,0,0,0,0,0,0,0,0,0,0,0,0,0,0,0,0,0,0,0,0,0,0,0,0,0,0,0,0,0,0,0,0,0,0,0,0,0,0,2.1,1.2,11.4,0,0,0,0,0,1.3,0,0,2.9,3.9,9.2,4.1,0,0,0,0,0,0,12.2,0,0,0,0,0,0,0,0,0,0,0,0,0,0,0,0,0,0,0,0,0,4.9,0,6.8,0,0,8.1,1.1,0,0,3.3,3.2,8.6,0,7.9,0.4,10.7,0,0,17.7,4.2,3,1.2,0,0,0,0,2.8,0,0,0,0,16.2,17.3,32,4.6,3.3,1,0,5.4,7.8,1.2,3.9,0.2,0,3,16.2,17.4,32.7,24.7,46,23.5,20.5,1,11.1,7.9,21.9,47.3,40.2,15.3,67.6,4.5,18.4,16.1,20.7,67.3,22.2,24.9,16,35.7,0,6.2,12.9,10.5,7.6,1.6,1.1,0,0,0,0,1.3,4.6,1.5,3.6,3,0.8,0.7,0,2.1,0,39.7,54.3,37.7,0.5,0,0,0,11.5,4.9,21.1,40.1,4.4,0,0,0,0,2.2,0.4,0,0,0,0,4.1,0,2.1,0,1.5,3.6,0.2,0,0,0,0,5.9,1.3,1.4,18.4,35.6,33.1,0,0,0,0,0,17.6,27,0,0,0,0,0,0,0,0,0,0,0,0,0,0,0,0,0,0,0,0,0,0,0,0,0,0,0,0,0,0,0,0,0,0,0,0,0,0,0,0,0,0,0,0,0,0,0,0,0,0,0,0,0,0,0,0,0,0,0,0,0,0,0,0,0,0,0,0,0,0,0
25.5,87.5,309,0,0,0,0,0,0,0,0,0,0,0,0,0,0,0,0,0,0,0,0,0,0,0,0,0,0,0,0,7.1,0,0,0,0,0,0,0,0,0,0,0,0,0,0,0,0,0,0,0,0,0,0.7,0,0,0,0,4.2,0,4.2,0,4.9,0,0,0,0,0,0,0,0,0,0,0,0,0,0,0,0,0,0,0,0,0,0.1,0,0,0,0,0,0,0,0,0,0,0,0,0,0,0,0,0,0,0,0,0,0,0,0,0,0,0,0,0,0,0,0,0,0,18.4,9.9,0,0,0,0,0,0,0,1.4,0,32.2,0,0,0,0,0,0,0,8.8,0.8,0,0,0,0,0,0,0,0,0,0,0,0,0,0,0,0,0,0,0,0,28.9,2.5,0,0,0,0,0,0.8,0,0,0,13.2,9.6,2.3,1.4,36.5,2.9,5.3,0,16.6,2.3,0,1,0,0,0,0,15,0,0,0,0.7,17.9,11.6,5.4,3.4,0,0.3,0.2,0.1,1.1,0,0,0.4,0,1.3,13.2,30.8,104.8,21.7,1.5,0.1,4.9,15.8,14.1,9.2,5.4,23.4,47.1,41.5,18.8,6.8,5.1,3.4,29.2,32.1,59.3,26.7,14.8,3.8,11,7,10.5,5.1,0.9,25.9,22,0,2.4,0.6,0.3,5.3,47.5,2.8,1.8,0.1,2.8,2.8,0,0,8.7,7.3,13.7,4.8,0,0,3.2,24.2,2.3,12.7,19.6,62.1,74.5,0.3,0,0,11.8,3.8,0.4,0,0,0,0,0,0,4.2,4.9,0,0,5.6,0,0,0,0,0.1,0.7,68.8,40,1.5,0,0,0,0,0,0,3.1,2.4,0,0,0,0,0,0,0,0,0,0,0,0,0,0,0,0,0,0,0,0,0,0,0,0,0,0,0,0,0,0,0,0,0,0,0,0,0,0,0,0,0,0,0,0,0,0,0,0,0,0,0,0,0,0,0,0,0,0,0,0,0,0,0,0,0,0,0,0,0,0,0
26.5,87.5,310,0,0,0,0,0,0,0,0,0,0,0.1,0,0,0,0,0,0,0,0,0,0,0,0,0.1,0,0,0,0,11.9,0.3,0,0,0,0,0,0,0,0,0,0,0,0,0,0,0,0,0,0,0,0,0,0,0,0,0,0,0.6,0,0,13.2,0,0,0,0,0,0,0,0,0,0,0,0,0,0,0,0,0,0,0,0,0,0,0,0,0,0,0.4,0,0.5,1.5,0,0,0,0,0,0,0,0,2.2,0,0.2,0,1.6,0,0,0,0.1,0,6.5,0,0,0.3,0,0,0,0,47.9,7.9,0.4,0,0,0,0.1,0,0,6.3,0.9,47.2,0,0.3,0,0.1,0,0.1,0,6.4,0.2,0.5,0.1,0,0,0,0,0,0,0,0,0,0,0,0,0.2,0,0,0,0,0,24.1,5.3,0,1,0,0,0.4,1.9,0,28.3,7.7,12.8,14.3,2.5,10.8,20.9,23.8,0.3,0,29.4,35.1,3.8,2.2,0,8.1,0.3,0.3,0.8,0,0,0.4,7.5,24.2,8.2,2.5,1.7,0.3,19.8,1.8,19.7,2.2,2,7,2.2,0.5,0.5,7.6,24.6,38.9,19.3,1.4,2,13.2,36.3,11.4,22.3,29.7,37.4,35.4,74.3,6.1,8.9,12.4,5.9,36.8,63.6,46.4,16.9,27,17.7,40.5,7.7,7.8,8.3,8.9,24.3,12.4,11.9,21.5,5.8,1.1,4,36,0.5,5.6,7.2,4.8,0,0.4,30.7,17.1,2.6,2.9,2.3,0,0,0,2.9,47.9,30.3,24.8,58.4,117.7,0.3,0.9,0,0.5,1.7,0,0,0,0,1.3,0.3,0.3,0.6,0,15.2,0,5.7,0,0,0,0,0,0,26.8,23.8,0.4,0,0,0,0,0,0,1.5,0,0,0,0,0,0,0,0,0,0,0,0,0,0,0.2,0,0,0,0,0,0,0,0,0,0,0,0,0,0,0,0,0,0,0,0,0,0,0,0,5.9,0,0,0,0,0,0,0,0,4.4,0,0,0,0,0,3.9,0,0,0,0,0,0,0,0,0,0,0,0,0,0,0,0,0
21.5,88.5,311,0,0,0,0,0,0,0.5,0,0,6.7,0,0,0,0,0,0,0.4,0,0,0,0,0,0,0,0,0,0,0,0,10.9,0,0,0,0,0,0,0,0,0,0,0,0,0,0,0,1.2,0.3,0,0,0,0,0,1.1,26.6,3.8,6.9,0,0,0,17.2,0,0,0,0,0,0,0,0,0,0,0,0,0,0,0,0,0,0,0,0,0,0,0,0,0,0,0,0,0,0.2,0.1,0,0,0,0,0,0,0,0,0,0,0,0,0,0,0,0,0,0.5,0,0,0,0.5,0,0,0,0,10.5,0,9.3,0,0,0,0.6,0,0.1,11.7,0,0,0,0,15.1,0,0,0,0,2.8,38.8,0.4,0,0,0,0,0,0,0,0,0,0.3,0,0,0,0,0,0,0,0,3,0,0,0.2,0,0,0,1.1,0,0,0,1.6,1.2,2.9,0,1.8,0.3,6.5,2.7,0.6,0,19.4,2.6,5.6,2.7,3.6,0.6,0.4,2.7,0.3,0,1,9.2,62.5,17,10.8,0.2,3.7,23.5,8.9,1.5,0.9,0.2,10.9,69.3,3.9,22.7,2,14.3,1.7,1.5,0,14.8,0,23.1,15.3,34.5,4.5,0,3.6,18.2,0.2,20.6,4.1,0.1,0,0,0,1,0.5,0,12.7,1,3.4,2.2,1.2,0.3,0,0.5,0,0.6,6.2,3.7,3,9.5,23.1,40.5,15.8,0.2,0,0,0,1.6,30.6,25.6,0.3,0,17.2,4.2,206.1,6.5,7.1,0.6,0.5,0,0.9,8.4,11.7,7.5,14.2,6.1,7.4,8.3,15.1,23.5,2.5,5.5,3.5,11.8,0,1.8,0,4.2,6.5,2.2,0,0,4.5,0.9,11.9,0,0,7.9,26.6,6.7,11,0.7,0,1.8,13.7,0,1,0,0,0,0,0,0.3,0.6,0.6,0,0,1,0.9,0,0,0,3.4,2,19.4,0,0,0,0,0,0,0,0,0,4.5,0.5,3.7,0,0,0,0,0,0,0,0,0,0,0,0,0,0,0,0,0,0,0,0,0,0,0,0,0,0,0,0,0,0,0,0,0,0,0,0
22.5,88.5,312,0,0,0,0,0,0,2.6,0,0,0,0,0,0,0,0,0.5,0,0,0,0,0,0,0,0,0,0,0,0,0,8.7,0,0,0,0,0,0,0,0,0,0,0,0,0,0,0.4,5.7,8.8,0,0,0,0,0.4,0.1,0,27.2,2.4,0,0,0,3.4,0,0,0.7,0,0,0,0,0,0,0,0,0.8,0,0,0,0,0,0,0,0,0,0,0,0,0,0,0,0,0.4,0,0,0,0,0,0,0,0,0,0,0,4.2,0,0,0,0,0,0,0,0,1.7,0,0,5.5,0,0,0,0,20.4,0.7,5.3,0,0,0,7.8,0,6.5,13.5,2.2,0,0,0,10.3,0,0,0,0,0,9.6,0.6,0,0,0,0,0,0,0,0,0,5,0,0,0,0,1.1,0,0,0,1.9,0,0,28.6,0,0,0.2,7.9,0,0,0,1.9,11,4.7,0.2,0,0,1.6,39.5,4.3,1,10.3,0.2,5.1,0.5,0.4,0.4,3.8,3.3,4.4,2,10.3,15.3,23.7,9.8,6.1,0.4,16.9,3.5,2.7,9.9,7.3,4.4,2.7,41.5,10.1,5,14.3,30.3,0.5,2.6,2,37,0.3,2.8,13.2,17.2,6.7,0.9,76.7,4,9.6,0.7,2.5,0.9,0,0.8,1,0,0,0,6.1,15.9,7.8,0,0.3,8.2,0,0.5,0.5,2,0,5.4,4.1,8.6,12.2,70.8,2.3,0,0,0.3,0.3,14.1,42.9,13.9,4.5,0.4,0.5,6.5,51.8,15.1,1.8,4.8,0.8,0.2,2.6,0.3,25.3,0.2,1.4,13.8,1.1,0,0.2,1.2,15.2,2.3,5.5,3.2,0,1,0,0.7,0.7,6.1,0,0.3,2.1,0.6,5.4,0,0,2.4,27.4,7.1,12.4,0.7,0,5.6,0,0,0,0,0,0,0,0,3.2,2.3,6.9,0,0,0,2.1,0,0,0,0,0,0.1,0,0,0,0,0,0,0,0,0,0,0,0,0,0,0,0,0,0,0,0,0,0,0,0,0,0,0,0,0,0,0,0,0,0,0,0,0,0,0,0,0,0,0,0,0,0,0,0
23.5,88.5,313,0,0,0,0,0,0,0,0,0,0,0,0,0,0,0,0,0,0,0,0,0,0,0,0,0,0,0,0,1,5.1,0,0,0,0,0,0,0,0,0,0,0,0,0,0,3.1,6.4,0.1,0,0,0,0.4,5.2,0,0,0.2,1.9,0,0,0,0,0,0,6,0,0,0,0,0,0,0,0,0,0,0,0,0,0,0,0,0,0,0,0,0,0,0,0,0,0,0,0.8,0,0,0,0,0,0,0,0,0,0,0,0,0,0.3,0,0,0,0,4.5,0,0,6.9,0,0,0,0,36.7,18.7,1,0,0,0,0,0,6.7,1.4,9.8,0,0,0.6,1.9,0,0,0,0,0,5.5,0,0,0,0,0,0,0,0,0,0,0,0,0,0,0,0,0,0,0,1.7,0,0,12.2,0,0,8.2,66.8,0,0,0,58.3,36.7,0,0,0,0,14.6,0.4,1,0.8,5.1,0,0,1.2,0,0.6,6.5,1.4,0,0,0.5,2.4,4.3,4.9,2.7,0,0.3,0,0,7,0,1.5,5.8,25.5,11.3,5.6,2.7,12.3,2.3,17.2,70,5.4,14.2,12.6,0.2,2.8,0,2.5,63.8,28.1,0.2,0,0.2,38.8,1.5,1.1,31.1,0.4,0,0,0.6,17.8,24.4,0,3.4,0,0,0.2,0,0.1,0,0,2,0.8,0.1,4.5,4,0,0,12.5,11.5,0.3,8.1,3.2,0.6,0,0,0,19.5,17,7.5,12.5,0.4,7.7,15.1,0,10.3,3.8,0,3.1,11.5,0,0,1,1.1,0,8.5,0.2,0,0,0,0,24.9,0,0,0,12.2,24.2,0.3,0,0,17,19.6,12.9,3.8,7.4,0,0,0,0,0,0,0,0,0,0,0,1,0,0,0,0,0,0,0,0,0,1.1,0,0,0,0,0,0,0,0,0,0,0,0,0,0,0,0,0,0,0,0,0,0,0,0,0,0,0,0,0,0,0,0,0,0,0,0,0,0,0,0,0,0,0,0,0,0,0,0,0
24.5,88.5,314,0,0,0,0,0,0,0,0,0,0,0,0,0,0,0,0,0,0,0,0,0,0,0,0,0,0,0,0,1.3,3,0,0,0,0,0,0,0,0,0,0,0,0,0,0,8.1,0,0,0,0,0,6.3,0.2,0,0,0,4.2,0.5,0,0,0,0,0,0.6,0,0,0,0,0,0,0,0,0,0,0,0,0,0,0,0,0,0,0,0,0,0,0,0,0,0,0,0,0,0,0,0,0,0,0,0,0,0,0,0,0,0,0,0,0,0,2.3,0,0,0.3,0,0,0,0.4,2.4,0,0,0,0,1.1,0,0.5,0,0.5,6,1,0.4,10.6,1.5,0,0,3.1,0,2.6,4.7,0,0,0,0,0,0,0,0,0,0,0,0,0,0,1.2,0,0,0,0,2.3,0,0,17.4,0,0,16.2,3.6,0,0,0,0.9,14.6,0.4,3.9,0,3.7,5.5,0,2.8,1.4,0.6,0.7,0,0,0.2,4.1,0.5,0,0,0,2.6,4.2,13.1,18.5,15.3,0,1.6,0,2.5,4.9,0,10.2,0,0.3,11.1,6.8,26.4,80,22.9,9.5,14.4,47,5.9,30.5,2.1,8.6,14.7,32.3,13.6,20.1,8.2,5.6,8.7,42.6,49.7,14.4,39.1,27,7.8,0,1.3,10.8,2,2.4,7,0.4,0,3.4,0,1.5,3.7,9.3,0.3,2.1,0,3.6,6,0,0,13.5,18.8,16.3,13.1,0.7,0,1,5.7,2.8,5.4,14.9,26.6,6.5,0,14.5,13.1,0.6,2.4,2.3,0,0.8,0,0,0.9,0,0.8,0.3,3.7,3.1,0,0,0,0,0,1.3,0.3,8.5,11.3,24.9,12.7,0,0,0,0,0,11.2,67.3,0,0,0.8,0,0,0,0,0,0,0,0,0,0,0,0,0,0,0,0,0,0,0,0,0,0,0,0,0,0,0,0,0,0,0,0,0,0,0,0,0,0,0,0,0,0,0,0,0,0,0,0,0,0,0,0,0,0,0,0,0,0,0,0,0,0,0,0,0,0,0,0
25.5,88.5,315,0,0,0,0,0,0,0,0,0,0,0,0,0,0,0,0,0,0,0,0,0,0,0,0,0,0,0,0,4.7,1.9,0,0,0,0,0,0,0,0,0,0,0,0,0,0,0,0,0,0,0,0,0.3,0,0,0,0,13,2.1,1.6,0,0.8,0,0,0.9,0,0,0,0,0,0,0,0,0,0,0,0,0,0,0,0,0,0,0,0,0,0,0,0,0,0,3.9,0,0.3,0,0,0,0,0,0,0,0,0,0,0,0,0,0,0,0,2.8,0,0,3.6,0,0,2.2,0.1,5.6,3.4,0.1,0.1,0,0,3.5,1.3,0.6,2.3,0,27.2,0,0,0.2,1.9,0,0,8.4,5.4,0.5,19.3,2.7,0,3.4,2.1,2.7,1.3,0,0,0,0,0,0,2.2,2,1.5,1.7,0,4.5,0,16,0.5,0.8,3.2,2,3.8,0.1,12.2,1.6,13.3,0,3.4,25.9,5.1,14.9,8.6,0.5,4.3,1.7,12.9,17.1,6.8,5.5,0.3,4.2,5.6,3.8,11,2.1,3.9,0.8,9.6,10.3,6.3,10,5.9,0,2.7,2.3,6.4,1.4,0.8,1.3,0.7,0.7,1.6,6.4,37.4,154.5,10.1,4.2,17.5,10.2,13.8,32.5,13.7,6.8,39.3,55.7,12,14.2,21.1,1.5,8.8,33.5,47.4,38.6,18.2,75.1,28.3,30.8,5.6,7.8,10.7,11.4,7.8,18.3,4.5,11.3,15.7,0.9,11.7,31.4,1.1,0.6,0,5.3,9.1,0,0.5,14.5,12.1,4.9,9,0,0,1.1,24,8.5,2.3,8.8,42.7,30.6,8.8,0,1.2,4.5,3.6,6.4,0,0,0,0,0,0.4,1.6,1.9,2,6.2,3.1,0,0,0,0,0,0.8,50.3,35.4,2.5,0,0,0,0,0,0,0.9,4,0,0,2.2,0,0,0,0,0,0,0,0,0,0,0,0,0,0,0,0,0,0,0,0,0,0,0,0,0,0,0,0,0,0,0,0,0,0,0,0,0,0,0,0,0,0,0,0,0.4,0,0,0.1,0,0,0,0,0,0,0,0,0,0,0,0,0,0,0,0,0,0,0,0
26.5,88.5,316,0,0,0,0,0,0,0,0,0,0,0.3,0,0,0,0,0,0,0,0,0,0,0,0,0.3,0,0,0,0,9.5,11.7,0,0,0,0.2,0,0,0,0,0,0,0,0,0,0,0,0,0,0,0,0,0,0,0,0.4,0,0,6.1,0,0,0.1,0,0,0,0,0,0,0,0,0,0,0,0,0,0,0,0,0,0,0,0,0,0,0,0,0,0,1.1,0.2,1.3,23.9,0.4,3.3,0,0,0,0,0,0,6.9,0.1,0.6,0,4.7,0,0,0,0.3,0,23.9,0,0,22.5,0,0,13.1,0.8,25.1,13.1,3.3,0.8,0,0,3.1,7.5,3.5,13.9,3.2,31.9,0.9,0.7,1.7,11.8,0.4,0.3,0.1,16.7,0.6,38.5,16.3,0.2,20.6,13.1,17.2,8.1,0,0,0,0,0,0.2,12.9,13.4,9,11.2,0,26.4,0.2,7.2,0.6,5.1,21.2,11.9,22.5,6.7,76,9.3,82.2,0.5,1.2,147,24.3,86.3,7.3,0,4.3,10.3,70.5,91.3,40.5,30.2,4,27.9,33,24.5,34.9,11.8,24.2,5.1,23.9,23.7,20.1,5.9,8.5,0.8,18.5,18.3,8.5,8.3,6.4,11.1,12.1,1.2,8.5,22.9,13.4,40.1,5.7,0.8,1.6,15.7,20.4,20.7,46.5,43.1,69.7,34.5,20,39,7.7,7.3,17.1,14.5,58.6,12.8,16.8,32.1,168.9,183.7,15.5,6.6,59.9,65.2,24.2,69.1,26.4,64.9,96.5,6.7,9.9,0.4,1.2,0,0,9.4,0,3.8,7.3,54.6,40.2,4.3,1.3,1.7,0,0,0,49.6,3.9,21.8,75.2,52,52.2,4.5,9.4,0,0,0.9,0,0,0,3.3,0.8,3.7,1.5,0.4,9.6,37.4,6.5,1.7,0,0,0,0,4.5,22.4,60.4,5.3,0,0,0,0,0,0,0,0,0,0.2,0,0,0,0,0,0,0,0,0,0,0,0.5,0.2,0,0,0,0,0,0,0,0,0,0,0,0,0,0,0,0,0,0,0,0,0,0,0,0,0,0,0,0,0,0,0,0,2.6,0.3,0.2,0.6,0,0,0,0,0,0,0,0,0,0,0,0,0,0,0,0,0,0,0,0
27.5,88.5,317,0,0,0,0,0,0,0,0,0,0,1.1,0,0,0,0,0,0,0,0,0,0,0,0,1.1,0,0,0,0,15.8,4.6,0,0,0,0.8,0,0,0,0,0,0,0,0,0,0,0,0,0,0,0,0,0,0,0,0,0,0,9.1,0,0,0.4,0,0,0,0,0,0,0,0,0,0,0,0,0,0,0,0,0,0,0,0,0,0,0,0,0,0,3.7,0.8,4.3,3.7,0,7.9,0,0,0,0,0,0,26.3,0.4,2,0,17.5,0,0,0,0.9,0,29.7,0,0,4.8,0,0,1.2,0,36.5,23,8.8,0,0,0,1.4,0.7,0.3,6.4,12.9,10.9,0.5,2.3,0.6,2,0,0.9,0,1.6,1.6,8.1,2.4,0,2,1.4,1.8,0.8,0,0,0,0,0,0,1.2,5.1,0.9,8.3,0,2.5,0,7.7,0,0.8,10.2,1.1,2.2,28.2,27,1.1,19,1.5,4,44.4,12.8,8.5,2.5,0,0.4,1.7,137.6,24,4.6,21.2,8.3,11.4,16.5,8.7,15.8,1.6,2.9,1.1,45.4,2.2,43.3,20.8,17.1,2.6,9.8,16.8,9.7,4.4,9.3,13.2,37.2,3.9,0.8,45.5,36.9,83.3,19,2.6,5.3,45.9,35.3,14.6,17.8,33.1,53.7,15,11.2,5.9,0.7,29.5,4.2,18.6,41.2,22.8,9.6,13.2,46.2,72.2,10.6,18,13.6,15.9,10.4,7,2.5,6.5,22.2,5.8,25.1,1.5,4,0,0,0.9,0,19.1,18.1,55.9,32.5,11.8,4.3,9.9,0,0,0,12.2,8.4,55.6,88.6,26.7,5.7,20,1.6,0,0,4.9,0,0,0,11,2.7,6.2,3.9,0,0.9,3.6,1.4,9.9,0,0,0,0,5.3,2.6,6.2,0.7,0,0,0,0,0,0,0,0,0,0.6,0,0,0,0,0,0,0,0,0,0,0,1.7,1.2,0,0,0,0,0,0,0,0,0,0,0,0,0,0,0,0,0,0,0,0,0,0,0,0,0,0,0,0,0,0,0,0,0.2,0,1.2,0,0,0,0,0,0,0,0,0,0,0,0,0,0,0,0,0,0,0,0,0
28.5,88.5,318,0,0,0,0,0,0,0,0,0,0,1.2,0,0,0,0,0,0,0,0,0,0,0,0,1.1,0,0,0,0,16.4,3.9,0,0,0,0.8,0,0,0,0,0,0,0,0,0,0,0,0,0,0,0,0,0,0,0,0,0,0,9.4,0,0,0.4,0,0,0,0,0,0,0,0,0,0,0,0,0,0,0,0,0,0,0,0,0,0,0,0,0,0,3.8,0.8,4.4,1.5,0,8.7,0,0,0,0,0,0,27.8,0.4,2.1,0,18.3,0,0,0,1,0,30,0,0,2.8,0,0,0,0,37.3,24.3,9.4,0,0,0,1.1,0,0,5.4,13.7,8.5,0.4,2.4,0.5,0.9,0,0.9,0,0,1.6,4.8,1,0,0,0,0,0,0,0,0,0,0,0,0,4.2,0,8.3,0,0,0,7.6,0,0.4,8.7,0,0,31.2,21.8,0.2,12.2,1.5,4.3,32.6,11.5,0,1.9,0,0,0.8,146.1,17.3,0.9,19.4,8.9,9.2,15.2,7,13.9,0.5,0.5,0.7,47,0,45.7,21.7,18.3,2.7,8.5,16,10,3.8,9.8,13.1,39.9,4,0,47.3,39.2,86.7,20.4,2.6,5.4,48.5,37.4,13.7,14.7,31.4,51.8,12.8,10.5,2.4,0,32,2.8,18.1,39.9,23.7,8.4,10.9,34.4,60.6,10.1,19.5,8.2,10.8,8.7,0.6,0,0.4,14.8,5.7,26.8,1.5,4.2,0,0,0,0,21.3,19.6,55.9,31.6,12.3,4.4,11.1,0,0,0,8.5,8.9,57.6,89.7,23.9,0.8,21.8,0.4,0,0,5.6,0,0,0,11.3,2.8,6.6,3.9,0,0,0,0.8,11.1,0,0,0,0,5.6,0.6,0.6,0,0,0,0,0,0,0,0,0,0,0.6,0,0,0,0,0,0,0,0,0,0,0,1.7,1.4,0,0,0,0,0,0,0,0,0,0,0,0,0,0,0,0,0,0,0,0,0,0,0,0,0,0,0,0,0,0,0,0,0,0,1.4,0,0,0,0,0,0,0,0,0,0,0,0,0,0,0,0,0,0,0,0,0
26.5,89.5,319,0,0,0,0,0,0,0,0,0,0,0,0,0,0,0,0,0,0,0,0,0,0,0,0,0,0,0,0,0.8,1.8,0,0,0,0,0,0,0,0,0,0,0,0,0,0,0,0,0,0,0,0,0,0,0,0,0,0,15.2,0,0,0,0,0,0,0,0,0,0,0,0,0,0,0,0,0,0,0,0,0,0,0,0,0,0,0,0,0,0,0,0.3,27.6,26.8,0.6,0,0,0,0,0,0,0.2,0,0.8,0,0,0,0,1,1.3,4.2,9.3,2.4,0,43.5,0,0,0.9,3,72.6,8.9,36.5,0,0,0.5,17,5.7,0.1,16.4,0,34.4,26.4,0.8,13.6,13.2,0,0,7.7,21.5,7.2,1.2,0.5,0,31.4,70.7,105.3,15.8,0,0,0,4,0,14.2,16.2,45.7,12.9,5.6,1.5,18.9,13.9,3.3,0,3.6,3,21.9,33.3,48.7,4.5,2.3,77.8,4.7,20.4,281.7,33.5,211.8,6.4,0,0.1,5.2,28.5,56.1,4.4,0.9,37.1,43.5,7.1,39.5,1.5,22.3,85.6,0.5,16,0.8,13.6,0,0.3,2.7,0.9,0.5,4.7,8.6,0.2,2.6,0.4,0,0.3,9.1,4.3,25.3,0.6,0,1.6,28.7,3.4,55.6,35.4,37.3,62.8,60.2,4.9,1.2,0.2,1,3.6,74.9,65.5,56.8,28.4,168.3,28.9,8,15.6,0.2,150.8,35.4,142.3,12.9,14.6,46.7,139.1,48.4,0.6,0,0,0,0,1.3,0,1.7,52.2,34.6,55.6,1.6,0,0,0,0,0,8.4,0.1,2.4,58.9,95.1,61.2,3.4,161.2,0,0,0,0,0,0,0,0,0.1,2.7,3.8,22.8,56.7,30.6,0,0,0,0,0,19.2,4.4,26.6,75.2,0,0,0,0,0,0,0,0,0,0,4.6,0,0,0,0,0,0,0,0,0,0,0,0,0,0,0,0,0,0,0,0,0,0,0,0,0,0,0,0,0,0,0,0,0,0,0,0,0,0,0,0,0,0,0,0,0,23.1,0,1,0,0,0,0,0,0,0,0,0,0,0,0,0,0,0,0,0,0,0,0
27.5,89.5,320,0,0,0,0,0,0,0,0,0,0,0.3,0,0,0,0,0,0,0,0,0,0,0,0,0.3,0,0,0,0,9.2,5.3,0,0,0,0.2,0,0,0,0,0,0,0,0,0,0,0,0,0,0,0,0,0,0,0,0,0,0,10.2,0,0,0,0,0,0,0,0,0,0,0,0,0,0,0,0,0,0,0,0,0,0,0,0,0,0,0,0,0,0.9,0.2,1.2,15.2,9.3,6.4,0,0,0,0,0,0,10.3,0,0.8,0,6.2,0,0,0.3,0.7,1.4,19,0.8,0,20.5,0,0,3.3,1.2,44.9,18,17.5,0.2,0,0.2,6.8,3.7,0.8,9.7,5.8,21.8,9.3,0.8,5.1,7.3,0,0.2,2.7,11.1,2.9,10,4,0,15.4,27.3,40.1,7.2,0,0,0,1.4,0,4.9,8.5,20.8,6.5,9.8,0.5,12.5,4.8,5.4,0.1,2.5,7.3,10.2,16.5,36.7,26.5,3,49.5,2,9.3,139.6,21.6,92.3,4.2,0,1,4.3,96.7,49.5,10.8,10.5,19.1,22.9,18.4,22.3,14.8,10.4,34.9,1.5,26.9,5.6,28.9,6.5,11.7,1.6,6,7.1,9.2,5.5,7.1,7,20.2,1,2,25.7,20.4,48.5,10.2,0.6,1.8,31,24.6,28.8,27.8,32,58.2,33.3,11.9,9.7,1.8,16.7,5.6,32.2,55.7,32.4,15,69.6,67.2,67.9,13.2,11.5,66.8,31.4,58.5,20.2,11,30.8,78.7,21.1,14.9,0.4,1,0,0,2.6,0,13.6,30.8,47,41.5,5,1.1,7.5,0,0,0,18.2,4.4,21,73.7,54.5,33,12.5,57.6,0,0,3.8,0,0,0,2.7,0.7,4,2,1.4,10,27.9,12.1,7.5,0,0,0,0,11.2,6.7,22.9,27,0,0,0,0,0,0,0,0,0,0.1,1.6,0,0,0,0,0,0,0,0,0,0,0.4,0.9,0,0,0,0,0,0,0,0,0,0,0,0,0,0,0,0,0,0,0,0,0,0,0,0,0,0,0,0,0,0,0,0,0.6,8,0.9,0.5,0,0,0,0,0,0,0,0,0,0,0,0,0,0,0,0,0,0,0,0
25.5,90.5,321,0,0,0,0,0,0,0,0,0,0,0,0,0,0,0,0,0,0,0,0,0,0,0,0,0,0,0,0,0.2,2,0,0,0,0.2,0.2,0,0.4,0,0,0,0,0,0,0,0,2.3,0,0,0,0,1.1,0.4,1.4,0.8,0,0,13.1,0,0,0,0,0,0,0,0,0,0,0,0,0,0,0,0,0,0,0,0,0,0,0,0,0.1,0,0,0,0,0,0,3.6,16.5,14.7,0.5,8.3,3.5,0,0,0,0.9,10.6,3.3,1.2,11.5,0.5,0,0.3,5.8,4.4,4.7,16.9,2.8,1,27.3,0.5,0.5,0.2,1.2,29.7,8,20.8,17.1,6.1,2.6,15.4,10.5,7.3,14.8,1.7,29.9,25,21.6,17.4,47.4,8.3,3.1,6.3,27.3,3.6,1.7,3.9,0.9,17.5,30.8,46.1,6.4,0,0,3.1,3.8,0.4,9.8,6.8,18.8,5.8,5.3,5.1,7.9,6.2,1.8,0.3,2.9,1.9,9.2,13.6,28,1.1,1.9,34,3.5,20.4,129.1,78.2,101.5,6.5,5.4,3.9,7.4,29.1,22.4,13.7,0.7,15.4,25.8,2.5,17.2,2.8,9,36.5,2.2,8.6,1.6,6.2,0.1,2.3,2,0.3,18.5,2,11.3,0.3,6.4,0.6,4.7,21.5,22.4,6.4,34.5,2,3.1,1.1,12.8,4.9,24,18.2,31.9,52.9,50.4,3.2,3.1,0.5,7.3,2.8,45.6,50.3,26.5,11.6,69.8,11.6,5.4,11.8,0,64.8,18,58.9,4.4,5.7,21.4,61.7,20.3,0.5,0.6,3.7,0.2,23.7,2.4,3.9,13.7,27.1,14.8,24.4,6.3,0.2,0,0,1.5,0.2,2.9,0,3.6,35.1,72.5,62.7,7,70.9,0,1,2,0,0,1.8,0.7,0.4,15.9,1.1,1.6,9.3,23.2,13,0,0,0,0,2.4,12,4.2,17.3,48.4,2,0.4,0,0,0,3.4,0.7,5.1,0.1,3.2,4.5,2.4,0,0,0,0,0.3,0,0,0,0,0,0,0,0,0,0,0,0,0,0,0,0,0,0,0,0,0,0,0,0,0,0,0,0,0,0,2,0.5,0,0,0,0,0,0,0.2,9.8,0.9,0.4,0.2,0,0,0,0,0,0,0,0,0,0,0,0,0,0,0,0,0,0,0
26.5,90.5,322,0,0,0,0,0,0,0,0,0,0,0,0,0,0,0,0,0,0,0,0,0,0,0,0,0,0,0,0,0.3,4,0,0,0,0,0,0,0,0,0,0,0,0,0,0,0,1.7,0,0,0,0,0.2,0,0.7,1.9,0,0,17.7,0,0,0,0,0,0,0,0,0,0,0,0,0,0,0,0,0,0,0,0,0,0,0,0,0,0,0,0,0,0,0,2.9,17.1,17.4,0.3,4.2,2.7,0,0,0,1.5,7.2,6.7,5.2,11,1.2,0,0,1.6,3.4,4.7,15.6,3.1,0.8,30.3,0.4,0,0.3,1.9,42.7,6.9,22.9,11.8,6.2,4.8,15.8,13.8,8.7,18.1,1.4,36.2,23.8,16.4,20.3,36.8,14.2,6.6,8.8,28,5.4,0,0.1,0.9,24.9,43.7,65.4,9.7,0,0.9,6,4.3,0.6,14.5,10,26.5,8.8,5.6,7.6,11.1,8.2,1.8,0,2,1.4,12.6,19.1,28.4,4.3,1.9,50.1,3.2,20,182.8,64.6,143.2,5.7,2.2,6.1,14.5,40.1,31.2,3.7,0,21.7,25.2,3.5,23.4,5.5,12.8,49.8,1.2,9,0.3,9.1,0,3.1,2,0.2,7.8,2.9,13.8,0.4,4.3,0.2,2.9,17.5,16.9,3,31,1.2,0,1.1,18,3.7,35.2,26.7,34.7,53.5,55.7,3.1,0,4.1,4.4,2,52.1,58.5,36.6,16.3,99.1,13.8,6.9,20.4,0,90.9,24.2,83.1,6.2,8.5,31.8,85,28.2,0.2,0.3,4.8,0,15.9,1.6,0,0.9,30.8,19.7,34.8,1,0,0,0,1.4,0,4,0,2.8,36.6,76.5,68.2,12.8,94.2,0,0,0.6,0,0,1,0,0.2,9.2,1.6,2.4,15,34,18.1,0,0,0,0,1.8,23.1,5.3,21.5,51.5,2.4,0,0,0,0,0,0,0,0,1.8,4.1,0,0,0,0,0,0,0,0,0,0,0,0,0,0,0,0,0,0,0,0,0,0,0,0,0,0,0,0,0,0,0,0,0,0,0,0,1.9,0,0,0,0,0,0,0,0,13.5,0,0.6,0.4,0,0,0,0,0.3,0,0,0,0,0,0,0,0,0,0,0,0,0,0
27.5,90.5,323,0,0,0,0,0,0,0,0,0,0,0,0,0,0,0,0,0,0,0,0,0,0,0,0,0,0,0,0,0.2,6.3,0,0,0,0,0,0,0,0,0,0,0,0,0,0,0,1.6,0,0,0,0,0.1,0,0.4,3.6,0,0,20.9,0,0,0,0,0,0,0,0,0,0,0,0,0,0,0,0,0,0,0,0,0,0,0,0,0,0,0,0,0,0,0,3.1,12.5,12.8,0.2,2.9,2.9,0,0,0,2.5,6.7,11.7,9.7,14.5,2.2,0,0,1.1,5.4,4.5,19.6,3.7,1.4,24.8,0.9,0,0.2,1.5,31.9,7.1,17.3,12,9.3,8.2,12.9,19.8,14,20.2,2.5,39.7,22.1,19.5,24.9,39.4,25.3,11.6,10.8,28.6,5.2,0.2,0,1.5,24.7,34.2,51.2,7.8,0,1.8,10.9,4.7,0.9,17.3,8.3,19.3,7.9,4.9,12.1,8.7,6,1.3,0,1.5,1,9.2,13.9,20.7,7.2,1.6,43,2.3,19.4,153.1,65.7,125.9,4.3,2.6,11.7,24,52.3,22.7,2.5,0,15.8,18.3,2.6,17,9.4,9.3,36.3,1,6.5,0.2,8.4,0,4.9,1.4,0.2,5.3,2.4,16.9,0.8,2.9,0.2,2.4,21.9,15.8,2.1,26.9,0.8,0,0.8,14.2,2.5,28.7,25.5,31.2,43.3,52.6,2.8,0,8.3,3.1,1.4,43.6,64.1,29.8,11.9,73.5,10.1,10.6,26,0,69.4,21.1,60.7,4.5,6.8,28.7,66.6,20.6,0.1,0.2,7.8,0,17.1,1.1,0,0.7,22.5,15,28.2,0.7,0,0,0,1.9,0,2.9,0,3.2,27.7,71.8,68.7,21,68.7,0,0,0.4,0,0,0.7,0,0.1,14.9,1.2,2,13.3,26.6,13.5,0,0,0,0,3.1,30.6,6.7,21,40.5,3.9,0,0,0,0,0,0,0,0,1.2,2.9,0,0,0,0,0,0,0,0,0,0,0,0,0,0,0,0,0,0,0,0,0,0,0,0,0,0,0,0,0,0,0,0,0,0,0,0,3.1,0,0,0,0,0,0,0,0,9.8,0,0.4,0.6,0,0,0,0,0.6,0,0,0,0,0,0,0,0,0,0,0,0,0,0
23.5,91.5,324,0,0,0,0,0,0,0,0,0,0,0,0,0,0,0,7.5,0,0.2,0,0,0,0,0,0,0,0,0,0,0,0,0,0,0,0,0,0,0,0,0,0,0,0,0,0,0,0,0,0,0,0,48,49.8,0,0,0,0,0,0,0,0,0,0,0,0,0,0,0,0,0,0,0,0,0,0,0,0,0,0,0,0,0,0,0,0,0,1,0,0,49.2,5.8,0,0,0,0,0,0,0,0,0,0,0,0.3,0,0,0,0,0,6.9,0,0,0,16.7,0,0,0,0,0,0.4,0.2,0,0,0,38,39.6,32.6,41.8,25.2,18.2,6,8.2,0.2,0,0,0,0,0,2.4,79.3,0.2,0,0,0,0,0,0,0,0,0,0,0,0,0,0,0,0,0,0,0,10.1,0,0.1,24.2,0,21.6,0,20.4,0.7,25.8,13.3,14.6,0,7.1,24.1,17.4,12.5,0.3,0,0.6,0.2,0,0,0,0,0,0.2,0.6,0,0,5.9,0.6,0,7.2,0,0,14.4,6.4,11.8,0,2.4,0,34.1,33.4,6.4,1.9,15.1,0.3,2.4,18.1,1.5,0.2,16.5,16.8,11.7,30.4,25.1,30.4,2.7,3.9,2.4,9.4,0.4,0.6,3.6,4.6,3.1,6.7,0.7,0.2,0.8,11.4,22.8,1.2,0,0,0,3.6,0,0.7,0,0,2.4,0,0.1,1.1,33.2,60.1,0,10.1,20,37,0,15.7,3.8,7,0.4,1.3,21,44.8,9.3,0.6,0,0.3,2.9,32,20.4,27.5,0.1,27.8,4.2,43.5,1.2,10.1,0,0,0,0,0,0,0.2,0,55,0,12.3,7,11.9,39.2,0.4,0,0,0,0,2.4,0,0,0,134.2,15.7,0.8,0,0,0,0,0,0,0,0,0,0,0,0,0,0,0,0,0,0,0,0,0,0,0,0,0,0,0,0,0,0,0,0,0,0,0,0,0,0,0,0,0,0,0,0,1.1,10.3,0,0,0,0,0,0,0,0,0,0,0,0,0,0,0,0,0,0,0,0,0
24.5,91.5,325,0,0,0,0,0,0,0,0,0,0,0,0,0,0,0,4.1,1.5,0,0,0,0,0,0,0,0,0,0,0,0.7,0.6,0,0,0,0,0,7,0,0,0,0,0,0,0,0,0.3,0.3,0.2,0,0,40.7,34.7,21.7,6.3,0,4.5,4,0,0,11.6,0.1,0,0,0,0,0,0,0,0,0,0,0,0,0,0,0,0,0,0,0,0,0,0,0,0,0,0,0,11.6,1.5,1,4.8,4.8,0,1.4,0,0,0,0,1.5,4.2,13.5,0,0.1,0,0,0,0,23.4,7.5,0,0,15.2,2.3,0,0,0,0,32.6,8.9,0.6,3.9,0.2,39.2,25.2,16.7,11,41.4,156.6,32.9,33.7,20.5,0,4.8,0,0,0,23.7,66,11.4,0,0,0,0,0,0,0,2.8,0.6,0,3,1,0,0.3,0,0,0,2.9,0,10.9,11.9,12.4,0,11.1,8.3,12.5,5.8,1.7,23.7,1.8,1.2,54.1,12.7,26.6,19.5,4.2,16,4.7,7.2,2.7,19.1,9.7,13.6,12.2,15.3,0,1.3,5,20,10.2,9.6,1.3,0.4,1.6,0.7,3.5,3.7,10,13.7,9.3,19.1,9.8,0.7,1.9,1.4,7.5,0.5,9.7,4.5,1.3,0.2,0,4.4,7.2,6.7,12.8,16,8.3,5.6,16.1,0,1.1,6.3,8.6,4,3.4,0.5,2.3,0,1.1,1.1,11.3,31.2,1.4,0,0,0,2.4,11.5,8.4,2.9,9.7,6,0.1,0,1.1,0.2,1.6,8.3,8.7,0.5,0,9.3,0.4,8.7,7.9,0.3,10.5,48.4,18.1,5.3,51,8.1,1.9,16.6,3,2.8,0,0.4,1.2,8.2,21.7,30.7,4.4,1.6,1.1,2.1,0.2,0,4.2,1,14.5,8.6,28.5,16.1,36.3,24.9,8.1,0,0,0,0,2.6,0.4,0,0,14,102.7,0.9,0,0,0,0,0,0,0,0,0,0,0,0,0.4,0,0,0.8,0,0,0,0,0,0,0,0,0,0,0,0,0,0,0,0,0,0,0,0,0,0,0,0,0,0,0.7,1.3,0,0,0,0,0,0,0,0,0,0,0,0,0,0,0,0,0,0,0,0,0,0,0
25.5,91.5,326,0,0,0,0,0,0,0,0,0,0,0,0,0,0,0,0,0,0,0,0,0,0,0,0,0,0,0,0,0,2.3,0,0,0,0,0.9,0,1.6,0,0,0,0,0,0,0,0,1.3,0,0,0,0,2.9,1.8,1.6,0.8,0,0.4,5.7,0,0,0,0,0,0,0,0,0,0,0,0,0,0,0,0,0,0,0,0,0,0,0,0,0.6,0,0,0,0,0,0,2,13.7,4.9,1.1,8.6,2.5,0,0,0,0.9,6.2,3.5,3.2,7.5,0.9,0,1.4,16.2,13.2,3,23.6,3.4,2.5,19,2.2,2.1,0,0,0.3,14.7,16.5,13.3,10.4,1.9,5.9,9.7,10,13.1,5.6,18.7,25.5,23.9,13.6,50.8,9,3.5,2.8,15.9,0.8,7.2,15.2,1.4,3.1,2.9,2.1,0.3,0,0.4,2.6,4.5,0.4,9.3,1.5,0,0.7,2.1,2.9,0.3,1.8,2.4,1.3,6,3.8,1.3,0.7,33.2,2.4,0.6,2.8,3.6,20.6,12.3,75.4,29.5,4.7,12.5,14.6,16.7,13.6,1.5,39.4,2.9,0.4,32.3,0,0.7,2.6,0,5.1,2.9,9.6,5.2,2.6,0.4,3,1.1,0.5,28.7,0.4,5.4,0.2,3.9,0.8,3,16.7,19.2,15.3,17.2,1.5,13,0.4,1.2,2.3,1.9,6.3,11.9,25.7,29.5,5,12.7,3.4,4.5,5.3,32.7,64.3,3.7,0.1,1.8,7.4,5.1,7.6,0,4.3,3.5,1,0,0.2,3.1,10.5,1.4,1.4,0.3,2.2,0.8,26.1,1.5,16.3,54.5,20.6,5.3,1.8,23.1,0.7,0,0,1.1,0.7,0,0,6,31.7,72.7,35.3,4.8,18.1,0,4.1,4.2,0,0,1,2.7,0.2,41.8,0,0,0.8,1.2,1.7,0,0,0,0,5.6,5.3,3.5,7.7,38.9,1.4,1.7,0,0,0,14.1,2.9,21.4,0.4,1.8,1.5,10,0,0,0,0,1.4,0,0,0,0,0,0,0,0,0,0,0,0,0,0,0,0,0,0,0,0,0,0,0,0,0,0,0,0,0,0,2.8,2.1,0,0.1,0,0,0,0,0.9,1.2,3.9,0.1,0.1,0,0,0,0,0.1,0,0,0,0,0,0,0,0,0,0,0,0,0,0
26.5,91.5,327,0,0,0,0,0,0,0,0,0,0,0,0,0,0,0,0,0,0,0,0,0,0,0,0,0,0,0,0,0,5.7,0,0,0,0,0,0,0.1,0,0,0,0,0,0,0,0,3.3,0,0,0,0,0.2,0,0.5,5.6,0,0,30.6,0,0,0,0,0,0,0,0,0,0,0,0,0,0,0,0,0,0,0,0,0,0,0,0,0,0,0,0,0,0,0,6.3,1.1,2.2,0,3.2,2.2,0,0,0,2,10.5,13.9,6.6,25.3,3.6,0,0,0.8,5.4,3.4,35.1,4.7,3.1,11.9,0.3,0,0,0,0.4,7.6,3.7,20.8,7.7,17.1,6.9,35.1,23.9,13.5,2.9,55.1,23.4,28.1,43.5,52.6,51.3,12.3,19.6,33.1,2.8,0,0.1,4.1,29.3,3.8,11.7,0.6,0.3,0.8,21.5,3.1,0.5,11.1,0.5,0,2.7,1.8,29,2.5,0,0,0,0,0,0,0.2,0,2.1,1.4,18.1,0.4,19.8,83.6,69.4,57.2,1.6,5.9,4.3,10.1,100.5,0,1.5,0,0,0.2,0,0.5,13.9,0,0.1,1.2,0.2,0.2,1.5,0.1,2.7,0.3,0,6,0.3,29,2,2.2,0.2,4.3,51.3,25.1,0.6,28.8,0.7,0,0.4,1,1.6,2.4,4.7,29.5,25.2,48.3,0.5,0,2.6,3.2,0.1,23.1,53.1,13.5,0,2.8,0.2,25.7,8,0,10.2,13.7,0.1,0,0.3,11.3,13.1,0,0,0.3,20.4,0,23.3,0.8,0.2,0,0.3,0.3,7.7,0.3,0,0,0,4.5,0,0.2,0,3.9,5.3,64.2,74.2,38.6,0,0,0,0.5,0,0,0.8,0,0.2,33.2,0,0.1,1.2,1.1,0.5,0,0,0,0,8.3,31.8,9.8,21.6,15.2,10.2,0,0,0,0,0,0,0,0,1.4,1.1,0,0,0,0,0,0,0,0,0,0,0,0,0,0,0,0,0,0,0,0,0,0,0,0,0,0,0,0,0,0,0,0,0,0,0,0,8.7,0,0,0,0,0,0,0,0,0,0,0,1.7,0,0,0,0,0.5,0,0,0,0,0,0,0,0,0,0,0,0,0,0
27.5,91.5,328,0,0,0,0,0,0,0,0,0,0,0,0,0,0,0,0,0,0,0,0,0,0,0,0,0,0,0,0,0,13,0,0,0,0,0,1,2.2,1.3,2.1,0,0,0,0,0,0,1.6,0,0,0,0,0.1,0,0.4,5,0,0,18.5,0,0,0,0,0,0,0,0,0,0,0,0,0,0,0,0,0,0,0,0,0,0,0,1.3,0,0,0,0,0,0,0,3.1,1.7,1.3,0,3.9,9.9,0,0,0,5.1,7.6,21,19.2,20.8,7.8,0,0,1.6,10.5,5.2,18.4,3.8,1.5,14.9,3.1,0,0,0.5,2.3,7,2.3,14.5,15.6,12.6,8.9,23.4,24.6,33,9.4,31.8,13.3,29.4,25,50.4,37,21.1,9.7,30,10.2,0.3,0.2,2.1,16.2,15.9,14.6,8,7.3,8,16.2,5.7,3.8,19.7,3.9,0.1,6.3,4,13.5,0.9,0,0,0,0,0,0,3.5,0,15.1,0.7,18,0.3,17.3,39.5,78.3,68.5,2.5,2.5,29,49.6,46,0,4,0,0,1,0,0.5,13,0,0.4,11.1,4.1,0.8,16.1,1.9,10.3,0.3,2,10.3,4,14.4,0.7,1.9,1.4,8.4,26.6,12.3,1,18.1,0.6,0.8,6,4.2,2,18.8,23.1,29.8,32,44.9,3.6,0,16,7.4,0.5,14.7,65.4,8.9,1.8,3.9,2.6,8.8,43.1,0,7.6,11.8,0.5,0,2.7,24.9,23.8,0,0,0.2,7.2,0,25.8,0.7,3.8,0.1,0.3,2,7.4,5.4,0,0,0,1.7,0,4,0,3.3,4.4,42.2,70.3,26.9,0,0,0,0.4,0,0,0.7,0,0.1,17.6,0,0.7,8.8,8.6,0.9,0,0,0,0,3.2,45.1,9.3,12.7,10.4,3.8,0,0,0,0,0,0.5,0,0,1.2,1,0,0,0,0,0,0,0,0,0,0,0,0,0,0,0,0,0,0,0,0,0,0,0,0,0,0,0,0,0,0,0,0,0,0,0,0,13.6,0,0,0,0,0,0,0,0,0,0,0.2,1.9,0,0,0,0,7.6,0.2,0,0,0,0,1.3,0.1,0,0,0,0,0,0,0
28.5,91.5,329,0,0,0,0,0,0,0,0,0,0,0,0,0,0,0,0,0,0,0,0,0,0,0,0,0,0,0,0,0,14.8,0.7,0,0,0,0,1.3,2.6,1.7,2.5,0,0,0,0,0,0,0.7,0,0,0,0,0,0,0,5.2,0,0,17.2,0,0,0,0,0,0,0,0,0,0,0,0,0,0,0,0,0,0,0,0,0,0,0,1.7,0,0,0,0,0,0,0,1.9,1.1,0.4,0,1.5,11.8,0,0,0,7.3,4.1,25.9,24.4,19.2,10,0,0,1.2,12,5.1,15.7,4.3,1.3,14.8,4.2,0,0,0.6,2.7,7.3,6.7,9.5,16.1,12.6,6.9,22.7,26.4,38.1,12.9,28.1,10.5,27.3,23.7,43.5,39.1,25.1,10.3,28.5,12.4,0.4,0.2,2.4,14.9,19.7,16.1,9.9,8.9,10.1,17,6.1,5,21.4,4.6,0.1,7.2,3.3,12,0.7,0,0,0,0,0,0,4.9,0.1,17.7,1.1,18.6,2.3,15.9,35.2,66.3,73.2,1.6,1.5,34.4,58.5,40,0.1,5.8,0.9,0.9,2.5,1.1,0,13.8,0,0.5,12.6,4.9,1.2,19.2,2.3,12.4,0,3.7,6.5,4.7,11.6,0.5,0,1.5,7.9,19.3,6.7,1.5,9.5,0.2,1,7.4,5.2,1.4,21.8,31.4,32.1,31.2,41.6,4.2,0,18.5,6.5,0.6,15.8,68.8,9.8,2.3,4.3,3.2,7,48.2,0.8,7.2,14.7,1,0,3.2,28.3,25.9,0,0.2,0.1,5.3,0,20.4,0,4.6,0.3,0,2.5,7.6,6.5,0,0,0,1.1,0,4.8,0,3.2,3.5,38.6,64.5,26.6,0,0,0,0,0,0,0,0,0,15.5,0,0.9,10.4,10.2,1,0,0,0,0,2.7,50.8,9.5,11.5,7.7,3.9,0,0,0,0,0,0.6,0,0,0,0,0,0,0,0,0,0,0,0,0,0,0,0,0,0,0,0,0,0,0,0,0,0,0,0,0,0,0,0,0,0,0,0,0,0,0,0,15.1,0,0,0,0,0,0,0,0,0,0,0.3,2.1,0,0,0,0,9.4,0.3,0,0,0,0,1.6,0.2,0,0,0,0,0,0,0
22.5,92.5,330,0,0,0,0,0,0,0,0,0,0,0,0,0,0,0,12.1,0,2.7,0,0,0,0,0,0,0,0,0,0,0,1.1,0,0,0,0,0,0,0,0,0,0,0,0,0,0,0,0,0,0,0,0,24.8,23.5,0,4.9,0,1.1,0,0,0,0,0,0,0,0,0,0,0,0,0,0,0,0,0,0,0,0,0,0,0,0,0,0,0,0,0,12.1,0,0,29.9,1.9,0,0,0,0,0,0,0,0,0,0,0,1.5,0,0,0,0,0,6,0,0,0,17.1,12.3,0,0,0,0,3.5,3.4,0,0,0,19.4,31.2,30.3,19.5,24.1,15.5,12.8,15.4,28.5,8.9,0,0,0,0,1.2,52.1,28,0,0,0,0,0,0,0,0,0,0,0,0,0,0,0,0,0,0,15,1.5,0,0,7.4,0,3.3,0,3.9,7.1,26,36.9,28.1,13.6,23.8,5.1,30.3,8.6,7.6,8.2,7.8,8.9,2.1,0,0,0,0,1.1,2.7,7.6,0,8.7,6.9,0,1.1,0,0,15.9,3.7,7.4,6.9,0.4,0,13.4,18.5,5.5,30.4,18.3,13.7,0.4,18.3,2.2,1.1,8.3,12.6,35,20.1,29,28.3,25.9,30.9,0.9,8.4,23.8,7.3,2.9,3.9,19.3,18.2,4.9,2.7,5.9,2.7,4.9,0.2,0,0,0,0.5,0,3.2,0,0,11.5,0,0.5,13.4,14,16.2,0,1.5,35.2,30.1,14.5,6.3,3.2,5,1.7,0.4,23.1,45.8,21.6,10.1,1.9,4.4,11.6,10.8,6.9,29.5,2.2,14.2,32.3,18.1,8.7,6.7,0,0,0,0,0,0,2.2,0,8.3,0,17.2,6.8,11.1,39.4,28.1,0,0,15,0,0.4,0,0,0,32.9,34.9,7.9,0,0,0,0,0,0,0,0,0,0,0,0,0,0,0,0,0,0,0,0,0,0,0,0,0,0,0,0,0,0,0,0,0,0,0,0,0,0,0,0,0,0,0,0,5.1,1.5,0,0,0,0,0,0,0,0,0,0,0,0,0,0,0,0,0,0,0,0,0
23.5,92.5,331,0,0,0,0,0,0,0,0,0,0,0,0,0,0,2.1,12.6,0.6,0,0,0,0,0,0,0,0,0,0,0,2.8,1.2,0,0,0,0,0,8.9,2.8,0,0,0,0,0,0,0,0,0,0,0,0,6.1,27.6,27.5,4.3,3.4,3,2.9,0,2.4,0,0,0,0,0,0,0,0,0,0,0,0,0,0,0,0,0,0,0,0,0,0,0,0,0,0,0,0,0,0.2,18.3,0,0,1.7,0,0,0,0,0,0,0,5.1,9.3,2.2,0,0,0,0,0,5.8,0,0,0,15.5,10.2,0,0,0,0,21.4,2.8,0,3,0.4,21.9,34.2,16.1,12.6,20.6,64.1,32.6,15.7,40.7,8.9,6,0,0,4.5,1.9,45.6,29.3,0,0,0,0,0,0,0,4.5,0,0,1.3,0.3,0,0,2.6,0,0,1.5,12.4,3.6,3.8,0,0,0,0,0,5.1,5.4,25.5,25.2,18.1,28.3,24.7,12.3,34.1,7.2,8.1,6.7,1.4,7.9,12.3,7.7,0,6.8,6.5,3.6,4.1,6.3,0.4,18,11.6,0.6,1.3,1.5,0,18.8,3.9,11.7,7.2,8.7,3,21.3,3.3,4.3,30.8,12.1,13.2,28.3,8.4,1.1,1.7,1.3,8.6,23,11.1,15.4,16.2,22.5,30.2,0,8.8,15.9,8.1,3.6,3.9,16.2,8.2,12.6,0.2,6.5,3.4,8.7,3,0,0,3.2,0.4,2,8.1,5.5,8.2,19.3,3,2.3,6.9,12,6.3,3.5,1.8,29.6,14,12,4.5,0,3.7,3.2,2.4,20.7,46.4,14.2,12.8,37,5.9,11.9,10.8,3.1,20.9,2.2,8.3,18.1,9.8,8.2,8.3,2.1,0.8,0.6,1.9,0,0,0.6,0,0,0,3.2,14.2,20.3,32.8,24.7,0,0,12.4,0,0,0,0,0,24.2,37.4,2.4,0,0,0,0,0,0,0,0,0,0,0,0,0,0,0,0,0,0,0,0,0,0,0,0,0,0,0,0,0,0,0,0,0,0,0,0,0,0,0,0,0,0,0,0,7.8,0,0,0,0,0,0,0,0,0,0,0,0,0,0,0,0,0,0,0,0,0,0
24.5,92.5,332,0,0,0,0,0,0,0,0,0,0,0,0,0,0,6.9,9,1,0,0,0,0,0,0,0,0,0,0,0,9.3,0.4,0,0,0,0,0,22.4,9,0,0,0,0,0,0,0,0.1,0,0,0,0,20.2,38.4,28.2,14.5,0,11.6,3,0,7.6,3.6,0,0,0,0,0,0,0,0,0,0,0,0,0,0,0,0,0,0,0,0,0,0,0,0,0,0,0,0,3.6,0,0.2,2,7.5,0,0,0,0,0,0,0,15.2,21.2,0,0,0,0,0,0,16.2,1.9,0,0.2,21.1,0,0,0,0,0,53.1,0,0,7.1,1.4,33.5,23.9,7,4.6,19.6,165,62.5,23.7,43.6,6.2,16.1,0,0,14.6,13.6,60.5,13.7,0,0,0,0,0,0,0,15.3,0,0,5.5,1.2,0,0.1,8.2,0,0,2.3,0,7.4,7,2.2,0,4.9,2,5.5,15.3,0.3,29.9,1.7,4.5,46.6,11.4,30.7,16.9,14.1,6.6,0.9,2.5,1.2,25.7,23.2,5.4,17.8,11.9,6.2,0.6,1.9,8.9,23.8,21,2.1,4.1,5.5,0.2,9.5,4.4,11.1,9.8,20,17.7,23.1,0.2,11.8,29,11.4,2.9,89.5,11,0,0,4.1,12.5,1.6,2.4,6.2,11.8,2.6,23.4,5.1,0.7,2.1,15.5,8.8,14.1,4.1,0,27.9,0.7,5.8,6.3,21.7,13.7,0,0,10.4,1.4,7,8.6,10.2,27,9.5,10.4,4.7,22,39,11,11.6,7.8,1.6,0,0,3.9,0,5,3.9,6.9,28.2,46.1,9.1,9.9,75,7.7,0.8,12.5,0,1.2,0,0.8,1.4,2.8,9.5,20.6,3.2,1.3,2.5,7.1,0.1,0,3.9,0.4,3.5,1.9,15.6,21.2,38.4,26.1,2.7,0,0,0,0,0.6,0,1.9,0,19,85.9,2.1,0,0,0,0,0,0,0,0,0,0,0,0,0,0,0,0,0,0,0,0,0,0,0,0,0,0,0,0,0,0,0,0,0,0,0,0,0,0,0,0,0,0,0.3,0.6,0,0,0,0,0,0,0,0,0,0,0,0,0,0,0,0,0,0,0,0,0,0,0
25.5,92.5,333,0,0,0,0,0,0.4,0,0,0,0,0,0,0,0,0,0,0.3,0,0,0,0,0,0,0,0,0,0,0,0,2.6,1.1,0,0,0,0.5,0,1.8,0.2,0,0,0,0,0,0,0,1.8,1.6,0,0,0,1.5,0.9,1.4,0.5,0,0.2,2.3,0,0,0,2.2,0,0,0,0,0,0,0,0,0,0,0,0,0,0,0,0,0,0,0,0.3,0.3,2.5,0,0,0,0,0,1.8,7.3,2.7,1.4,3.8,5.4,0,0,0,0.1,11.9,0.5,3.5,9.2,0.2,0,0.7,10.9,14.6,7.2,17.6,2.6,1.3,12,1.6,1.6,0,0,0,21.6,14.4,5.4,6.3,0,12.7,3.1,12,9.3,2.6,15.7,22.8,23,11.8,32.8,4.3,5.1,0.5,6.2,0.2,6.2,13.2,4.8,0.1,0.9,0.2,0,0,0.1,0,2.3,1.3,3.4,1.6,0,0.4,0.6,0,0,0.9,3.9,0.7,3.1,2,0.7,7.1,20,2.8,0.2,2,11.5,10.7,3.7,40.4,19,4.8,14.2,23.2,21.5,2.7,3.7,22.4,6.5,0.3,23.8,0,0.9,4.7,0.3,4.4,1.3,36.4,7.4,5.8,1.4,3.9,5,0.3,63.6,11.7,7.1,0,18,0.4,5.2,5.2,19.9,27.4,5.6,4.9,22.8,2.7,2.1,4.3,0.9,8.6,11.6,23.9,22.6,4.3,8.6,1.9,3.7,3.7,25.1,39.3,3.5,0.2,0.9,5.1,3.3,2.6,0.8,2.1,5.1,1.2,0,0.7,3,11.5,1,2.2,0.4,0.3,0.5,16.1,5.5,8.8,28.6,10.8,6.7,1.8,20.1,10.9,0,0,0.3,4.9,4.7,0.4,4.4,20,42.8,12.4,0.6,9.8,0,2.2,2.1,6.8,0,0.3,1.4,0,21.5,9.9,0,0,0.7,0.8,0.4,0,0,0,2.8,4.1,1.9,5.4,43.1,4.9,4.3,0,0,0,8,1.5,11.2,0.2,0.6,0.5,6.5,0.7,0,0,0,0.7,0,0,0,0,0,0,0,2.3,0,0,0,0,0,0,0,0,0,0,0,0,0,0,0,0,0,0,0,0,0,0,1.1,1.1,0,0,0,0,0,0,2.3,0.6,2.3,0,0,0,0,0,0,0,0,0,0,0,0,0,0,0,0,0,0,0,0,0
26.5,92.5,334,0,0,0,0,0,0,0,0,0,0,0,0,0,0,0,0,0,0,0,0,0,0,0,0,0,0,0,0,0,9.7,6,0,0,0,0,1.2,3.7,2,2.4,0,0,0,0,0,0,1.9,0,0,0,0.1,0,0,1,0.8,0,0,7.1,0,0,0,0,0,0,0,0,0,0,0,0,0,0,0,0,0,0,0,0,0,0,0,2.4,0,0,0,0,0,0,0,2.9,1.8,0.9,0,1.2,16.9,0,0,0,11,14.1,24.7,19.4,19.9,11.8,0,0,3.1,15.7,8.9,9.5,4.8,0.4,11.9,5,0,0,0,0.5,14.3,33.9,5.9,3.4,4.3,4.4,8.1,18.8,33.3,18,14.6,12.1,22.7,22.7,33.1,23.1,23.8,11.3,23.7,11.3,0,0.2,3.6,5.6,19.2,12.1,8.5,8.6,8.9,8.3,2.4,8,3.1,2.6,0.3,4,0.3,3.2,0,0,0,0,0,0,0,14.6,0.7,7.6,4.3,4.8,24.3,9.2,11.1,30.6,30.9,0.9,0.6,20.9,31.3,11.2,1.9,19.3,11.4,4.9,11.4,6,0.7,10.6,0,1,11.3,6.5,6.4,18.4,2.2,11.3,6,9.6,27.7,17.7,0.4,0,1.9,1.4,13,6.8,8.2,12.7,0.6,2.9,1.9,9.7,7.2,9.2,13,57.1,64.5,61.7,29.6,2.9,0,2.4,11.6,1.5,32.5,26.3,16.2,3.6,2.1,4.4,2.4,16.4,6.9,1.8,33.7,3.8,0,1.5,22.5,19,0,1.4,1.1,0.5,0,7.5,0.9,4.3,0.8,0,6.6,4,12.1,0,0,0,0,0,4.5,0,2.1,7.6,26.5,30.1,6.4,0,0,0,0,3.4,0,0,0,0,4.6,0.5,0.1,3.3,5.4,0,0.4,0,0,0,0.4,30.3,4.9,7.5,6.7,10,2.9,0,0,0,0,0.6,0,0,0,0,0,0,0,0,0,0,0,0,0,0,0,0,0,3.5,0,0,0,0,0,0,0,0,0,0,0,0,0,0,0,0,0,0,0,0,0,0,12.7,0,0,0,0,0,0,0,2.8,0.2,0,0.2,1.6,0,0,0,0,9,0.2,0.4,0,0,0,1.5,0.6,0,0,0,0,0,0,0
27.5,92.5,335,0,0,0,0,0,0,0,0,0,0,0,0,0,0,0,0,0,0,0,0,0,0,0,0,0,0,0,0,0,12.1,3.6,0,0,0,0,1.4,3.4,2.2,2.9,0,0,0,0,0,0,0.7,0,0,0,0,0,0,0.4,2.5,0,0,9.3,0,0,0,0,0,0,0,0,0,0,0,0,0,0,0,0,0,0,0,0,0,0,0,2.4,0,0,0,0,0,0,0,1.7,1.6,0.7,0,1.5,17.2,0,0,0,11.4,6.9,29.3,25.3,18,12.9,0,0,2.1,13.3,6.7,8.4,4.9,0.5,14,5.6,0,0,0.3,1.7,9.3,25.2,6.8,10,7.2,5.7,12.9,23,40.2,18.9,15.2,8.4,25.7,19.7,37.5,29.3,26.5,10.6,27.3,13.8,0.2,0.2,3.2,7.5,23.2,15.2,10.9,10.3,11.3,11.8,4.5,7.6,12.1,3.7,0.3,6,1.9,4.4,0,0,0,0,0,0,0,10.3,0.6,13.4,3.4,10.6,14.3,11.8,13.9,47.2,51.2,1.4,0.5,30.1,49.5,14.5,1,15.6,6.2,3.9,8.5,4.8,0.2,10.9,0,1,14.1,6.3,4,20.8,2.6,13.7,2.2,8.7,15,9.9,2.6,0,0.7,1.7,10.7,8.3,5.3,7,2.7,1.6,1.5,10.1,6.9,5.6,19.8,45.2,50.6,48.7,35,3.6,0,9.1,9.8,1.2,24.3,44.6,13.3,3.2,3.1,4.2,3.7,30.5,4.1,3.9,25.1,2.6,0,2.3,25.8,23.1,0,0.9,0.7,2.1,0,13.1,0.5,5.3,0.7,0,4,5.5,9.6,0,0,0,0,0,5.5,0,2.5,5.5,27.3,45.7,13,0,0,0,0,1.2,0,0,0,0,6.4,0.4,0.6,7.7,8.8,0.5,0.3,0,0,0,0.5,41.6,6.8,7.7,6,6.2,1.1,0,0,0,0,0.7,0,0,0,0,0,0,0,0,0,0,0,0,0,0,0,0,0,1.4,0,0,0,0,0,0,0,0,0,0,0,0,0,0,0,0,0,0,0,0,0,0,15.1,0,0,0,0,0,0,0,1.2,0.2,0,0.3,1.9,0,0,0,0,10.9,0.3,0.3,0,0,0,1.8,0.5,0,0,0,0,0,0,0
28.5,92.5,336,0,0,0,0,0,0,0.2,0,0,0,0,0,0,0,0,0,0,0,0,0,0,0,0,0,0,0.2,0,0,0,15.5,2.5,0,0,0.3,0,2.8,3.5,2.5,3.2,0,0,0,0,0,0.1,0.2,0.9,0,0,0.6,0.3,0,0.7,3,0,0,10.1,0,0,0,0.2,0,0,0,0,0,0,0,0,0.5,0,0,0,0,0,0,0,0,0,0,2.1,0,0,0,0,0,0,0,1,1.4,0.7,0,1.6,15.8,0,0,0,10.3,2.9,29,26,15,13.3,0,0,1.4,10.7,5.1,6.9,4.4,0.4,15.1,7.6,0,0,0.4,2.1,6.2,18.9,6.6,15.5,10.4,10.6,14.3,23.8,41.1,18.4,22.1,7.1,24.6,16.3,37.8,33.9,26.6,9.2,27.3,14.1,1.2,0.4,3.3,8.8,22.7,15.2,16.5,30.1,15.7,17.8,6,7.6,15.2,3.8,0.2,6.3,3.2,4.6,0,0,0,0,0.1,0,0,9.6,0.5,14.4,4.7,12.2,11.5,17.9,22.4,54.5,58.6,1.6,0.4,31.2,53,19.5,3.5,14.3,6.9,6.6,19.9,5.7,2.1,12.5,7.2,2.1,14.1,5.6,5.4,19.8,5.3,13.2,2.6,8.6,7.2,5,3.2,0.2,12.3,1.8,8.6,10.1,5,4.8,4,1,1.1,13.3,7.1,11,21.6,43.1,46.7,49.5,33.6,4,1.3,13.5,8.9,1.1,30.2,50,10.2,2.9,3.7,5.4,1.9,47,7.2,9,26.6,2.6,3.1,6.8,28.2,25.9,0.5,9.4,9.7,1.8,0,14.3,0.2,7.2,2,1.8,5,15.5,8.3,0,0,0,0,0,5.5,1.3,5.9,4.3,26.8,59.8,15,0,0,0,0,0,0,0,0,0,7.3,2.5,6.2,10.3,18,2.9,5.8,0,0,1.3,3.1,45.9,12.7,8,8.2,7.9,0.2,0,0,0,0.8,0.7,0,0,0,0,0,0,0.6,0,0,0,0,0,0,0,0,0,0,1.2,0,0,0,0,0,0,0,0,0,0,0,0,0,0,0,0,0,0,0,0,0,0,15,0,0,0,0,0,0,0,0.2,0.1,0,0.3,1.9,0,0,0,0,11.2,1.2,0.2,0,0,0,2,2.8,0,0,0,0,0,0,0
23.5,93.5,337,0,0,0,0,0,0,0,0,0,0,1.2,0,0,0,2.1,5.7,1.2,0,0,0,0,0,0,0,0,0,0,0,3,2.2,0,0,0,0,0,8,5.4,3.5,0,0,0,0,0,0,0,0.2,0,0,0,14.1,14.6,15.5,10.3,0,4.3,1.5,1.4,2.3,1.2,0,0,0,0,0,0,0,0,0,0,0,0,0,0,0,0,0,0,0,0,0,0,0,0,0,0,0,0,0.3,0,0,2.5,5.4,0,6.9,0,0,0,0,1.6,7.2,11.3,6,0,0,0,0,0.5,4.5,3.2,4.9,0,11.1,6,0,0,0,0,18.8,0,2.2,3.3,0.4,14.8,10.5,8.4,3.9,7.2,69.1,59.9,61.9,32.9,4.6,17.2,27.6,5.6,4.5,4.4,23.4,46.8,13.6,0,0,0,0,0,0,4.7,3.2,0,3.4,1.2,0,0,2.5,0,0,1.2,0,4,4.8,1.4,1.4,18.1,0,3.6,8,5.4,47.2,19.8,24.2,36.8,9.2,17.1,8,15.9,4,3.5,2.5,0.8,12.9,11.5,21.5,7.6,15.4,2.3,0.4,1.3,20.8,11,13.5,18.5,20.3,4.2,7.2,15.4,3.4,11.9,4.7,8.1,9,8.8,0.6,4.2,14.6,7.6,1.3,31.7,11.7,1.6,4.5,28.3,4.1,1.6,6.4,4.9,3.9,1.2,7.2,1.9,0.2,0.6,6.6,3.7,4.9,1.8,1.1,10.8,3.3,25.4,19.4,7.6,8.4,3,0,3.2,3.4,3,4.2,4.7,8.7,3.5,3.5,1.4,6.8,12.3,3.8,6.6,5.3,0.9,41.2,1.6,2.6,0,1,0.6,3.6,10,35.8,8.6,3.6,34.2,3.8,0.5,12,2,0.7,0,0.3,0.5,0.6,6.9,4.5,1.6,0.6,0.9,2.5,1.4,0,1.9,0.3,1.5,0.3,6.5,7.2,15.8,9.7,2.5,0,0,0,0,0.4,2.9,0.1,0,9.4,32.6,33.8,0,0,0,0,0,0,0,0,0,0,0,0,0,0,0,0,0,0,0,0,0,0,0,0,0,0,0,0,0,0,0,0,0,0,0,0,0,0,0,0,0,0,0.2,0.4,0,0.6,3.1,0.2,0,0,0,0,0,0,0,0,0,0,0,0,0,0,0,0,0,0,0
24.5,93.5,338,0,0,0,0,0,0,0,0,0,0,1.8,0,0,0,0.5,4.6,0.9,0,0,0,0,0,0,0,0,0,0,0,0.9,3.1,0,0,0,0,0,1.3,4,4.4,0,0,0,0,0,0,0,0.2,0.9,0,0,7.4,2.6,8.5,8,0,0.8,0,1.7,0.6,0,0,0.7,0,0,0,0,0,0,0,0,0,0,0,0,0,0,0,0,0,0,0,0.3,0,0.9,0,0,0,0,0,0,0,1.6,4.8,0.2,11.5,0,0,0,0,2.3,3.6,5.5,9.2,0,0,0,0.2,1.1,1.7,4.1,6.3,0,7.9,7.9,0.2,0,0,0,4.3,0.7,3.1,1.6,0.1,6.8,5.1,9,4.1,0.2,13.4,52,70.1,23.4,8,16.7,35.8,6.9,1.7,0.5,6.1,57.7,22,0,0.5,0.5,0,0,0,1.2,4.1,0,2,0.8,0,0.1,0.7,0,0,0,0.6,0,2.4,0,1.9,19,0.6,0.2,8.3,7.5,47.6,25,29.7,25.6,10.8,7.9,3.8,19.5,6.9,7.9,5.3,0.5,6.4,7.6,27.6,1.2,11.6,1.4,0.8,1,22.4,15,9.8,22.9,25,8.4,9.3,15.2,10.8,9.1,2.8,3.1,7.6,8.4,0.3,2.1,14.2,14,2.5,19.6,17,6.3,14.4,37,2.8,2.2,10.5,5.5,5.1,3.2,5.8,1.1,2.6,3.1,2.9,1,1.1,0.5,1.5,4.4,4.9,30.9,25.9,1.5,8.2,5,1.6,1,4.1,3,2,1.1,4.2,3.2,3.6,0.4,3.7,6.3,2.1,4.9,4.8,1.7,52.5,4.3,0,0,0.9,1.2,3.8,3.9,28.2,8.1,1.1,7.5,0.6,0.2,8.7,2.4,0,0.9,0.2,2.2,2.1,0.8,2.5,2.4,0,0.2,0.5,1.9,0,0.2,0,1.7,0,0.3,3.1,2.7,10.7,2.1,0.4,0,0,0,0.1,3.5,0.5,0.4,2.7,3.9,44,0.3,0,0,0,0,0,0,0,0,0,0,0,0.3,0,0,0,0,0,0,0,0,0,0,0,0,0,0,0,0,0,0.1,0,0,0,0,0.1,0,0,0,0,0,0,0,0,0,0.9,4,0.7,0,0,0,0,0,0,0,0,0,0,0,0,0,0,0,0,0,0,0
25.5,93.5,339,0,0,0,0,0,0.8,0,0,0,0,0.8,0,0,0,0,1,0.8,0,0,0,0,0,0,0,0,0,0,0,0.2,3.9,1,0,0,0,0,0,0.9,1.3,0,0,0,0,0,0,0,0.2,3.6,0,0,1.8,0.6,1.7,1.7,0.5,0,0,0.6,0,0,0,4.1,0,0,0,0,0,0,0,0,0,0,0,0,0,0,0,0,0,0,0,0.5,0,4.9,0,0,0,0,0,0.2,0,1.4,4.3,0.3,11.4,0,0,0,0,3.3,1,5.7,6.8,0,0,0,2.1,3.2,4.4,8.6,3.1,0,7.4,3.1,0.9,0,0,0,13,4.3,1.6,3.7,0,19.8,2.1,14.5,3.7,0,11.8,22.9,38.7,9,16.4,8.9,12.2,1.6,1.1,0,7.4,29.1,18.3,0,0.7,0.8,0,0,0,0,1.8,0.2,0.6,0.3,0,0.2,0,0,0,0,4.6,0,0.5,0,0.6,8.4,4.5,0.7,7.8,5.7,14.5,8.1,9.2,18.6,16.3,6.2,15.5,28.9,21.3,7,7.6,1.1,3.5,4.1,20.8,0.3,3.1,1.4,1.7,3.5,8.6,59,8,8.6,9.4,11.6,3.5,3.4,62.1,5.1,11.2,2.6,30.6,11.2,0.6,1.7,23.2,36.3,3.1,20.4,34.7,10.2,15.8,13.9,3,2.9,8.2,9.1,12.9,5.6,5.8,3,4,4.5,4,2.4,1.4,0.6,0.6,0.6,4.5,9.1,11.8,0.2,7.2,3.5,2.3,1.4,4,11.1,0.5,2.4,2.4,3.8,4.2,0,9.6,5.4,1.4,1.5,1.7,3.7,20.3,19,0,0,1.2,7.9,9.2,2.3,11.9,4.9,4.5,3,0.3,0.7,2,0.6,0,7.7,0.2,3.3,2.9,0.2,3.1,17.6,0,0,0,0.8,0.7,0,0,0.6,0.4,0.5,1.9,3.2,41.8,3.3,2.9,0,0,0,1.1,0.8,0.6,0.6,0.4,0.2,16.4,1.4,0,0,0,0,0,0,0,0,0,0,0,0.7,0,0,0,0,0,0,0,0,0,0,0,0,0,0,0,0,0,0.2,0,0,0,0,0.2,0,0,0,0,0,0,0,0.2,0,0.9,1.3,0.7,0,0,0,0,0,0,0,0,0,0,0,0,0,0,0,0,0,0,0
26.5,93.5,340,0,0,0,0,0,0.4,0.3,0,0,0,0.2,0,0,0,0,0,0.3,0,0,0,0,0,0,0,0,0.4,0,0,0,8.9,4.8,0,0,0.8,0,3.6,1.8,1.5,0.8,0,0,0,0,0,0.4,1.1,3.7,0,0,1.5,0.7,0,2.1,0.8,0,0,4.7,0,0,0.2,2.5,0,0,0,0,0,0,0,0,1.2,0,0,0.2,0,0,0,0,0,0,0,0.6,0,2.2,0,0,0,0,0,1.4,0.9,1.5,0.8,0.5,11.6,0,0,0,8.3,6.3,19.6,16.5,9.2,8.4,0,0,1.5,6.3,5.4,6.6,4.2,0.2,8,9.1,0.4,0,0,0.3,10.5,28.9,3.5,12.6,6.9,22.7,5.5,17.4,19.9,12.8,29.7,12.2,21.7,11.6,25.5,26.6,18.9,7.4,16.6,3.8,4.6,5.2,7.6,2.7,7.6,4,16,52.2,14.4,18.8,3.8,6.5,1.3,0.4,0.2,0.7,2,0.4,0,0,2.3,0,0.3,0,0,12.9,2.9,0.9,9.1,1.9,24.7,18.5,26.9,27.1,20.2,2.8,7.7,17.9,23.3,16.9,10.7,17.8,16.3,13.6,47.8,10.3,5.7,12.7,18.9,5.6,0,27.2,12.9,3.4,8.1,8,8.6,9.6,36.7,5.1,5.5,0.5,46,0.5,2.1,4.9,17.2,21.6,1.9,5,13.8,14,7.2,24.8,2.7,40.6,47.9,53.4,15.9,2.4,4.9,1.4,6,2.6,46.7,5.9,9.2,1.2,1.2,3.7,5.2,17.7,16.4,10.8,36.3,4.9,7.2,8.9,10.2,11.5,1.1,19.8,20.2,5.2,1.7,0,4.5,5.3,4.3,4.7,9.3,28.5,7.1,9.4,0,0,0.2,4,4.1,3.9,11.3,6.6,18.6,37.7,2.5,0.2,0,0,0,4.7,0,0,0,0,3.7,15,8,4.7,23.5,6,15.1,0,0,3.4,7,19.1,15.8,7.7,30.9,18.2,2.3,0,0,0,2.6,0,0,0,0,0,1.1,0.6,1.6,0,0,0,0,0,0,0,0,0,0,3.8,0,0,0,0,0,0,0,0,0,0,0,0,0,0,0,0,0,0,0,0,0,0,0.4,0,0,0,0,0,0,0,1,0.2,0.3,0,0,0,0,0,0,2.4,2.4,0.3,0,0,0,0.4,6.6,0,0,0,0,0,0,0
27.5,93.5,341,0,0,0,0,0,0.2,0.9,0,0,0,0,0,0,0,0,0,0,0,0,0,0,0,0,0,0,1.3,0,0.3,0,17.6,2.8,0,0,1.7,0,8.5,4.6,3.1,3.2,0.3,0,0,0,0,0.8,1.4,5.1,0,0,3.1,1.6,0.2,3.9,0.6,0,0.1,7.6,0,0,0.5,1.3,0,0,0,0,0,0,0,0,2.5,0.1,0,0.5,0,0,0,0,0,0,0,1.1,0,0,0,0,0,0,0,0.6,1.1,1.2,0,1.1,10.3,0,0,0,5.2,2.9,16.6,14.9,5.3,13.1,0,0,0.6,4,3.4,2.2,2.1,0,14,15.2,0,0,0,0.4,3.7,17.1,2.9,23.1,18.7,29.2,7.5,15.5,26.2,14.8,50.2,11.6,11.3,8.5,25.9,39,19.7,5.6,18.4,8.2,5.2,1.3,5.4,8.7,9.6,6.1,36.5,117,31.5,38.9,8.3,9.6,4.3,0.5,0.1,1.7,4.4,1.9,0,0,0,0,0.8,0,0,17.6,0.4,1.9,13.3,2.7,27.8,39.1,53.3,40.6,37.4,1,0.3,8.7,17.7,37.3,20.2,19.7,25.4,22.4,81,13.8,12.5,18.4,39.9,8.2,6.2,2.5,18.4,7.1,18.8,6,18.6,11.5,2.9,1.9,1.7,1.2,68.4,1.8,3.9,15.1,11.2,11.6,4.3,2.1,0.8,27.7,8.6,47.2,9.6,31.7,59.3,73.5,19.1,1.5,7,0.4,6,4.7,80.4,17,7.9,2.5,4,11.7,8.7,49.6,28,31,53,5.1,17.2,23.9,19.8,22.7,3.7,50.2,51.4,10,0,2.5,0.2,13.3,8.2,9.9,17,58,8,0,0,0,0.5,0,2.4,7.5,21,5,21.5,80.5,5.9,0,0,0,0,0,0.8,0,0,0,6.4,12.8,19.5,11.2,51.7,15.2,32.6,0,0,7.3,15.5,33,34.4,10.2,19.7,27.4,0.4,0,0,0,4.6,0.3,0,0,0,0,0,0,3.3,0,0,0,0,0,0,0,0,0,0,5.5,0,0,0,0,0,0,0,0,0,0,0,0,0,0,0,0,0,0,0,0,0,0,6.7,0,0,0,0,0,0,0,0.2,0.1,0,0.5,0.8,0,0,0,0,7.1,5.4,0.2,0,0,0,1.7,13.8,0,0,0,0,0,0,0
28.5,93.5,342,0,0,0,0,2.5,4.9,1.2,0,0,0,1.3,0.2,0,0,0,0.3,3,3.7,0,0,0,0,0,0,0,2.1,0,1.1,0.9,16.6,3.6,0,0,1.6,0,9.9,4.5,2.4,4.8,1.7,0,0,0,0,0.8,2.4,6.2,0,0,3.4,1.6,0.2,4.6,1.7,0.2,0.8,8.1,0,0,1.5,2.1,0,0,0,0.7,0,0,0,0,2.3,0.5,0,1.4,0.1,0,0,0,0,0,0,0,0,0.2,0,0,0,0,0,0.2,3.6,2.6,0,0.5,11,0.3,0,0,1.6,2.7,10.3,18.9,3.6,12.3,0,0,0,1.5,3.4,1.1,0.6,0,16.9,16,0,0,0,0.3,1.4,9.4,1.3,36.1,31.6,32.6,17.4,11.4,17,10.8,45.2,15.4,12,4.6,22.9,40.9,21.1,1.5,10.2,5.4,4.7,2.4,10.1,5.4,1.5,2.8,39.1,135.7,48.4,51.6,20.4,10.5,7.2,0,0,0.1,4.4,0.3,0,0,0,0,2.3,0,0,15.4,0.4,0.2,11,7.6,32.2,54.5,58.8,36,41.3,4.6,0.2,3,14.5,45.1,31.9,37.1,45.3,21.5,75.3,13.7,24.9,21.6,45.2,27.2,0.5,0,17.5,0.2,27.2,8.7,46.3,7.4,0,0,7.6,1.8,66.4,0.9,0,15.3,11.2,15.5,13.1,1.7,5.5,34.5,10,50.5,4.4,39,51.6,71.5,11.1,5.2,6.4,10.7,4.5,31.6,116,24.3,11.4,12.2,31.5,50.3,31.3,47.2,29.6,48.2,56.6,23,20.9,29.8,28.7,22.7,21.7,58.1,49.1,9.1,0,0,0,10.6,7.1,8.9,33.1,66.3,4.4,0,0,0,0.4,0,0,7.2,38.9,27.7,42.2,101.9,7.4,0,0,0,0.1,0,5.3,0,0,0,6.9,24.5,30.8,24.1,71,46.2,41.6,1,0,6.7,22.7,28.5,32.6,18.1,34.3,33.5,2,0,0,0,4.6,0,0,0,0,0,0,4.1,9.4,7.2,0,0,0,0,0,0,0,0,0,5.4,0,0,0,0,0,0,0,0,0,0,0,0,0,0,0,0,0,0,0,0,0,0,0,0,0,0,0,0,0,0,0,0,0,4.4,0,0,0,0,0,2.9,5.4,0.2,0,0,0,0.8,14,0,0,0,0,0,0,0
24.5,94.5,343,0,0,0,0,0,0,0,0,0,0,2,0,0,0,0,3.9,0.9,0,0,0,0,0,0,0,0,0,0,0,0.3,3.1,0,0,0,0,0,0,3.2,4.2,0,0,0,0,0,0,0,0.2,1.1,0,0,7.2,1.3,6.9,6.8,0,0,0,1.7,0,0,0,0.6,0,0,0,0,0,0,0,0,0,0,0,0,0,0,0,0,0,0,0,0.6,0,0.8,0,0,0,0,0,0,0,1.7,5.3,0.3,13,0,0,0,0,2.4,2.8,5.2,10.2,0,0,0,0.1,1.1,0.9,4.5,6.1,0,7.7,8.1,0.2,0,0,0,1,0.7,3.2,1.3,0,5.4,4.3,8.1,3.8,0,8,48,69.2,21.2,9.2,16.1,36.3,6.7,1.1,0,5,59.3,24.7,0,0.8,0.9,0,0,0,0,4.1,0,1.8,0.7,0,0.2,0,0,0,0,0.3,0,2.3,0,2,18.8,0.3,0.4,10.9,7.6,45.7,25,29.9,25.7,11.5,6.2,3.2,18.9,6.3,10.8,6.7,0.9,6.2,7.8,29.8,0.6,11.2,1.4,1.4,1,23.8,13.1,9.4,22.5,24.8,11.8,9.5,14.2,7.3,8.5,1.8,3.4,7.1,12.8,0.3,1.9,13.1,17.5,3.8,20,17.4,9.2,21.5,38.8,3.4,2.4,12.8,5.7,5.6,4.9,7.2,1.8,4.6,5.4,2.1,0.8,0.1,0.7,1.6,2.4,5.2,30.8,28.4,0.4,9.9,5.9,2.8,0.1,3.7,2.2,1.8,0.9,3.4,4.7,5.1,0,2.4,5.9,2,4.3,4.4,2.9,51.8,3.1,0,0,1.3,0.5,3,2.6,27.6,7.8,0.3,5.3,0.5,0.3,8.5,2.4,0,0.5,0.2,3.8,3.5,0.7,2.6,1.4,0,0,0,2.1,0,0,0,1.7,0,0,2.3,1.6,8.1,2,0.4,0,0,0,0,3.4,0.8,0.7,1.7,1,45.1,0.3,0,0,0,0,0,0,0,0,0,0,0,0.5,0,0,0,0,0,0,0,0,0,0,0,0,0,0,0,0,0,0.2,0,0,0,0,0.3,0,0,0,0,0,0,0,0,0,1,4.1,1,0,0,0,0,0,0,0,0,0,0,0,0,0,0,0,0,0,0,0
25.5,94.5,344,0,0,0,0,0,0,0,0,0,0,2.5,0,0,0,0,1.2,0.2,0,0,0,0,0,0,0,0,0,0,0,1,2.8,0,0,0,0,0,0.1,0.7,0.9,0,0,0,0,0,0,0,0,3.7,0,0,2.3,2.1,2.1,1.5,0,0,0,0.4,0,0,0,1.5,0,0,0,0,0,0,0,0,0,0,0,0,0,0,0,0,0,0,0,2,0,2.4,0,0,0,0,0,0,0,1.4,9.2,1.2,17.9,0,0,0,0,2.1,2.1,7.4,12,0.1,0,0,0.2,1.7,2,7.4,2.1,0,11,5.2,0.5,0,0,0,1.1,1.9,2.4,2.3,0.2,9.6,3.8,4.4,2.6,0,14,20.1,37.3,9.3,20.7,11.4,19.3,1.4,3.9,0,12.2,44.5,32.7,0,3,3.2,0.5,1.8,0.4,0.5,2.1,0,1.5,0.2,0,0.7,0,0,0,0,0.4,0,0.5,0,1.3,7.6,0.4,1.6,29.4,5.5,16.8,12.7,16.9,24,17,1.7,6,20.2,8.3,24.9,15.3,3.5,8.9,13.9,33.3,1,2.8,3.5,5.6,2.2,20.4,27.2,10.6,8.5,12.7,32.4,5.9,3.3,9,1.9,1.7,9.9,18.2,44.5,0,5.8,21.1,46.3,12.1,57.6,27.2,26.1,58.6,31.2,11.9,2.9,22.2,8.5,14.8,15.8,25.1,6.2,16.4,19.1,3.8,2.6,0.1,2.3,1.3,0.6,6.1,16,32.7,1.4,18.6,10.4,10.3,0.5,1.2,4,1,2.5,10.5,15.9,18,0,7,19.8,5.4,3.5,2,11.2,19.8,2.1,0,0,4.7,0.7,3.5,5.7,21.7,3.5,0.7,6.4,1,1,1.7,0.5,0,0.7,0.9,13.3,11.3,0.2,9.1,2.7,0.3,0.1,0.8,2.2,0.6,0,0,1.3,0.3,0.3,4.9,3.6,14,2.5,1,0,0,0,0.2,0.7,2.4,2.5,0.3,0.2,28.2,0.9,0,0,0,0,0,0,0,0,0,0,0,1.9,0,0,0,0,0,0,0,0,0,0,0,0,0,0,0,0,0,0.8,0,0,0,0,0.9,0,0,0,0,0,0,0,0,0,1,2.3,2.7,0,0,0,0,0,0,0,0,0,0,0,0.2,0,0,0,0,0,0,0
26.5,94.5,345,0,0,0,0,0,1.5,0.5,0,0,0,0.9,0,0,0,0,0.2,0.4,0,0,0,0,0,0,0,0,1.7,0,1.7,0.4,10.4,3.7,0,0,1,0,6.7,3.5,1.6,2.4,0.7,0,0,0,0,0.5,1.7,5.7,0,0,2.6,1.9,0.4,2.3,0.3,0,1,4.4,0,0,0.3,1.7,0,0,0,0,0,0,0,0,1.5,0.8,0,0.3,0.2,0,0,0,0,0,0,0.8,0,1.1,0,0,0,0,0,0,0.5,1.8,3.6,0.9,15.7,0.1,0,0,0,2.9,4.8,14.7,4.3,9.8,0,0,0.1,1.4,3.1,3.2,0.4,0,11.7,11,0.2,0,0,0.2,1.6,5.3,1.4,23,23.1,25.5,6.2,9.5,12.8,5,34.6,19,14.7,4.9,20.3,29.3,18.1,0,6.1,3.5,8,15.9,18.3,3.4,1.2,1.5,29.6,82.9,32.4,41,14.5,9.6,6.9,0,0,0.3,3.4,0.2,0,0,0.3,0,1.4,0,0.4,13.3,0.7,0.9,18.6,2.2,24.5,33,35.9,34.9,45.3,2.7,2.9,9.2,17.1,55.2,35.1,10.3,26.5,17.9,64.1,7.6,14.9,12.7,28.1,8.2,7.4,12.1,16.6,1.7,31.3,23.1,37.2,4.2,4.8,0.1,12.3,6,52.1,18.9,0,17.1,14,35.2,8.4,24.5,12.9,35.6,28.9,51.2,7.6,10.3,35.3,39.9,12.2,8.7,14.5,5.2,11.7,32.2,53.8,8.2,7,6.8,8.7,14.9,17.2,38.6,35.8,32.3,40,7.7,14.4,18.3,10.7,14.1,7.8,36.1,34.3,12.4,7.4,0,3,15.8,6.7,7,18.7,47.4,7.1,1.1,0,0,2.2,0.6,1.5,7.3,25.1,6.7,11,49.9,6.3,0.4,0,0,0.2,0.4,5.7,5.5,4.6,0,10,10.9,13.6,14.7,40.2,24.8,30.9,0,0,4.9,14,16,26,15.9,17.7,22.4,1.1,0,0,0,3.6,0,1,1,0,0,8.3,0.4,2,0,0,0,0,0,0,0,0,0,0,4,0,0,0,0,0,0,0,0,0,0,0,0,0,0,0,0,0,0.3,0,0,0,0,0.4,0,0,0,0,0,0,0,0,0,0.4,3.1,1.1,0,0,0,0,2.3,3.7,0.2,0,0,0,0.5,10.6,0,0,0,0,0,0,0
27.5,94.5,346,0,0,0,0,1.5,3.8,1.1,0,0,0,0.8,0,0,0,0,0.2,2,2.2,0,0,0,0,0,0,0,2.3,0,1.7,0.5,16.6,4,0,0,1.7,0,10.6,5,2.5,4.4,1.5,0,0,0,0,0.8,2.6,6.6,0,0,3.6,1.8,0.2,4.5,1.2,0,1.1,7.7,0,0,1.1,1.9,0,0,0,0.4,0,0,0,0,2.5,0.8,0,1.1,0.2,0,0,0,0,0,0,0,0,0.1,0,0,0,0,0,0,2.4,2.3,0,0.6,11.3,0.3,0,0,0,2.9,7.1,17.5,1.5,13.1,0,0,0,1.2,3.3,0.7,0,0,15.1,16,0,0,0,0.3,1.4,5.6,0.9,36.4,33.8,34.5,13.2,11.3,16.9,8.7,48.3,18.3,8.8,3.6,20.7,40.8,19.9,0,8,5.1,5.1,2.7,9.8,5.8,0,1.3,43.4,139.9,49.9,57.5,20.9,12.1,8.4,0,0,0,5,0.3,0,0,0,0,2.2,0,0,17,0.4,0.3,11.3,4.8,32.5,53.1,57.8,39.2,49.1,4.2,0.2,2.5,16.2,56.2,37.9,27,42.3,21.7,82.1,12.9,24.6,20.8,46,21.2,0.8,0.1,19.3,0,34.2,10.6,50.1,6.7,0,0,11.3,2.4,72.1,1.3,0,18.9,10.5,19.3,10.3,1.9,4.6,37.3,9.6,58.3,4.6,26.6,47,66.2,10.4,4.5,7.1,8,5.5,33.4,104.6,19.3,10.3,10.7,23.9,39.5,28,52.6,34,50.2,55.2,16,20.1,30.6,23.8,22.1,17.6,59.9,51.8,9.9,0.1,0,0,12,7.6,9.7,31.9,69.9,4.9,0,0,0,0.5,0.1,0,8,35.7,19.8,31.8,94.2,8.1,0,0,0,0.2,0,6.3,0,0,0,8.3,21.3,27.3,23.8,70.4,43,45.8,0.6,0,7.4,23.1,27.4,36.6,19.6,28.6,34.4,1.6,0,0,0,5.3,0,0,0,0,0,0.1,2.5,7.1,4.3,0,0,0,0,0,0,0,0,0,5.6,0,0,0,0,0,0,0,0,0,0,0,0,0,0,0,0,0,0,0,0,0,0,0,0,0,0,0,0,0,0,0,0,0,4.1,0,0,0,0,0,3.2,5.9,0.2,0,0,0,0.8,15.8,0,0,0,0,0,0,0
28.5,94.5,347,0,0,0,0,6.6,12.1,1.2,0,0,0,3.4,0.4,0,0,0,0.8,7.7,9.7,0,0,0,0,0,0,0,2.5,0,1.9,2.2,12.5,4.9,0,0,0.5,0,8.9,4.3,1.6,8,3.7,0.3,0,0,0,0.5,3.3,5.3,0.3,0,2.3,1,0,4,3.3,0.4,1.5,9.2,0,0,2.9,2.6,0,0,0,1.8,0,0,0,0,0.7,0.9,0,2.6,0.2,0,0,0,0,0,0,0,0,0.4,0,0,0,0,0,0,8.1,4.6,0,0.2,16.5,0.7,0,0,0,1.6,7,26.8,6.4,12.6,0,0,0,0.3,4.1,1.3,0,0,24.7,12.9,0,0,0,0,0.4,4.4,1.1,44.7,43.7,25.2,35,9.2,11.5,10.2,19.5,17,19.6,5,23.1,38.5,23.3,0,4.3,7.1,1.4,3.4,16.3,2.1,0,5.2,30.8,115.2,63.1,53.5,34.7,10.5,10.4,0,0,0,2.1,0,0,0,0,0,4,0,0,9.1,0.5,0.3,3.3,18.7,30.6,65.2,49.1,24.8,47.2,10,0.2,0.9,15.3,39.9,36.1,66.6,65.1,12.1,31.3,10.2,36.7,19.9,34.3,54,0.9,0,8.7,0,28.4,13.3,74.3,2,0,0,12.8,1.8,29.7,0.3,0,13.6,9,16,25.5,0.5,13.2,37.3,10.5,31.9,3.5,57.8,42.4,62.7,7.9,12.3,2.1,26.5,5.5,66.6,144.8,44.6,19.6,27.7,73.5,107.9,61,27.1,18.5,57.4,50,50.7,18.6,27.9,47.9,26.5,47.4,45.8,21.8,2.8,0,0,0,4.5,2.1,2.7,49.2,51.2,1.5,0,0,0,0.1,0.1,0,3,57.3,63.1,77.5,122.5,10.4,0,0,0,0.2,0,10.6,0,0,0,6.2,37.3,43.2,39.3,78.8,84.3,37.1,2.6,0,2.3,26,25.1,16.1,26.3,50.9,31.5,4.3,0,0,0,2.3,0,0,0,0,0,0,10.8,17.8,18.8,0,0,0,0,0,0,0,0,0,2.9,0,0,0,0,0,0,0,0,0,0,0,0,0,0,0,0,0,0,0,0,0,0,0,0,0,0,0,0,0,0,0,0,0,9.9,0,0,0,0,0,1.7,3,0.2,0,0,0,0.2,7.4,0,0,0,0,0,0,0
29.5,94.5,348,0,0,0,0,10,16.6,1.5,0,0,0,5.2,0.6,0,0,0,1.2,11.2,14.6,0,0,0,0,0,0,0,2.3,0,1,3.4,13,3.5,0,0,0.1,0,8.5,3.6,1.4,10,4.8,0.4,0,0,0,0.5,3.5,4.9,0.4,0,1.9,0.8,0,4.7,4.8,0.6,1.2,10.6,0,0,4.2,3.3,0,0,0,2.8,0,0,0,0,0.2,0.5,0,3.8,0.1,0,0,0,0,0,0,0,0,0.6,0,0,0,0,0,0,11.7,5.6,0,0,15.6,0.9,0,0,0,0.7,7.5,29.1,9.6,10.3,0,0,0,0.1,4.3,1.8,0,0,31.6,13,0,0,0,0,0.1,2.5,1.1,49.8,45.3,23,48.4,7.3,7.7,11.7,12,12.5,25.6,4.9,26.1,38.4,24.2,0,3.9,7.6,0.4,3.7,18.8,1.3,0,7.7,23.8,117.8,67.5,45.8,38.9,7.2,9.5,0,0,0,0.9,0,0,0,0,0,4.7,0,0,5,0.2,0.2,1,28.1,29.1,76.2,55,17.3,35.3,12.6,0.1,0.3,9.9,19.4,28.1,94.2,79.5,10.6,13.6,10.8,42.7,22.7,35.7,75.7,0.6,0,4.3,0,17,9.3,77.9,0.6,0,0,6.8,0.9,17.5,0,0,7.5,10.2,8.9,35.9,0.2,17.8,35.5,12,16.2,3.4,81.1,45.9,70.3,7.9,16.1,0.9,37.1,3.1,74,182.3,62,22.4,35.6,102.5,149.2,77.7,16.7,9.1,60.7,52.1,73.6,22.3,29.3,64.2,31,64.2,45.9,15.8,0.8,0,0,0,1.7,0.6,0.8,58.9,47.6,0.5,0,0,0,0,0,0,1.4,72.5,89.6,109.4,152.7,10.1,0,0,0,0.1,0,10.2,0,0,0,3.8,49.7,55.4,45.9,90,104.8,31.9,3.9,0,0.8,28.4,27,7.9,25.9,70,31.3,5.8,0,0,0,0.9,0,0,0,0,0,0,16.2,25.8,28.3,0,0,0,0,0,0,0,0,0,2.5,0,0,0,0,0,0,0,0,0,0,0,0,0,0,0,0,0,0,0,0,0,0,0,0,0,0,0,0,0,0,0,0,0,12.3,0,0,0,0,0,0.8,2.2,0,0,0,0,0,3.8,0,0,0,0,0,0,0
26.5,95.5,349,0,0,0,0,1.2,4.5,0.4,0,0,0,1.3,0,0,0,0,0.3,2,1.8,0,0,0,0,0,0,0,2.3,0,3,0.7,7.6,6.5,0,0,0.5,0,6.8,4.2,1.3,4.1,1.7,0,0,0,0,0.3,2.4,5.1,0,0,2,1.3,0.3,1.6,0.7,0,1.8,5.1,0,0,0.6,1.6,0.1,0,0,0.3,0,0,0,0,0.7,1.4,0,0.6,0.4,0,0,0,0,0,0,0.6,0,0.7,0,0,0,0,0,0,2,2.9,2.7,0.6,20.9,0.3,0,0,0,2.7,4.8,21.9,4.5,13.2,0,0,0,0.8,3.7,2.3,0.2,0,13.6,9.3,0.1,0,0,0,0.4,6.3,1.5,28.6,34.1,21.4,12.9,10,13.4,5.7,19.9,23.1,15.8,6,19.2,30.8,21.2,0,3.6,5.3,5,13,19.7,1.6,0.9,2.2,30.2,72.4,45.2,51.7,24.8,13.1,10.5,0,0,0.2,2.6,0,0,0,0,0,2.5,0,0.3,11.9,0.7,1,12.2,4.9,27,37.2,26.8,31.7,59.9,5.5,1.8,5.9,22.3,66.2,44.7,19.5,35.7,11.8,42.3,5.7,22,10.9,20.3,17,6.5,6.9,12.6,1.2,41.2,28,60.7,2.1,1,0,20.6,5.8,31.1,14.3,0,20.3,9.8,36.6,11.2,18.4,12.8,39.1,24,47.9,6.3,16.3,30.4,34.6,9.3,10.8,9.8,11,13.3,56.7,61.2,14.4,13.5,15,25.6,37.7,31.9,31.3,33,40.7,37.2,15.8,10.3,17.6,17.7,14.8,19,29.4,17.9,7.6,5.7,0,2,11.5,3.7,3.4,27.5,40.7,4.5,0,0,0,1.6,0.2,0.7,4.8,30.8,19.8,21.9,53,9.5,0.3,0,0,0.4,0,10.6,4.2,3.6,0,10.8,13.4,18.4,24.5,43.5,45.2,33.4,0.5,0,2.7,16.4,14.8,19.6,24.3,17.6,23.4,1.9,0,0,0,2.8,0,0.7,0.8,0,0,6.3,2.4,4,3.5,0,0,0,0,0,0,0,0,0,2.4,0,0,0,0,0,0,0,0,0,0,0,0,0,0,0,0,0,0.2,0,0,0,0,0.3,0,0,0,0,0,0,0,0,0,0.2,6.2,0.8,0,0,0,0,2.4,2.6,0.3,0,0,0,0.2,8.5,0,0,0,0,0,0,0
27.5,95.5,350,0,0,0,0,5.6,11.5,0.8,0,0,0,2.9,0.4,0,0,0,0.7,6.8,8.2,0,0,0,0,0,0,0,2.8,0,3.2,1.9,9.2,7.4,0,0,0.1,0,8.4,4.8,1.4,7.8,3.7,0.2,0,0,0,0.3,3.4,4.8,0.2,0,1.8,0.7,0,2.7,2.7,0.4,2.2,8.3,0,0,2.4,2.3,0.2,0,0,1.5,0,0,0,0,0.2,1.5,0,2.1,0.4,0,0,0,0,0,0,0,0,0.4,0,0,0,0,0,0,6.9,4.7,0,0.2,21.1,0.7,0,0,0,1.9,6.2,29.9,5.4,15.2,0,0,0,0,4.5,1,0,0,22,10.6,0,0,0,0,0,5.8,1.3,43.3,48.1,22,31.7,10.3,12.8,9.1,10.3,22,18.8,6,20.7,37.2,24.4,0,2.3,7.8,0.3,3.7,17.5,0.8,0,4.5,31.6,95.2,65.9,60.7,38.3,13.9,12.9,0,0,0,1.9,0,0,0,0,0,4.3,0,0,9.3,0.8,0.5,1,15.7,31.1,58.6,35.6,25.1,61.7,10.5,0.4,0.6,21.8,56,45.4,56.5,61.1,7.6,21,7.5,36.6,15.7,24.7,47.2,1.4,0,7.4,0,39.6,20.5,85.6,0.7,0,0,21.5,2.7,17.7,0.1,0,18,6.5,23.3,21.9,0.3,13,39.7,9.4,35,3.1,47.4,34.6,50.1,6.3,12.5,0.7,24.8,8.6,78.8,121.8,38.3,22,28.7,68.2,98.9,60.8,24,20.8,57.8,43.7,43.6,12.8,24.2,42.4,23.4,45.1,36.4,9.9,0.7,0,0,0,3.3,0.5,0.6,47.8,43.6,0.7,0,0,0,0,0.2,0,1.9,51.6,56.9,65.9,101.3,12.2,0,0,0,0.4,0,13.9,0,0,0,8,31.5,38.2,40.9,69.6,84.6,38.1,2.2,0,1,24.6,21.1,13.5,31.3,40.7,29.7,4,0,0,0,2.1,0,0,0,0.1,0,0,9.2,14.5,15.8,0,0,0,0,0,0,0,0,0,1.6,0,0,0,0,0,0,0,0,0,0,0,0,0,0,0,0,0,0,0,0,0,0,0,0,0,0,0,0,0,0,0,0,0,10.6,0,0,0,0,0,2,2.2,0.3,0,0,0,0,6.7,0,0,0,0,0,0,0
28.5,95.5,351,0,0,0,0,11,18,1.6,0,0,0,5.7,0.7,0,0,0,1.3,12.3,16.1,0,0,0,0,0,0,0,2.2,0,0.7,3.7,13.1,3.1,0,0,0,0,8.4,3.4,1.3,10.6,5.1,0.4,0,0,0,0.5,3.6,4.8,0.4,0,1.8,0.8,0,4.9,5.3,0.7,1.1,11.1,0,0,4.6,3.4,0,0,0,3,0,0,0,0,0,0.3,0,4.2,0,0,0,0,0,0,0,0,0,0.7,0,0,0,0,0,0,12.9,5.9,0,0,15.3,0.9,0,0,0,0.4,7.7,29.8,10.6,9.6,0,0,0,0,4.3,2,0,0,33.7,13,0,0,0,0,0,2,1.1,51.3,45.8,22.3,52.5,6.7,6.5,12.1,9.7,11.1,27.5,4.9,27,38.3,24.5,0,3.7,7.7,0.1,3.7,19.6,1,0,8.5,21.6,118.7,68.9,43.5,40.2,6.1,9.2,0,0,0,0.5,0,0,0,0,0,4.9,0,0,3.7,0.2,0.1,0.3,30.9,28.7,79.6,56.8,15.1,31.5,13.4,0,0.1,8.2,13.1,25.7,102.7,83.9,10.2,8.2,11,44.6,23.5,36.2,82.3,0.5,0,3,0,13.4,8,78.9,0.2,0,0,4.9,0.6,13.8,0,0,5.6,10.6,6.7,39,0,19.2,35,12.5,11.4,3.3,88.3,46.9,72.6,8,17.3,0.5,40.3,2.4,76.2,193.8,67.4,23.3,37.9,111.3,161.8,82.7,13.5,6.2,61.7,52.7,80.6,23.5,29.7,69.2,32.4,69.3,45.9,14,0.2,0,0,0,0.8,0.2,0.2,61.9,46.5,0.2,0,0,0,0,0,0,0.9,77.1,97.7,119.1,162,10,0,0,0,0,0,10.1,0,0,0,3.1,53.5,59.1,47.9,93.4,111,30.3,4.3,0,0.3,29.2,27.5,5.3,25.7,75.8,31.2,6.3,0,0,0,0.5,0,0,0,0,0,0,17.9,28.2,31.2,0,0,0,0,0,0,0,0,0,2.3,0,0,0,0,0,0,0,0,0,0,0,0,0,0,0,0,0,0,0,0,0,0,0,0,0,0,0,0,0,0,0,0,0,13,0,0,0,0,0,0.5,1.9,0,0,0,0,0,2.7,0,0,0,0,0,0,0
29.5,95.5,352,0,0,0,0,11.4,18.5,1.6,0,0,0,5.9,0.7,0,0,0,1.3,12.7,16.7,0,0,0,0,0,0,0,2.2,0,0.6,3.9,13.2,2.9,0,0,0,0,8.4,3.3,1.3,10.8,5.3,0.4,0,0,0,0.5,3.6,4.8,0.4,0,1.8,0.8,0,5,5.5,0.7,1.1,11.2,0,0,4.7,3.5,0,0,0,3.1,0,0,0,0,0,0.3,0,4.3,0,0,0,0,0,0,0,0,0,0.7,0,0,0,0,0,0,13.3,6,0,0,15.2,0.9,0,0,0,0.4,7.7,30,10.9,9.3,0,0,0,0,4.3,2.1,0,0,34.4,13.1,0,0,0,0,0,1.8,1.1,51.9,45.9,22.1,53.9,6.5,6.1,12.3,8.9,10.7,28.1,4.9,27.3,38.3,24.6,0,3.7,7.7,0,3.8,19.8,0.9,0,8.7,20.9,119,69.3,42.6,40.6,5.8,9.1,0,0,0,0.3,0,0,0,0,0,5,0,0,3.3,0.2,0.1,0,31.9,28.5,80.8,57.4,14.3,30.2,13.6,0,0,7.6,10.9,24.8,105.6,85.5,10,6.4,11.1,45.2,23.8,36.4,84.6,0.4,0,2.5,0,12.2,7.6,79.3,0,0,0,4.2,0.5,12.5,0,0,5,10.7,6,40.1,0,19.7,34.8,12.6,9.8,3.3,90.8,47.3,73.5,8,17.7,0.4,41.5,2.2,76.9,197.8,69.2,23.6,38.8,114.4,166.1,84.5,12.4,5.1,62.1,53,83,23.9,29.9,70.9,32.9,71.1,46,13.3,0,0,0,0,0.5,0,0,62.9,46.1,0,0,0,0,0,0,0,0.7,78.8,100.5,122.5,165.2,10,0,0,0,0,0,10,0,0,0,2.8,54.8,60.4,48.6,94.6,113.2,29.8,4.5,0,0.1,29.5,27.7,4.5,25.7,77.8,31.2,6.5,0,0,0,0.4,0,0,0,0,0,0,18.5,29,32.3,0,0,0,0,0,0,0,0,0,2.3,0,0,0,0,0,0,0,0,0,0,0,0,0,0,0,0,0,0,0,0,0,0,0,0,0,0,0,0,0,0,0,0,0,13.3,0,0,0,0,0,0.4,1.8,0,0,0,0,0,2.3,0,0,0,0,0,0,0
27.5,96.5,353,0,0,0,0,8.3,14.9,1.2,0,0,0,4.3,0.5,0,0,0,1,9.6,12.2,0,0,0,0,0,0,0,2.5,0,2.1,2.8,10.8,5.5,0,0,0,0,8.3,4.1,1.3,9.3,4.4,0.3,0,0,0,0.3,3.5,4.8,0.3,0,1.8,0.7,0,3.7,4,0.5,1.7,9.7,0,0,3.5,2.8,0.1,0,0,2.3,0,0,0,0,0,0.9,0,3.1,0.3,0,0,0,0,0,0,0,0,0.5,0,0,0,0,0,0,9.9,5.3,0,0.1,18.7,0.8,0,0,0,1.2,6.9,30.3,8,12.6,0,0,0,0,4.5,1.5,0,0,27.8,11.6,0,0,0,0,0,4,1.2,47.4,47.5,21.8,42.2,8.6,9.7,10.6,8.8,17,23.2,5.6,23.7,37.6,24.6,0,2.8,7.8,0,3.7,18.7,0.7,0,6.5,26.5,105,67.9,52.6,39.8,10.3,11.3,0,0,0,1.1,0,0,0,0,0,4.6,0,0,6.4,0.5,0.3,0.3,23.3,29.9,68.8,45,19.9,47.8,12,0.2,0.3,15.5,35.6,36.3,79.4,72.6,8.4,13,9,40.8,19.3,29.5,64.7,1,0,4.9,0,27.3,14.9,83.6,0.3,0,0,14,1.7,14.1,0,0,12.1,8.3,15.5,30.4,0.1,16.2,37.5,10.8,23,3.2,67.5,40.1,60.3,7,15,0.4,32.7,5.7,79,156.6,52.8,23,33.7,90.1,130.7,72.3,18.1,13.4,59.9,47.6,62.1,17.6,26.7,55.7,27.7,57.5,40.2,10.5,0.2,0,0,0,1.8,0.1,0.1,55,44.2,0.3,0,0,0,0,0.1,0,1.2,64.2,77.5,92.3,130.4,11.3,0,0,0,0.3,0,12.4,0,0,0,5.6,42.3,48.5,44.8,80.9,98.5,34.2,3.3,0,0.5,26.8,23.9,8.9,29.1,57.8,30.3,5.2,0,0,0,1.2,0,0,0,0,0,0,13.5,21.2,23.5,0,0,0,0,0,0,0,0,0,1.8,0,0,0,0,0,0,0,0,0,0,0,0,0,0,0,0,0,0,0,0,0,0,0,0,0,0,0,0,0,0,0,0,0,12,0,0,0,0,0,1.2,2,0.2,0,0,0,0,4.5,0,0,0,0,0,0,0
28.5,96.5,354,0,0,0,0,10.7,17.8,1.5,0,0,0,5.6,0.7,0,0,0,1.3,12,15.7,0,0,0,0,0,0,0,2.2,0,1,3.6,12.6,3.5,0,0,0,0,8.4,3.5,1.3,10.5,5.1,0.4,0,0,0,0.4,3.6,4.8,0.4,0,1.8,0.8,0,4.7,5.1,0.7,1.2,10.9,0,0,4.5,3.4,0,0,0,3,0,0,0,0,0,0.4,0,4.1,0.1,0,0,0,0,0,0,0,0,0.7,0,0,0,0,0,0,12.5,5.9,0,0,16,0.9,0,0,0,0.5,7.5,30.2,10.3,10.1,0,0,0,0,4.4,1.9,0,0,33,12.7,0,0,0,0,0,2.3,1.1,50.9,46.3,22,51.4,7,6.9,11.9,8.7,12.1,27.1,5.1,26.5,38.1,24.6,0,3.5,7.8,0,3.8,19.6,0.8,0,8.3,22.1,115.7,69.1,44.9,40.5,6.8,9.6,0,0,0,0.5,0,0,0,0,0,4.9,0,0,4,0.2,0.2,0,30,28.8,78.2,54.6,15.5,34.2,13.3,0.1,0.1,9.4,16.4,27.4,99.9,82.7,9.6,7.6,10.6,44.3,22.8,34.7,80.4,0.6,0,3,0,15.6,9.3,80.4,0,0,0,6.4,0.8,12.6,0,0,6.6,10.2,8.1,38,0,19,35.4,12.2,12.6,3.3,85.7,45.7,70.5,7.7,17.1,0.3,39.6,3,77.6,188.8,65.7,23.5,37.7,109.2,158.6,81.9,13.5,6.9,61.7,51.7,78.5,22.5,29.1,67.6,31.7,68.2,44.6,12.5,0,0,0,0,0.8,0,0,61.2,45.5,0.1,0,0,0,0,0,0,0.8,75.6,95.6,116,157.5,10.3,0,0,0,0.1,0,10.6,0,0,0,3.4,52.1,57.8,47.8,91.5,110.1,30.7,4.2,0,0.2,28.9,26.9,5.3,26.5,73.4,31,6.2,0,0,0,0.5,0,0,0,0,0,0,17.4,27.3,30.4,0,0,0,0,0,0,0,0,0,2.2,0,0,0,0,0,0,0,0,0,0,0,0,0,0,0,0,0,0,0,0,0,0,0,0,0,0,0,0,0,0,0,0,0,13,0,0,0,0,0,0.6,1.9,0,0,0,0,0,2.8,0,0,0,0,0,0,0
29.5,96.5,355,0,0,0,0,12.4,19.7,1.8,0,0,0,6.4,0.8,0,0,0,1.5,13.7,18.1,0,0,0,0,0,0,0,2,0,0.2,4.2,13.9,2.1,0,0,0,0,8.4,3.1,1.3,11.3,5.5,0.5,0,0,0,0.5,3.6,4.8,0.5,0,1.8,0.8,0,5.5,5.9,0.8,0.9,11.7,0,0,5.2,3.7,0,0,0,3.4,0,0,0,0,0,0,0,4.7,0,0,0,0,0,0,0,0,0,0.8,0,0,0,0,0,0,14.3,6.2,0,0,14.1,1,0,0,0,0,8,29.9,11.9,8.3,0,0,0,0,4.3,2.2,0,0,36.6,13.5,0,0,0,0,0,1,1,53.3,45.4,22.2,57.6,5.8,5,12.8,9,8.6,29.7,4.7,28.5,38.5,24.6,0,4,7.7,0,3.8,20.2,1,0,9.5,19.1,123.6,69.8,39.4,40.8,4.3,8.4,0,0,0,0,0,0,0,0,0,5.1,0,0,2.3,0,0,0,34.7,28.1,84.7,61.5,12.5,24.6,14.1,0,0,5.1,2.9,21.1,114,89.6,10.6,4.3,11.8,46.6,25.3,38.6,91,0.3,0,1.8,0,7.3,5.2,77.8,0,0,0,1.1,0.1,12.1,0,0,2.7,11.5,2.9,43.2,0,20.8,33.9,13.2,5.5,3.4,98.3,49.7,77.7,8.3,18.5,0.4,44.3,1,76.2,211.1,74.5,23.7,40.4,122.2,177.5,88.4,10.6,2.5,62.8,54.7,89.7,25.9,30.9,75.7,34.5,75.4,47.8,14.3,0,0,0,0,0.1,0,0,65.4,46.7,0,0,0,0,0,0,0,0.6,83.4,107.9,132.2,176.4,9.6,0,0,0,0,0,9.3,0,0,0,1.9,58.8,64.2,49.8,99,117.8,28.4,4.9,0,0,30.3,29,3.1,24.6,84.3,31.5,6.9,0,0,0,0,0,0,0,0,0,0,20.1,31.5,35,0,0,0,0,0,0,0,0,0,2.4,0,0,0,0,0,0,0,0,0,0,0,0,0,0,0,0,0,0,0,0,0,0,0,0,0,0,0,0,0,0,0,0,0,13.7,0,0,0,0,0,0,1.8,0,0,0,0,0,1.6,0,0,0,0,0,0,0
27.5,97.5,356,0,0,0,0,10.9,18,1.5,0,0,0,5.7,0.7,0,0,0,1.3,12.2,16,0,0,0,0,0,0,0,2.2,0,0.8,3.7,12.8,3.3,0,0,0,0,8.4,3.5,1.3,10.6,5.1,0.4,0,0,0,0.4,3.6,4.8,0.4,0,1.8,0.8,0,4.8,5.3,0.7,1.2,11,0,0,4.6,3.4,0,0,0,3,0,0,0,0,0,0.4,0,4.1,0.1,0,0,0,0,0,0,0,0,0.7,0,0,0,0,0,0,12.8,5.9,0,0,15.8,0.9,0,0,0,0.5,7.6,30.1,10.5,9.8,0,0,0,0,4.4,2,0,0,33.5,12.8,0,0,0,0,0,2.1,1.1,51.2,46.2,22,52.2,6.8,6.6,12,8.7,11.6,27.4,5,26.8,38.2,24.6,0,3.5,7.8,0,3.8,19.7,0.9,0,8.4,21.7,116.7,69.2,44.1,40.6,6.4,9.4,0,0,0,0.4,0,0,0,0,0,4.9,0,0,3.7,0.2,0.1,0,30.7,28.7,79,55.5,15.1,32.9,13.4,0,0.1,8.9,14.6,26.6,101.8,83.6,9.7,7.1,10.7,44.6,23.1,35.2,81.8,0.5,0,2.8,0,14.5,8.7,80.1,0,0,0,5.8,0.7,12.5,0,0,6.1,10.4,7.4,38.7,0,19.2,35.2,12.4,11.7,3.3,87.4,46.2,71.4,7.8,17.3,0.3,40.2,2.7,77.5,191.7,66.8,23.5,38.1,111,161.1,82.8,13.1,6.3,61.8,52.1,80,22.9,29.4,68.7,32.1,69.2,45,12.7,0,0,0,0,0.7,0,0,61.8,45.7,0.1,0,0,0,0,0,0,0.8,76.7,97.3,118.1,160,10.2,0,0,0,0.1,0,10.4,0,0,0,3.2,53,58.7,48.1,92.5,111.2,30.4,4.3,0,0.2,29.1,27.1,5,26.3,74.9,31,6.3,0,0,0,0.5,0,0,0,0,0,0,17.8,27.9,31,0,0,0,0,0,0,0,0,0,2.2,0,0,0,0,0,0,0,0,0,0,0,0,0,0,0,0,0,0,0,0,0,0,0,0,0,0,0,0,0,0,0,0,0,13.1,0,0,0,0,0,0.5,1.8,0,0,0,0,0,2.6,0,0,0,0,0,0,0
28.5,97.5,357,0,0,0,0,12.5,19.8,1.8,0,0,0,6.5,0.8,0,0,0,1.5,13.8,18.3,0,0,0,0,0,0,0,2,0,0.1,4.2,14,2,0,0,0,0,8.4,3.1,1.3,11.4,5.5,0.5,0,0,0,0.5,3.6,4.8,0.5,0,1.8,0.8,0,5.5,6,0.8,0.8,11.8,0,0,5.2,3.8,0,0,0,3.4,0,0,0,0,0,0,0,4.7,0,0,0,0,0,0,0,0,0,0.8,0,0,0,0,0,0,14.5,6.3,0,0,14,1,0,0,0,0,8,29.9,12,8.1,0,0,0,0,4.3,2.3,0,0,36.8,13.6,0,0,0,0,0,1,1,53.5,45.3,22.3,58.1,5.8,4.9,12.9,9.1,8.4,29.9,4.7,28.6,38.5,24.6,0,4,7.7,0,3.8,20.2,1,0,9.5,18.9,124.1,69.8,39,40.9,4.1,8.3,0,0,0,0,0,0,0,0,0,5.1,0,0,2.2,0,0,0,35,28,85.1,62,12.3,23.9,14.2,0,0,4.8,2,20.6,115,90.1,10.7,4.1,11.8,46.8,25.5,38.9,91.8,0.2,0,1.7,0,6.7,4.9,77.7,0,0,0,0.7,0,12.1,0,0,2.4,11.6,2.5,43.6,0,21,33.8,13.3,5,3.4,99.1,50,78.2,8.3,18.6,0.4,44.6,0.9,76.1,212.6,75.1,23.8,40.5,123.1,178.8,88.8,10.4,2.2,62.8,54.9,90.5,26.1,31.1,76.3,34.7,75.9,48.1,14.4,0,0,0,0,0,0,0,65.7,46.8,0,0,0,0,0,0,0,0.5,84,108.7,133.3,177.8,9.5,0,0,0,0,0,9.2,0,0,0,1.8,59.3,64.6,49.9,99.5,118.4,28.2,4.9,0,0,30.4,29.1,2.9,24.5,85,31.5,6.9,0,0,0,0,0,0,0,0,0,0,20.2,31.8,35.4,0,0,0,0,0,0,0,0,0,2.5,0,0,0,0,0,0,0,0,0,0,0,0,0,0,0,0,0,0,0,0,0,0,0,0,0,0,0,0,0,0,0,0,0,13.7,0,0,0,0,0,0,1.8,0,0,0,0,0,1.6,0,0,0,0,0,0,0
