lat,lon,,,,,,,,,,,,,,,,,,,,,,,,,,,,,,,,,,,,,,,,,,,,,,,,,,,,,,,,,,,,,,,,,,,,,,,,,,,,,,,,,,,,,,,,,,,,,,,,,,,,,,,,,,,,,,,,,,,,,,,,,,,,,,,,,,,,,,,,,,,,,,,,,,,,,,,,,,,,,,,,,,,,,,,,,,,,,,,,,,,,,,,,,,,,,,,,,,,,,,,,,,,,,,,,,,,,,,,,,,,,,,,,,,,,,,,,,,,,,,,,,,,,,,,,,,,,,,,,,,,,,,,,,,,,,,,,,,,,,,,,,,,,,,,,,,,,,,,,,,,,,,,,,,,,,,,,,,,,,,,,,,,,,,,,,,,,,,,,,,,,,,,,,,,,,,,,,,,,,,,,,,,,,,
24.5,76.5,1,0,0,0,0,0.6,0,0,0,0,0,0,0,0,0,0,0,0,0,0,0,0,0,0,0,0,0,0,0,0,0,0,0,0,0,0,0,0,0,0,0,0,0,0,0,0,0,0,0,0,0,0,0,0,0,0,0,0,0,0,0,0,0,0,0,0,0,0,0,0,0,0,0,0,0,0,0,0,0,0,0,0,0,0,0,0,0,0,0,0,0,0,0,0,0,0,0,0,0,0,0,0,0,0,0,0,0,0,0,0,0,0,0,0,0,0,0,0,0,0,0,0,0,0,0,0,0,0,0,0,0,0,0,0,0,0,0,0,0,0,0,0,0,0,0,0,0,0,0,0,0,0,5.8,0,0,0,0,0,0,3.5,0,0,0,0,1.7,0,0.9,0.1,0.4,0.7,0,0.6,5.3,0,0,0,0,0,0,0,0,0,0,0,4.2,0.4,1.1,0.1,1.7,0,0,0,0,0,0.4,0.4,1.6,0,8,0,4.9,3.7,0.5,1.7,0,0,0,11,25,18.9,14.3,44.6,6.6,0,0,0,0,0,0,0,0,0,0,0,0,0,0,0,0,0,0,0,0.5,5.2,0.9,0,10.5,17.2,1.1,30.1,5.9,1.6,0,0,0,3.7,29.6,34.5,10.5,27,29,24.9,0,0,0,0,0,0,0,0,0,0,0,0,0,0,0.2,0,0,0,0,0,0,0,0,0,0,0,0,0,0,0,0,0,0,0,0,0,0,0,0,0.6,0,0,0,0,0,0,0,0,0,0,0,0,0,0,0,0,0,0,0,0,0,0,0,0,0,0,0,0,0,0,0,0,0,0,0,0,0,0,0,0,0,0,0,0,0,0,0,0,0,0,0,0,0,0,0,0,0,0,0,0,0,0,0,0,0,0,0,0,0,0,0,0,0,0
25.5,76.5,2,0,0,2.3,0,0,0,0,0,0,0,0,0,0,0,0,0,0,0,0,0,0,0,0,0,0,0,0,0,0,0,0,0,0,0,0,0,0,0,0,0,0,0,0,0,0,0,0,0,0,0,0,0,0,0,0,0,0,0,0,0,0,0,0,0,0,0,0,0,0,0,0,0,0,0,0,0,0,0,0,0,0,0,0,0,0,0,0,5.1,0.4,0,0.5,0,0,0,0,0,0,0,0,0,0,0,0,0,0,0,0,0,0.4,0,0,0,0,0,0,0,0,0,0,0,0,0,0,0,0,0,0,0,0,0,0,0,0,0,0,0,0,0,0,0,0,0,0,0,0,0,0,0,0,0,0,0,0,0,0,0.9,0.8,0,0,0,0,0,0,0,0,0.4,0.8,0.2,2,0,0,2.8,0,0,0,0,0,0,0,0,0,0,0,5,19.3,5.6,0,0,0,0,0,14.6,1.9,0,0,0,0,2.6,13.5,16.9,0,0,0,0,2,20.3,19.9,12.6,12.5,6,18.1,15.4,1.2,0,0,0,0,0,0,0,0,0,0,0,0,0,0,0,0,0,0,0,0,4.4,19.5,24.3,9.8,0.7,1.1,17.6,8.9,1.1,0,0,7.1,16.2,24.2,11.8,23.7,24.1,4.5,0,0,0,0,0,0,0,0,0,0,0,0,0,6.4,2.8,0.6,0,0,0,0,0,0,0,0,0,0,0,0,0,0,0,0,0,0,0,0,0,0,0,0,0,2,0,0,0,0,0,0,0,0,0,0,0,0,0,0,0,0,0,0,0,0,0,0,0,0,0,0,0,0,0,0,0,0,0,0,0,0,0,0,0,0,0,0,0,0,0,0,0,0,0,0,0,0,0,0,0,0,0,0,0,0,0,0,0,0,0,0,0,0,0,0,0,0
26.5,76.5,3,0,0,0.6,0,0,0,0,0,0,0,0,0,0,0,0,0,0,0,0,0,0,0,0,0,0,0,0,0,0,0,0,0,0,0,0,0,0,0,0,0,0,0,0.2,0,0,0,0,0,0,0,0,0,5.4,0,0,0,0,0,0,0,0,0,0,0,0,0,0,0,0,0,0,0,0,0,0,0,0,0,0,0,0,0,0,0,0,0,0,0,0,1.4,0.5,0,0,0,0,0,0,0,0,0,0,0,0,0,0,0,0,0,0,0,0,0,0,0,0,0,0,0,0,0,0,0,0,0,0,0,0,0,0,0,0,0,0,0,0,0,0,0,0,0,0,0,0,0,0,0,0,0,0,0,0,0,0,0,0,0,0,0,0,0,0,0,0,0,0,0,0,0,0,0,0,0.2,0.4,0,0,0,0,0,0,0,0,0,0,5.3,3.6,10.8,0.1,18.8,0,0,0,1.4,0,0,0,0,0,0.1,0.2,1.8,0,2.4,0,0,0,7.9,19.1,6.5,26.1,14.1,1.3,33.8,32.5,0,0,0,0,0,0,0,0,0,0,0,0,0.3,0,0,0,0,0,1.7,6.4,3.5,8.5,6.8,8.7,0,3,0.7,0,0,0,0,0,22,95,1.3,0,6.2,0,0,0,0,0,0,0,0,0,0,0,0,0,0,0,4.3,0,0,0,0,11.3,0,0,0,0,0,0,0,0,1.1,0,0,0,4.8,0,0,0.6,0,0,0,1.4,0,0,0,0,0,0,0,0,0,0,0,0,0,0,0,0,0,0,0,0,0,0,0,0,0,0,0,0,0,0,0,0,0,0,0,0,0,0,0,0,0,0,0,0,0,0,0,0,0,0,0,0,0,0,0,0,0,0,0,0,0,0,0,0,0,0,0,0,0,0,0,0,0,0
27.5,76.5,4,0,0,0,0.4,0,0,0,0,0,0,0,0,0,0,0,0,0,0,0,0,0,0,0,0,0,0,0,0,0,0,0,0,0,0,0,0,0,0,0,0,0,0,0,4.2,0,0,0,0,0,0.6,0,0,0,0,0,0,0,0,0,0,0,0,0,0,0,0,0,0,0,0,0,0,0,0,0,0,0,0,0,0,0,0,0,0,0,1.5,0,0,0,0.2,0.2,0,0,0,0,0,0,0,0,0,0,0,0,0,0,0,0,0,3.3,0,0,0,0,0,0,0,0,0,0,0,0,0,0.8,0,0,0,0,0,0,0,0,0,0,0,0,0,0,0.1,0,0,3.9,0.6,0,0,0,0,0,0,0,0,0,0,0,0,0,0,0,0,0,0,0,0,0,0,0,0,0,0.7,0,0,0,0,0,0,0,0,0,0,0,0,0,0,0,0,4.2,0,0,0,0,0,0,2.5,14,0,0,0,0,0,6.6,27.6,8.9,0,0,0,5.6,18.6,19.4,6.6,0.3,6.7,18.6,1.8,18.5,9.3,0,0,0,0,0,0,0,0,0,1,5,0,0,0,0,0,0,0,8,12.4,13.2,32.5,42,2.9,0.4,5.2,0,0,0,0,0,3.6,96.7,3.4,0.4,0,0,0,0,0,0,0,0,0,0,0,0,0,0,0,0,0,0,2.1,0,0,0,0,0,0,0,0,0,0,0,0,0,0,0,0,0,0,0.3,0,0,1.5,8.6,0,0,0,0,0,0,0,0,0,0,0,0,0,0,0,0,0,0,0,0,0,0,0,0,0,0,0,0,0,0,0,0,0,0,0,0,0,0,0,0,0,0,0,0,0,0,0,0,0,0,0.7,0,0,0,0,0,0,0,0,0,0,0,0,0,0,0,0,0,0,0,0,0,0,0
28.5,76.5,5,0,0,0.8,4.8,0,0,0,0,0,0,0,0,0,0,0,0,0,0,0,0,0,0,0,0,0,0,0,0,0,0,0,0,0,0,0,0,0,0,0,0,0,0,0,2.2,0,0,0,0,0,1.6,0,0,0,0,0,0,0,0,0,0,0,0,0,0,0,0,0,0,0,0,0,0,0,0,0,0,0,0,0,0,0,0.7,0,0,0,0,0,0.3,0,0.1,0.7,2.4,0,0,0,0,0,0,0,0,0,0,1.2,0,0,0,0,0,0.9,0,0,0,0,0,0,0,0,0,0,0,0,0,0,0,0,0,0,0,0,0,0,0,0,0,3.6,0,0,0,0,0,0.2,0.9,0.8,0,0,0,0,0,0,0,0,0.3,0,3.7,2.5,0,0,0,0,0,0,0,0,0,0,0,0,0,0,0,0,0,0,0,0,0,0,0,0,0,0,0,0,0,1.6,0.2,0.5,0,0,0,6.1,0,0.5,0,0,0,8.2,0,6,15.4,13.2,0,0,7.9,2.8,0,23.5,0.5,0,4.6,0.1,1.7,60.3,22,0,0,0,0,0,0,0,3.5,0,4.6,0,0,0,0,0,0,0,0,0,12.9,13.2,7,22,0,0,5.3,3,0,0,0,0,0,42,4.4,0,0,0,0,0,0,0,0,0,0,0,0,0,0,0,0,1.6,0,0,0,0,0,0,0,0,0,0,0,0,0,0,0,0,0,0,0,0,0,0,0,0.3,1.6,0.8,0,0,0,0,0,0,0,0,0,0,0,0,0,0,0,0,0,0,0,0,0,0,0,0,0,0,0,0,0,0,0,0,0,0,0,0,0,0,0,0,0,0,0,0,0,0,0,0,0,0,0,0,0,0,0,0,0,0,0,0,0,0,0,0,0,0,0,0,0,0,0,0,0,0
29.5,76.5,6,0,0,0.3,0,0,1.9,0,0,0,0,0,0,0,0,0,0,0,0,0.3,0.9,0,0,0,0,0,0,0,0,0,0,0,0,0,0,0,0,0,0,0,0,0,0,0,5,0,0,0,0,0.2,0,0,0,0,0,0,0,0,0,0,0,0,0,0,0,0,0,0,0,0,0,0,0,0,0,0,0,0,0,0,0,0,0.3,0,0,0,0,0,0,0,0,0,2.4,0,0,0,0,0,0,0,0,0,0,0.6,0,0,0,0,0,0,0.4,0,0,0,0,0,0,0,0,0,0,0,0,0,0,0,0,0,0,0,0,0,0,0,0,0,0,0,0,0,0,6.9,8.7,3,0,0,0,0,0,0,0,0,0,0,0,0,0.7,0,0.1,0,0,0,0,0,0,0,0,0,0,0,0,0,0,0,0,0,0,0,0,0,0,0,0,0,0,0,0,3.1,0,0,1.1,4.9,0,0,0,0,0,3.3,21.6,18.5,4,4.5,0,0,2.3,16.2,1.6,7.3,0,0,5.6,0,3.5,47.6,7.9,0,0,0,0.1,0.3,0,12.2,9.4,2.1,0,0,0,0,5,0,0,0,0,8.4,6,3.6,34.9,44.3,0,2.7,0,6.7,0,0,0,0,0,10.6,1,0.3,0,0,0,0,0,0,1.4,0,0,0,0,0,0,0,0,7.8,0,0,0,0,0,0,0,0,0,0,0,9.2,0,0,0,0,0,0,0,0,0,0,0,0,0.2,1.9,0.5,0,0,0,0,0,0,0,0,0,0,0,0,0,0,0,0,0,0,0,0,0,0,0,0,0,0,0,0,0,0,0,0,0,0,0,0,0,0,0,0,0,0,0,0,0,0,0,0,0,0,0,0,0,0,0,0,0,0,0,0,0,0,0,0,0,0,0,0,0,0,0,0,0
30.5,76.5,7,0,0,2.7,0.5,0,0,0,0,0,0,0,0,0,0,0,0,0,0,0,5.4,0,0,0,0,0,0,0,0,0,0,0,0,0,0,0,0,0,0,0,0,0,0,0,25.3,0,0,0,0,0,2.9,0,0,0,0,0,0,0,0,0,0,0,0,0,0,0,0,4.8,0,0,0,0,0,0,0,0,0,0,2.9,1.4,0,0,0,0,0,0,0,0,0,0,2.1,3,4.3,0,0,0,0,0,0,0,0,0,0,8.8,0,0,0,0,0,0,1.4,0,0,0,0,0,0,0,0,0,0,0,0,0,0,0,0,0,0,0,0,0,0,0,0,0,0,0,0,0,0,0,2.2,34.6,1.4,0,0,0,0,0,0,0,0,0,0,0,0,0,0,0,0,0,0,0,0,0,0,0,0,0,0,0,0,0,0,0.3,0,0,0,0,0,0,0,1.4,0,6.2,0,0,0,2.1,0.7,12.2,0,0,0,0,0,8,78.2,10.4,0,9.4,0,0,0,0,1.9,43.5,0,0.7,11.9,0,1.8,0.5,26.1,5.6,0,2.3,0,2.7,0,4.2,0,16.4,0,0,0,0,0.4,0,0,0,0,6,1.3,7.9,10.4,24.7,0,8,0.8,1.3,0,0,0,0.4,18.6,5,0,0,0,0,0,0,0,0,0,0,0,0,0,0,0,0,0,0,0,0,0,0,0,0,0,0,0,0,0,0,0,0,14,0,0,0,0,0,0,0,0,0,0,0,0,0,0,0,0,0,0,0,0,0,0,0,0,0,0,0,0,0,0,0,0,0,0,0,0,0,0,0.7,0,0,0,0,0,0,0,0,0,0,0,0,0,0,0,0,0,0,0,0,0,0,0,0,0,0,0,0,0,0,0,0,0,0,0,0,0,0,0.7,0,0,0,0,0,0,0
31.5,76.5,8,0,0,2.4,5.1,4.9,0,0,0,0,0,0,0,0,0,0,5.2,0,0,5.1,7.4,0,0,0,0,0,0,0,0,0,0,0,0,0,5.4,0.6,1.8,0,0,0,0,0,0,7.4,29.2,1.2,0,0,9,12.9,4.9,0.3,0,0,0,0,0,0,0,0,0,0,0,0,0,0,3.6,5.5,0,0,0,4.6,0,0,0,0,0,0,13.7,8.8,21,5,7.6,0,0,0,0,0,0,6.5,13,16.5,3.4,0.2,0,0,0,0,0,0,0,0,1.2,2.2,3.8,0,0,0,2.1,5.9,1.3,0,0,0,1.4,1.3,0,0,0,0,0,0,0,0,0,0,0,1.8,0,0,0,0,0,0,1.8,0,0,0,0,0,11.4,3.6,3.6,31,30.9,0,0,0,0,0,0,0,0,0,0,0.7,0,9.4,0,0,0,0,0,0,0,0,0,0,0,0,0,0,0,15.3,6.7,0,0,0,0,4.8,0.6,5.2,5.1,2.6,0,0,0,0,0,7.4,12.7,63.4,0,0,0,7.2,17.9,16.4,0.3,17.2,13.1,0,1,34.3,8.8,5.4,39.3,29.3,7.1,3.9,0,7.5,15.6,15.3,6.8,15.1,2.4,0.3,0,0,1.6,0,2.9,5,14,0,0,0,0,0,0,0,0,14.6,41.4,2.9,25.7,1.7,7.2,14,20.4,0,4.2,3.5,11.3,0.2,8.5,3.9,0,0,0,0,0,0,0,0,0,0,0,0,0,0,0,0,2.8,0.5,0,0,1.9,0,0,0,0,0,0,0,0,0,0,0,10.8,0,0,0,0,0,0,1.1,0,0.2,2.6,0,0,2.1,0.5,0,0,0,0,0,0,0,0,0,0,0,0,0,0,0,1.4,0,0,0,0,0,0,0,10.2,0,0,0,0,0,0,0,0,0,0,0,0,0,0,0,0,0,0,0,0,0,0,0,0,0,0,0,0,0,0,0,0,0,0,0,0,0,0,0,7.2,0,0,0,0,0,0,0
32.5,76.5,9,0,0,2.7,13.3,0,0,0,0,0,0,0,0,0,0,0,0,0,3,14.2,20.5,0,0.2,0.3,0,0,0,0,0,0,0,0,0.8,1.1,5.1,25.8,4.2,4.9,0,0,0,0,0.3,2,45,4.6,0.6,5.6,18.9,10.9,12.6,1,0.1,0,0,0,0,0,0,0,0,0,1,0,0,0,7.6,6.9,0.7,0,0,0,0,0,0,0,1.6,11.5,17.7,22.1,1.1,3.1,5.4,5.7,4.8,0.1,2.3,0,0,0,9.8,31.9,9.1,4,0,0,3.3,3.1,6.9,0,0,0.7,3,1.5,0.3,0.7,0,1.2,6,13.4,3.6,9.7,0,3.4,14.7,15.7,1.2,0,0,0,0,0,0,0,0,0,13.7,3.8,4.6,6.5,0,0,0.8,0,0.3,0,0,0,0,0,0,7.8,31.1,37.8,7.1,0,0,0,0,0,0,0,0,0,0,0,1.6,0.3,1.7,0,0,0,0,0,0,0,0,0,0,0,0,0,7.1,6.2,7.7,0,0,0,0,0,6.1,10.7,14.5,24,0.2,2.5,0.7,0,0,1.2,31.6,10.6,0,0,0,25.2,39.6,38,10,17.7,21.2,3.8,28,104,26.7,12.4,34,34.9,45.6,10.5,5.7,24.8,39.3,0.9,28.7,7.3,3.6,4.3,0,0,0,0,6.2,9.5,0.8,0,0.9,5.3,0,2.1,0,0,32.2,52.4,5.8,3.9,4.9,5.4,23.4,7.1,9.8,4.5,0,4.3,5.3,2.7,5.4,6.3,3.5,0,0,1.4,0,0,0,0,0,0,0,0,0,0,0,2.6,8.6,1.1,0,0,3.8,0,0,0,0,0,0,0,0,0,0,10.7,0,0,0.1,0,0,1.2,3.8,3.3,0,0,0.3,0,2.6,26.9,0,0,0,0,0,0,0,0,0,0,0,0,0,0,0,0.5,1.1,0,0,0,0,0,0,2.1,12.3,0,0,0,0,0,0,0,0,0,0,0.2,0,0,0,0,0,0,0,0,0,0,0,0,0,0,0,0,0,0,0,0,0,0,0,0,0,0,0,8.7,16.7,6,0,0,0,0,0,0
24.5,77.5,10,0,0,1.6,0,0,0,0,0,0,0,0,0,0,0,0,0,0,0,0,0,0,0,0,0.3,0,0,0,0,0,0,0,0,0,0,0,0,0,0,0,0,0,0,0.2,0,0,0,0,0,0,0,0,0,0,0,0,0,0,0,0,0,0,0,0,0,0,0,0,0,0,0,0,0,0,0,0,0,0,0,0,0,0,0,0,0,0,0,0,0,0.7,0,0,0,0,0,0,0,0,0,0,0,0,0,0.3,0,0,0,0,0,0,0,0,0,0,0,0,0,0,0,0,0,0,0,0,0,0,0,0,0,0,0,0,0,0,0,0,0,0,0,0,0,0,0,0,0,0,0,0,0,0,0,0,0,0,0,0,0,0,0,0,0,0,0,0,0,0,0,0,26,0,0,1.5,0.5,0,0,0,0,0,0,0,0,0,0,1.8,41.7,4.7,0.9,2.4,0.5,0,0,0,4.8,0.9,0,0,0,0,28.9,2.7,5.3,16.3,3.4,8.4,47.1,0,0.3,38.3,23.2,15,15.4,106.9,10.9,10,0,0,0,0,0,0,0,0,0,0,0,0,0,0,0,0,0,0,1.3,2,31.9,46.8,0.5,10.9,7.1,18.1,2.6,11.5,0,0,1.9,19.4,35.5,3.3,1.1,2.6,23,5.8,0.6,0,0,0,0,0,0,0,0,0,0,0,0,0,0.3,0.8,0,0,0,0,0,0,0,0,0,0,0,0,0,0,0,0,0,0.3,0,0,0,0,0,9.4,3.8,2.1,0,0,0,0,0,0,0,0,0,0,0,0,0,0,0,0,0,0,0,0,0,0,0,0,0,0,0,0,0,0,0,0,0,0,0,0,0,0,0,0,0,0,0,0,0,0,0,0,0,0,0,0,0,0,0,0,0,0,0,0,0,0,0,0,0,0,0,0,0,0,0,0
25.5,77.5,11,0,0,1.6,0,0,0,0,0,0,0,0,0,0,0,0,0,0,0,0,0,0,0,0,0,0,0,0,0,0,0,0,0,0,0,0,0,0,0,0,0,0,0,0,0,0,0,0,0,0,0,0,0,0,0,0,0,0,0,0,0,0,0,0,0,0,0,0,0,0,0,0,0,0,0,0,0,0,0,0,0,0,0,0,0,0,0,0,3.8,0.6,0.2,0.6,0,0,0,0,0,0,0,0,0,0,0.5,0.5,0,0,0,0,0,0,0,0,0,0,0,0,0,0,0,0,0,0,0,0,0,0,0,0,0,0,0,0,0,0,0,0,0,0,0,0,0,0,0,0,0,0,0,0,0,0,0,0,0,0,0,0,0,0.2,0,0.2,0,0,0,0,0,0,0,1.5,2.1,2.5,0,0,2.5,0,0,0,0,0,0,0,0,0,0,0.5,2.9,42.2,0,0,0,0,0,0,1.9,23.8,0,0,0,0,10.6,2.3,0.9,0,2.5,2.2,0,0,1.9,29,20.7,3.8,4.3,136.1,46.5,36.9,0,0,0,0,0,0,0,0,0,0,0,0,0,0,0,0,0,0,0,21.4,27.1,27.5,56.9,0,1.1,13.5,4.6,3.8,3.6,0,0,0.7,60.2,20,4.7,0,17.1,16,12.1,0,0,0,0,0,0,0,0,0,0,0,0,0,3.5,0,0,0,0,0,0,0,0,0,0,0,0,0,0,0,0,0,0,0,0,2.3,0,0,7.8,43.9,0,0.3,0,0,0,0,0,0,0,0,0,0,0,0,0,0,0,0,0,0,0,0,0,0,0,0,0,0,0,0,0,0,0,0,0,0,0,0,0,0,0,0,0,0,0,0,0,0,0,0,0,0,0,0,0,0,0,0,0,0,0,0,0,0,0,0,0,0,0,0,0,0,0,0
26.5,77.5,12,0,0,0,0,0,0,0,0,0,0,0,0,0,0,0,0,0,0,0,0,0,0,0,0,0,0,0,0,0,0,0,0,0,0,0,0,0,0,0,0,0,0,0,0,0,0,0,0,0,0,0,0,0,0,0,0,0,0,0,0,0,0,0,0,0,0,0,0,0,0,0,0,0,0,0,0,0,0,0,0,0,0,0,0,0,0,0,0,0.6,2.5,0.1,0,0,0,0,0,0,0,0,0,0,0,0,0,0,0,0,0,0.5,0,0,0,0,0,0,0,0,0,0,0,0,0,1.7,0,0,0,0,0,0,0,0,0,0,0,0,0,0,0,0,0,0,0,0,0,0,0,0,0,0,0,0,0,0,0,0,0,0,0,0.2,0,0,0,0,0,0,0,0,0,0.1,0,0,0,0.4,0,0,0,0,0,0,0,0,0,0,0,2.6,1.3,0.6,0,6.7,0,0.6,0.4,0.6,35.8,0,0,0,11.4,13.2,8.2,2,0,0,7.9,21.5,59,12.6,5.4,1.8,4.9,2.1,57.9,67,0,0,0,0,0,0,0,0,0,0,0.6,0,0,0,0,0,0,0,0,0,18.5,43.7,5.7,2.8,2.8,0.1,4.6,1.2,0,0,0,0,60,89.2,34.4,5.2,0.1,1.2,1.7,0,0,0,0,0,0,0,0,0,0,0,0,0,0,0,0,0,0,0,0,0,0,0,0,0,0,0,0,0,0,0,0,0,0,0,0,0,0,0,0,0,0,3.4,2.1,0,0,0,0,0,0,0,0,0,0,0,0,0,0,0,0,0,0,0,0,0,0,0,0,0,0,0,0,0,0,0,0,0,0,0,0,0,0,0,0,0,0,0,0,0,0,0,0,0,0,0,0,0,0,0,0,0,0,0,0,0,0,0,0,0,0,0,0,0
27.5,77.5,13,0,0,0,0,0,0,0,0,0,0,0,0,0,0,0,0,0,0,0,0,0,0,0,0,0,0,0,0,0,0,0,0,0,0,0,0,0,0,0,0,0,0,0,1.5,0,0,0,0,0,2,0,0,0,0,0,0,0,0,0,0,0,0,0,0,0,0,0,0,0,0,0,0,0,0,0,0,0,0,0,0,0,0,0,0,0,0,0,0,0,4.1,1.2,5.5,0,0,0,0,0,0,0,0,0,0,0,0,0,0,0,0,1.9,0,0,0,0,0,0,0,0,0,0,0,0,0,0.9,0,0,0,0,0,0,0,0,0,0,0,0,0,0,0,0,0,7.8,1.1,0,0,0,0,0,0,0,0,0,0,0,0,4.2,0,0,0,0,0,0,0,0,0,0,0,0,0,0,0,0,0,0,1.9,0,0,0,0,0,0,0,0,0,0,2.1,0,0,0,0,0,0,0,7.8,0,0,0,0,0,26.7,4.7,3.3,0,0,20.4,7.2,18,22.4,3.7,0,2.2,0.3,34.1,62,14,0,0,0,0,0,0,0,0,0,0,0,0,0,0,0,0,0,0,1.6,8.3,27.4,8.1,4.9,0,0,0.4,0,0,0,2.6,34.5,47.1,75.8,77.8,4.6,0,0,0,0,0,0,0,3.2,0,0,0,0,0,0,0,0.2,0,0,0,0,0,0,0,0,0,0,0,0,0,0,1.8,0,0,0,0,0.5,0,0,0,0,0,0,0,0,0,0,0,0,0,0,0,0,0,0,0,0,0,0,0,0,0,0,0,0,0,0,0,0,0,0,0,0,0,0,0,0,0,0,0,0,0,0,0,0,0,0,0,0,0,0,0,0,0,0,0,0,0,0,0,0,0,0,0,0,0,0,0,0,0,0,0,0,0,0,0,0
28.5,77.5,14,0,0,0.9,5.5,0,0,0,0,0,0,0,0,0,0,0,0,0,0,0,1.4,0,0,0,0,0,0,0.3,0,0,0,0,0,0,0,0,0,0,0,0,0,0,0,0,4.7,0,0,0,0,0,3.4,0,0,0,0,0,0,0,0,0,0,0,0,0,0,0,0,0,0,0,0,0,0,0,0,0,0,0,0,0,0,0,0.2,0,0,0,0,0.6,0,0,0,0,2.6,0,0,0,0,0,0,0,0,0,0,1.7,0,0,0,0,0,1.2,0,0,0,0,0,0,0,0,0,0,0,0,0,0.4,0,0,0,0,0,0,0,0,0,0,0,0,0,0,0,0,1.9,0,3.7,0,0,0,0,0,0,0,0,0,0,0,0,0,0,0.4,0,0,0,0,0,0,0,0,0,0,0.6,0,0,0,0,0,0,0,0,0,0,0,0,0,0,0,0,0.3,0,0,0,0,0.8,4.5,1.6,0,0,0,6.4,0.9,0.3,14.9,2.6,9.9,1,0,45.3,1.5,9.7,13.5,0,1.5,11.2,1.1,1,83.6,23.4,0,0,0,0,0,0,0,2.1,5.2,0,0,0,0,0,0,0,0,0,11.2,24.3,25.7,29.6,3,0.5,0.4,0.4,0,0,0,0,0,41.3,60.3,42.5,7.5,0,0,0,0,0,0,0,0,0,0,0,0,0,0,0,10.6,0,0,0,0,0,0,0,0,0,0,0,0,0,0,0,0,0,0,0,0,0,0,0,0,0,0.4,0.6,0,0,0,0,0,0,0,0,0,0,0,0,0,0,0,0,0,0,0,0,0,0,0,0,0,0,0,0,0,0,0,0,0,0,0,0,0,0,0,0,0,0,0,0,0,0,0,0,0,0,0,0,0,0,0,0,0,0,0,0,0,0,0,0,0,0,0,0,0,0,0,0,0
29.5,77.5,15,0,0,0.6,3.3,0,0,0,0,0,0,0,0,0,0,0,0,0,0,0,9.8,0,0,0,0,0,0,0,0,0,0,0,0,0,0,0,0,0,0,0,0,0,0,0,16.4,0,0,0,0,0,2.6,0,0,0,0,0,0,0,0,0,0,0,0,0,0,0,0,0,0,0,0,0,0,0,0,0,0,0,1.1,4.3,0,0,0,0,0,0,0,0,0,0,2.1,5.5,17.8,0,0,0,0,0,0,0,0,0,0,0.9,0,0,0,0,0,1,14.7,0,0,0,0,0,0,0,0,0,0,0,0,0,0,0,0,0,0,0,0,0,0,0,0,0,0,0,0,0,0,0,4.3,10.6,0,0,0,0,0,0,0,0,0,0,0,0,0,0,1.6,0,0,0,0,0,0,0,0,0,0,0,0,0,0,0,0,0,0,0,0,0,0,0,0,0,0,0,0,0,0,0,11.6,8.9,0,0,0,0,9.3,19.9,8.2,60.5,0.8,0,0,0,7.8,1.6,31,19.4,0,0,2.7,0,6,37.7,14,15.1,1.2,0,0,0.6,0,0,2.3,0,0,2.1,0,0,8.7,0,0,0,0,4.6,17.1,34.1,110.6,33.3,3.1,0,2.3,0,0,0,0,1.2,68.1,4.7,12.3,0.8,0,0,0,0,0,0,0,0,0,0,0,0,0,0,0,0,0,0,0,0,0,0,0,0,0,0,0,0,0,0,0,0,0,0,0,0,0,0,0,0,5.7,4.5,5.5,0,0,0,0,0,0,0,0,0,0,0,0,0,0,0,0,0,0,0,0,0,0,0,0,0,0,0,0,0,0,0,0,0,0,0,0,0,0,0,0,0,0,0,0,0,0,0,0,0,0,0,0,0,0,0,0,0,0,0,0,0,0,0,0,0,0,0,0,0,0,0,0,0
30.5,77.5,16,0,0,3.4,0.8,0,31.6,0,0,0,0,0,0,0,0,0,0,0,0,0.8,58.3,0,0,0,0,0,0,0,0,0,0,0,0,0,0,0.3,0,0.9,0,0,0,0,0,1.9,75.1,0,0,0.2,6.3,9.3,24.1,2.4,0,0,0,0,0,0,0,0,0,0,0,0,0,0,0,0,0,0,0,0,0,0,0,0,0,0.7,79.6,11.6,0,0,0,0,0,0,0,0,0,7.2,43.3,22.2,3,0,0,0,0,0,0.4,0,0,0,0.5,0.5,0,0.6,0,0,0.7,0,0,0,0,0,0,0,0,0,0,0,0,0,0,0,0,0,0,0,0,0,0,0,0,0,0,0,0,0,0,0,0.4,1.7,3.8,62.1,12,0,0,0,0,0,0,0,0,0,0,0,0,0.4,0,0,0,0,0,0,0,0,0,0,0,0,0,0,39.5,0.8,3.4,0,0,0,0,0,0,36.3,19.6,8,2.1,6.4,1.4,18,0.5,3,12.5,12.1,0,0,0,57.2,41.7,79,98.7,79.4,13,91.8,29.3,46,5,10.1,46.7,47.6,49.5,0.7,7.5,56,31.1,6.1,10.3,6.3,0,8.7,0,0,0,1.1,2.1,5.7,0,0,0,0,0,0,83.6,0,1.9,1.4,7.8,12.3,36.9,0.3,20.9,92.2,58.2,0,0,0,0.8,11.2,6.7,9,0,0,0,0,0,83.4,0,0,0,0,0,0,0,0,0,0,1.4,0.6,0,0,0,0,0,0,0,0,0,0,0,0,0,30.2,1.7,6.8,0,0,0,0,10.5,1.2,0,0,0,0,0,0.4,1.9,0,0,0,0,0,0,0,0,0,0,0,0,0,0,0,0,0,0,0,0,0,0,0.2,2.2,0,0,0,0,0,0,0,0,0,0,0,0,0,0,0,0,0,0,0,0,0,0,0,0.3,0,0,0,0,0,0,0,0,0,0,0,0,0,0.2,0,2.1,0,0,0,0,0,0,0
31.5,77.5,17,0,2.6,5,4.3,2.6,0,0,0,0,0,0,0,0,0,0,0,0,0,13.2,35.9,0,0,0,0,0,0,0,0,0,0,0,0,8.8,2.5,15.6,16,1.6,0,0,0,0,0,17.7,17.9,5.1,4.4,9,16.8,27.5,44.3,8.3,1,0,0,0,0,0,0,0,0,0,0,0,2.6,0,12.3,2.9,0,1.1,0,0,0,0,0,0,0,8.7,54.4,41.5,2.2,11.2,5.6,0.9,1.8,0.5,0,0,0,2.1,8.7,17,3.2,0,0,0,0,1.5,7.5,1.1,0,0,3.1,10.1,8.7,0,1.1,0,3.6,35.4,5.1,1.6,0,1.5,5.6,2.7,1.5,0,0,0,0,0,0,0.8,0,0,3.7,0.6,0,4.6,1.1,1.2,1.4,0,0,0,0,0,0.4,0,5.6,17.7,13.8,44.8,15,0,0,0,0,0,0,0,0,0,0,0,4.1,0,0.5,0,0,0,0,0,0,0,0,0,0.6,1,0,0,1.4,8.1,9.3,0,0,0,0,0.4,1,0.4,1,2.7,2.7,3.9,0,0,0,6.2,10.1,2.5,0,0,0,0.6,11.9,1.3,14.8,36.9,10,2,0,2.2,0,6.3,0.6,15.2,10.5,9.6,0.4,0,2.8,3.4,22.7,11.8,1.6,0.4,0,0,0,1.9,21.9,1.5,0,0,0,0,0,0,0,0,0,4.6,4.6,4,13.5,0.6,0,5.4,10.7,0,3.5,1.5,1.1,7.1,4.8,2.7,9,0,0,0,0,0,0,0,2.3,0,0,0,0,0,0,0,1.5,0,0,0,0,0,0,0,0,0,0,0,0,0,0,6.5,19.2,0,0,0,0,1.4,2.9,3.4,0,1.6,2,0,1,1.9,0,0,0,0,0,0,0,0,0,0,0,0,0,0,0,1.5,0,0,0,0,0,0,0,0,19.5,0,0,0,0,0,0,0,0,0,0,0,0,0,0,0,0,0,0,0,0,0,0,0,0,0,0,0,0,0,0,0,0,0,0,0,0,0,0,0,1.3,0,0,0,0,0,0,0
32.5,77.5,18,0,0,1.6,2.8,0,0,0,0,0,0,0,0,0,0,0,0,0,0,31.1,6.9,0,2.1,2.8,0,0,0,0,0,0,0,0,8.5,11.4,53.3,69.9,1,0,1.2,1.4,0,0,2.8,22.4,42,1.7,0,20.6,15.3,13.3,7.3,4.5,1.8,0,0,0,0,0,0,0,0,0,0,0,0,0,39.8,10.7,4.5,0,0,0,0,0,0,0,17.1,81.8,29.7,8.5,10.7,0.8,1.3,8.6,10.7,1.5,0,0,0,0,23.7,2.7,3.1,0.2,0,0.9,3.6,11.8,1.1,0.3,0,7.1,0,3.1,1.5,7.1,0,0,46.6,8.7,8.8,3.2,0,29.2,19.4,11.9,2.2,0,0,0,0,0,0,0,0,0,45.4,19.8,7.1,1,0.4,0,0,0,0,0,0,0,1.5,0,0,32.1,45.8,35.9,11.9,0,0,0.3,0,0,0,0,0,0,0,0,3,0,0,0,0,0,0,0,0,0,0,0,0,0,0,0,0.3,2.7,1.2,0,0,0,0,0,3.4,1.7,4.2,0.9,4.2,0.4,0,0,0,5.9,11,4.8,0.3,0,0,1.9,13.1,11.3,7.1,8.3,2.7,0,11.9,7.1,2.5,3.3,2.9,11,10.5,4,5,10.5,4.2,9.1,16.4,4.1,0.9,5,2.8,3,0,2.5,2.8,2.6,0.2,0.5,0,0,0,0,0,5.6,3,6.6,7.6,14.3,9.6,3,0,8,4.8,4.2,0,15.7,12.3,10.4,26,7.4,0,0.8,0,0.4,0,3.3,0.2,0,2.2,0,0,0,0,4,3.5,0,4.6,0,1.1,0,2.2,0.2,0.3,0,0,0,0,0,0,0,0,5.7,5.9,0,1.4,0,0,0,0,7.3,0,0,3,0,0.1,2.6,0,0,0,0,0,0,0,0,0,0,0,0,0,0,3.5,6.2,0.1,0,0,0,0,0,0,7.5,0,0,0,0,0,0,0,0,0,0,0,3.5,0,0,0,0,0,0,0,0,0,0,0,0,0,0,0,0,0,0,0,0,0,0,0,0,0,0,0,6.6,10.3,0.9,0,0,0,0,0,0
24.5,78.5,19,0,0,0.3,0,0,0,0,0,0,0,0,0,0,0,0,0,0,0,0,0,0,0,0,0,0,0,0,0,0,0,0,0,0,0,0,0,0,0,0,0,0,0,0,0,0,0,0,0,0,0,0,0,0,0,0,0,0,0,0,0,0,0,0,0,0,0,0,0,0,0,0,0,0,0,0,0,0,0,0,0,0,0,0,0,0,0,0,11.9,2.7,0,0.2,0,0,0,0,0,0,0,0,0.5,0,0,0,0,0,0,0,0,2.2,0,0,0,0,0,0,0,0,0,0,0,0,0,0,0,0,0,0,0,0,0,0,0,0,0,0,0,0,0,0,0,0,0,0,0,0,0,0,0,0,0,0,0,0,0,0,0,0,0,0,0,0,0,0,0,0,0,0.7,0,0,0,0,0,11.7,1,3.7,0.6,0,0,0,0,0,0,0.7,10.7,0,0,0,0,0,0,0,1.6,2.7,0.8,0.3,0,0.3,10.1,0,18.2,0.8,1.4,1,1,0,47.2,50,35.8,2.3,7.9,5.7,2.1,0,0,0,0,0,0,0,0,0,0,0,0,11.6,0,1.5,3,11.6,1,1.8,0,6.9,7.8,45.8,5.2,7.1,25.1,19.7,15.8,0,9.9,1.9,3.6,28.2,24.4,3.2,1,16,36.9,40.9,29.9,1.6,0,0,0,0,0,0,0,0,0,0,0,0,1.7,0,0,0,0,0,0,0,0,0,0,0,0,0,0,0,0,0,0,0.5,5,0,0,0,4.3,5.9,0,0.9,0,0,0,0,0,0,0,0,0,0,0,0,0,0,0,0,0,0,0,0,0,0,0,0,0,0,0,0,0,0,0,0,0,0,0,0,0,0,0,0,0,0,0,0,0,0,0,0,0,0,0,0,2.7,2.8,0,0,0,0,0,0,0,0,0,0,0,0,0,0,0,0,0,0
25.5,78.5,20,0,0,0.5,0,0,0,0,0,0,0,0,0,0,0,0,0,0,0,0,0,0,0,0,0,0,0,0,0,0,0,0,0,0,0,0,0,0,0,0,0,0,0,0.2,1.9,0,0,0,0,0,0,0,0,0,0,0,0,0,0,0,0,0,0,0,0,0,0,0,0,0,0,0,0,0,0,0,0,0,0,0,0,0,0,0,0,0,0,0,2.2,0,0,16.2,0,0,0,0,0,0,0,0,0,0,0.2,0,0,0,0,0,0,0,0,0,0,0,0,0,0,0,0,0,0,0,0,0,0,0,0,0,0,0,0,0,0,0,0,0,0,0,0,0,0,0,0,0,0,0,0,0,0,0,0,0,0,0,0,0,0,0,0,0,0,0,0,0,0,0,0,0,0,0,0,0,0,0,0,0,0,0,0,0,0,0,0,0.3,13.5,28.9,0.1,1.2,0.8,0,0,0,0,2,4.9,0,0,0,2.3,38.4,1.8,0,0,0,0,13.1,30.9,52.4,8.3,4.2,1.8,9.8,7.5,2.4,0,0,0,0,0,0,0,0,0,0,0,0,1.3,0,0,0,0.3,0,0.5,3,7.1,53.1,0.8,0,19,80.1,2.4,16.5,0,0,0,3.8,155.1,52.6,0.8,1.3,12.7,48.6,35.8,4.3,0,0,0.1,0,0,0,0,0,0,0,0,0,0,0,0,0,0,0,0,0,0,0,0,0,0,0,0,0,0,0,0,0,0,0,0,0,0,6.1,0.3,0,0,0,0,0,0,0,0,0,0,0,0,0,0,0,0,0,0,0,0,0,0,0,0,0,0,0,0,0,0,0,0,0,0,0,0,0,0,0,0,0,0,0,0,0,0,0,0,0,0,0,0,0,0,0,0,0,0,0,0,0,0,0,0,0,0,0,0,0,0,0,0,0
26.5,78.5,21,0,0,0,0,0,0,0,0,0,0,0,0,0,0,0,0,0,0,0,0,0,0,0,0,0,0,0,0,0,0,0,0,0,0,0,0,0,0,0,0,0,0,0,0,0,0,0,0,0,0,0,0,0,0,0,0,0,0,0,0,0,0,0,0,0,0,0,0,0,0,0,0,0,0,0,0,0,0,0,0,0,0,0,0,0,0,0,0,0,0,2.3,0,0,0,0,0,0,0,0,0,0,0,0,0,0,0,0,0,0,0,0,0,0,0,0,0,0,0,0,0,0,0,0,0,0,0,0,0,0,0,0,0,0,0,0,0,0,0,0,0,0,0,0,0,0,0,0,0,0,0,0,0,0,0,0,0,0,0,0,0,0,0,0,0,0,0,0,0,0,0,0,0,0,0,0,0,0,0,0,0,0,0,0,19.7,0,0,0,1,0,0,0,0,0,0,0,0,0,7.7,26.3,14,0,0,0,5.4,8.3,46.2,41.6,0,1.3,12.2,41.2,69.1,15.4,0.2,0,0,0,0,0,0,0,0,0,0,0,0,0,0,0,0,0,0,0,3.8,21.6,5.5,2.6,12,22.8,0,43.4,3,5.5,0,21.9,49.4,12.7,24.6,1,0,45.4,84.6,3.1,0,0,0,0,0,0,0,0,0,0,0,0,0,0,0,0,0,0,0,0,0,0,0,0,0,0,0,0,0,0,0,0,0,0,0,0,6.6,3.4,0,0,0,0,0,0,0,0,0,0,0,0,0,0,0,0,0,0,0,0,0,0,0,0,0,0,0,0,0,0,0,0,0,0,0,0,0,0,0,0,0,0,0,0,0,0,0,0,0,0,0,0,0,0,0,0,0,0,0,0,0,0,0,0,0,0,0,0,0,0,0,0,0,0
27.5,78.5,22,0,0,0,0,0,0,0,0,0,0,0,0,0,0,0,0,0,0,0,0,0,0,0,0,0,0,0,0,0,0,0,0,0,0,0,0,0,0,0,0,0,0,0,7.9,0,0,0,0,0,0.1,0,0,0,0,0,0,0,0,0,0,0,0,0,0,0,0,0,0,0,0,0,0,0,0,0,0,0,0,0,0,0,0.9,0,0,0.2,0,0,0,0,0,5.3,9.1,0,0,0,0,0,0,0,0.3,0,0,0,0,0,0,0,0,0.6,0,0,0,0,0,0,0,0,0,0,0,0,0,0,0,0,1.2,0,0,0,0,0,0,0,0,0,0,0,0,0,0,0,3.5,1.7,0,0,0,0,0,0,0,0,0,0,0,0,0,0.1,0.2,0,0,0,0,0,0,0,0,0,0,0,0,0,0,0,3.2,0,0,0,0,0,0,0,0,0,0,11.6,0.2,0,0.4,4.8,0,0,0,10.4,0,0,0.5,0,0,7.8,10.4,46,0,0,15.6,7.5,61.5,2.7,0.3,5.3,1.2,1.2,32,93.7,35.9,0.3,0,0,0,0,0,0,0,0,0,0,0,0,0,0,0,0,0,0,2.3,21.3,21.2,0,0.4,3,3.7,8.4,0,0,0,0,43.1,6,35.5,21.1,8.4,1.1,14.1,11,0,0,0,0,0,0,0,0,0,0,0,0,0,0,0,0,0,0,0,0,0,0,0,0,0,0,0,0,0,0,0,0,13.7,0,0,0,0,19.1,4,0,0,0,1.2,0,0,0,0,0,0,0,0,0,0,0,0,0,0,0,0,0,0,0,0,0,0,0,0,0,0,0,0,0,0,0,0,0,0,0,0,0,0,0,0,0,0,0,0,0,0,0,0,0,0,0,0,0,0,0,0,0,0,0,0,0,0,0,0,0,0,0,0,0
28.5,78.5,23,0,0,0.3,2.6,0,0,0,0,0,0,0,0,0,0,0,0,0,0,0,5.6,0,0,0,0,0,0,0,0,0,0,0,0,0,0,0,0,0,0,0,0,0,0,0,9.6,0,0,0,0,0,3.7,0,0,0,0,0,0,0,0,0,0,0,0,0,0,0,0,0,0,0,0,0,0,0,0,0,0,0,0.7,31.7,0,0,1.5,0.4,0,0,0,0,0,0,0.2,12,16.3,0,0,0,0,0,0,0,0,0,0,0,0,0,0,0,0,0.8,1.2,0,0,0,0,0,0,0,0,0,0,0,0,0,0,0,0.6,0,0,0,0,0,0,0,0,0,0,0,0,0,0,0.5,6.4,4.3,0,0,0,0,0,0,0,0,0,0,0,0,0,0.2,1.4,0,0,0,0,0,0,0,0,0,0,0,0,0,0,0,0.2,0.3,0.3,0.8,0,0,0,0,0,0,3.9,2.9,0,0.3,0,0,5.6,1.7,0,0,0,0,5.1,1.7,3.5,15.6,10.4,44.8,0,2.9,22.3,12.8,49.1,6.3,0,0,6.9,2.2,5.7,80.8,53,19.7,0.5,0,0,0,0,0,0,0,0,1,0,0,1.1,0,0,0,0,5.4,21.5,21.8,17.4,1.8,2.5,0.2,1.4,1.4,0,0,0.4,6.3,52.1,1.3,41.1,22.1,4.4,0.2,2.6,15.4,0,0,0,0,0,0,0,0,0,0,0,0,0,0,0,0,0,0,0,0,0,0,0,0,0,0,1.1,0,0,0,0,0,0,0,0,0,0,7.7,5.7,0,0,0,0,0,0,0,0,0,0,0,0,0,0,0,0,0,0,0,0,0,0,0,0,0,0,0,0,0,0,0,0,0,0,0,0,0,0,0,0,0,0,0,0,0,0,0,0,0,0,0,0,0,0,0,0,0,0,0,0,0,0,0,0,0,0,0,0,0,0,0,0,0
29.5,78.5,24,0,0,0,0.4,0,0,0,0,0,0,0,0,0,0,0,0,0,0,0,49.1,0,0,0,0,0,0,0,0,0,0,0,0,0,0,0.1,1.5,0,0,0,0,0,0,0,13.7,0.3,0,0,0.3,0.6,0.8,0,0,0,0,0,0,0,0,0,0,0,0,0,0,0,0,0.3,0,0,0,0,0,0,0,0,0,0,0.8,11.9,0,0,1.9,0,0,0,0,0,0,0.3,3.6,13.2,36,0,0,0,0,0,0,0,0,0,0,0.1,0,0,0,0,0,0.1,0.3,0,0,0,0,0,0,0,0,0,0,0,0,0,0,0,0,0,0,0,0,0,0,0,0,0,0,0,0,0,0,9.6,6,43.1,0.5,0,0,0,0,0,0,0,0,0,0,0,0,1.4,6.4,0,0,0,0,0,0,0.9,0,0,0,0,0,0,0,6.5,4.4,0,0.4,0,0,0,5.9,0.3,0,0.3,19.4,0.5,0.8,6.2,0,0.3,14.7,30,0,0,0,1.2,18.1,20.1,62.9,43.2,7.5,60.2,0.7,53.1,39,8.3,7.9,1.9,0.8,0.3,3.9,0,3.9,39.2,73.2,16.5,0.2,0.8,0,0,0.4,0,0,0.2,0,0,0,0,2.8,0,0,1,0.8,70.3,73,6.5,99.5,14.6,0.3,4.2,2,0.2,0,0,0,49.1,120.9,0,0.9,0.8,0,0.9,4.5,0.2,0,0,0,0,0,0,0,0,0,0,0.1,0.4,0.1,0,0,0,0,0,0,0,0,0,0,0,0,0,19.6,0,0,0,0,0.1,0,0,0,0,0,0,10.5,0.8,0,0,0,0,0,0,0,0,0,0,0,0,0,0,0,0,0,0,0,0,0,0,0,0,0,0,0,0,0,0,0,0,0,0,0,0,0,0,0,0,0,0,0,0,0,0,0,0,0,0,0,0,0,0,0,0,0,0,0,0,0,0,0,0,0,2.9,0,0,0,0,0,0
30.5,78.5,25,0,0,0,5.2,0,0.3,0,0,0,0,0,0,0,0,0,0,0,0,0,35.6,0,0,0,0,0,0,0,0,0,0,0,0,0,0,9,24.8,0,0,0,0,0,0,0,29.8,0.2,0,0,21,5.7,15.3,0,0.4,0,0,0,0,0,0,0,0,0,0,0,0,0,0,14.5,0,0,0,0,0,0,0,0,0,0,8.8,37.1,0.4,6.8,29,2.8,0,1,0,0,0,0.3,2.1,23.3,18.7,2.3,0,0,0,0,0,2.9,0,0,0,10.3,5.3,0,0,0,0,9,0.8,0,0,0,0,0,0,0,0,0,0,0,0,0,0.3,5.5,0,5.9,5.3,0,0,0,0,2.4,0,0,0,0,0,3.8,5.5,1.4,1.7,43.2,7.9,0,0,0,0,0,0,0,0,0,0,0,0,7,22.4,0,0,0,0,0,0,4.2,0,0.3,0,0,0,0.2,0.4,11.6,19,0,2.1,0,0,0,26.5,2,0.2,9.4,0,6.6,0.6,0.9,5.2,3,39.2,0.3,0,0,0,54.7,31.3,20.3,35.1,38.4,4.1,6.2,31.8,18.7,8.2,1.5,14.8,16.5,7.4,24.8,4.1,0.4,24.8,24.3,19.7,16.4,1.6,10.1,0,0,0.3,0,0,10.3,1.7,3.7,7.1,0,0,0,0.7,0.8,67.5,0.3,23.9,15.6,17.3,16.6,0.8,23.8,11.3,13.5,0,20.5,0.4,1.6,11.8,0,21.1,0.6,0,0.7,0,19,3.3,0,0,0,0,0,0,9.5,0,0,13,35.5,11.1,0,8.8,0,0,0.2,0,0.5,0,0,0,0,0,0.2,11.4,0,0,0,0,0.3,0,0,0,0,0.8,0,1,3.5,0,0,0.6,0,0,0,0,0,0,0,0,0,0,0,0,0,1.3,0,0,0,0,0,0,0,0,0,0,0,0,0,0,0,0,0,0,0,0,0,0,0,0,0,0,0,0,0,0,0,0,0,0,0,0,0,0,0,0,0,0,0,0,0,0,0,0,8.4,0,0,0,0,0,0
31.5,78.5,26,0,3.7,0,2.1,0,0,0,0,0,0,0,0,0,0,0,0,0,0,0.5,16.3,0,1.5,0,0,0,0,0,0,0,0,0,0,13.5,19.9,2.6,14.7,0,0,0,0,0,0.7,9.2,22.9,0.4,0,19,18.3,18.6,9,0.4,5.8,0.4,0,0,0,0,0,0,0,0,0,0,0,0,10.5,8.4,0.4,0.4,0,0,0,0,0,0,3.7,15.5,23.8,3.8,10.2,0.6,0,0,1.9,0,0.9,0,0,0,4.7,0,0,0,0,0,0,2.1,8.2,0.1,0,2.7,10,3.2,2.1,13.3,0,0,1.7,9.2,9.1,0,0,9.9,10.4,6.2,0,0,0,0,0,0,0,0,0,0.3,14.1,3,1.7,2.9,0,3.6,1.2,0,0,0,0,6.2,1.8,7.4,6.6,8.9,31.6,15.1,1.1,0.1,0,0,0,0,0,0,0,0,0,0,0,7.1,0,0,0,0,0,0,0,0,0,0,0,0,0,0,0,0,0,0,0,0,0,0,0,0,0,0,3.7,1.5,0,1.2,0,0,0,0.1,0,0,0,0,0,0.8,24.1,9.9,1,0.3,0.4,0,3.9,0,0,0,3.1,1.6,0,1.6,1.9,0.4,2.2,6.2,0.7,0.1,4.2,0,0,0,0.2,0.2,0,0,0,0,0,0,0,0,0,1,1.2,2.7,0.6,0.1,0,0.8,2.3,0.9,1,2.7,3.2,5.3,0.6,0.4,2.8,1.5,0,0,0,0,0,0,0,0,0,0,0,0,0,0,0,0,0,0,0,0.5,0,0,0,0,0,0,0,0,0,0,7.5,0,0,0,0,0,1.4,0,0,0,0,0,0.5,0,0,0,0,0,0,0,0,0,0,0,0,0,0,0,0,0.1,1.3,0,0,0,0,0,0,0.8,0,0.5,0,0,0,0,0,0,0,0,0,0,0,0,0,0,0,0,0,0,0,0,0,0,0,0,0,0,0,0,0,0,0,0,0,0,0,0,0,0,5.1,2,0,0,0,0,0,0
32.5,78.5,27,0,3.7,0,5.1,0,0,0,0,0,0,0,0,0,0,0,0,0,0,0.3,19.7,0,1.6,0,0,0,0,0,0,0,0,0,0,10.5,23.4,2.1,14.6,0,0,0,0,0,0.5,8.7,24.6,1.5,0,17.3,19.1,20,13.2,1.5,4.6,1.5,0,0,0,0,0,0,0,0,0,0,0,0,7.3,16.4,1.2,0.6,0,0,0,0,0,0,2.9,10.8,32.2,8.1,7.6,2,0,0,1.4,0,1.5,0,0,0,5.3,0.3,0,0,0,0,0,1.6,6.5,0.4,0,2.1,8.2,4.4,1.7,10.3,0,0,1,10.6,8.4,0.2,0,7.5,9.2,4.7,0,0,0,0,0,0,0,0,0,0.4,13.1,1.9,1,2.9,0,2.4,2.9,0,0,0,0,4.6,1.2,6.4,4.5,8.6,25.8,33.6,2.7,0.2,0,0,0,0,0,0,0,0,0,0,0,7.1,0,0,0,0,0,0,0,0,0,0,0,0,0,0,0,0,0,0,0,0,0,0,0,0,0,0,2.2,2.6,0,4.2,0,0,0,0.2,0,0,0,0,0,2.8,22.6,13.7,1.4,0.4,1.2,0,2.9,0,0,0,6.8,2.3,0,1.5,1.8,1.4,4.2,5.5,1.8,0.2,2.6,0,0,0,0.6,0.6,0,0,0,0,0,0,0,0,0,0.9,1.4,5.2,1.1,0.2,0,2.8,4.5,2.1,0.9,2.3,3.8,5.2,1.4,1,1.7,2.6,0,0,0,0,0,0,0,0,0,0,0,0,0,0,0,0,0,0,0,0.9,0,0,0,0,0,0,0,0,0,0,8.3,0,0,0,0,0,0.9,0,0,0,0,0,0.9,0,0,0,0,0,0,0,0,0,0,0,0,0,0,0,0,0,2.2,0,0,0,0,0,0,0.5,0,0.9,0,0,0,0,0,0,0,0,0,0,0,0,0,0,0,0,0,0,0,0,0,0,0,0,0,0,0,0,0,0,0,0,0,0,0,0,0,0,6.3,1.6,0,0,0,0,0,0
24.5,79.5,28,0,0,0,0,0,0,0,0,0,0,0,0,0,0,0,0,0,0,0,0,0,0,0,0,0,0,0,0,0,0,0,0,0,0,0,0,0,0,0,0,0,0,0,0,0,0,0,0,0,0,0,0,0,0,0,0,0,0,0,0,0,0,0,0,0,0,0,0,0,0,0,0,0,0,0,0,0,0,0,0,0,0,0,0,0,0,0,0,0,0,0,0,0,0,0,0,0,0,0,0,0,0,0.5,0.1,0,0,0,0,0.1,12.1,0,0,0,0,0,0,0,0,0,0,0,0,0,0,0,0,0,0,0,0,0,0,0,0,0,0,0,0,0,0,0,0,0,0,0,0,0,0,0,0,0,0,0,0,0.1,0,0,0,0,0,0,0,0,0,0,0,0,0.7,0,0,0.3,0.4,0.6,4.6,0.2,2.1,0,0,0,0,0,0,0.3,5.6,0.6,0,0,1.1,0,0,0,0,0,13.6,0,0,0,0,0,4.6,0,2.4,1.1,22.7,10.2,44.9,5.2,2.4,0.8,0,0,0,0,0,0,0,0,0,0,0,0,0,0,0,0,0.4,0.6,0,0,0,0,0.3,6.6,0.1,0.2,0,19.1,41.3,5.8,23.2,1.7,12.7,11.7,3,9,1.7,2.7,3.5,0,65.2,62.4,2.9,0.3,0,0,0,0,0,0,0,0,0,0,0,0,0,0,0,0,0,0,0,0,0,0,0,0,0,0,0,0,0,0,0,0,2,0,0,0,0,0.1,0,0,0,0,0,0,0,0,0,0,0,0,0,0,0,0,0,0,0,0,0,0,0,0,0,0,0,0,0,0,0,0,0,0,0,0,0,0,0,0,0,0,0,0,0,0,0,0,0,0,0,0,0,0,0.5,14.5,0,0,0,0,0,0,0,0,0,0,0,0,0,0,0,0,0,0
25.5,79.5,29,0,0,0.4,0,0,0,0,0,0,0,0,0,0,0,0,0,0,0,0,0,0,0,0,0,0,0,0,0,0,0,0,0,0,0,0,0,0,0,0,0,0,0,0,1.2,0,0,0,0,0,0,0,0,0,0,0,0,0,0,0,0,0,0,0,0,0,0.2,0,0,0,0,0,0,0,0,0,0,0,0.7,0,0,0,0.1,0,0,0,0,0,0,0.3,0.4,5.9,0,0,0,0,0,0,0,0,0,0,0,2.4,2.5,0,0,0,0,0.5,5.5,0,0,0,0,0,0,0,0,0,0,0,0,0,0,0,0,0,0,0,0,0,0,0,0,0,0,0,0,0,0,0,0,0,0,0,0,0,0,0,0,0,0,0,0,0.6,0.2,1.6,1.8,0,0,0,0,0,0,0,0,0,0,0,0,1.4,0,2.7,14.4,3.2,0,0,0,0,0,0,0,1.7,10,23.6,1.3,0,0,0,0,0,0,0,0.8,0.2,0,0.1,0.6,8,7.8,0.9,1.7,5.8,0.7,9.4,73.4,32.7,0.5,1.1,0.9,19.7,0.2,3.2,2,3.5,0.7,0,0,0,0,0,0,0,0,1.6,10.2,13.6,0,0,0,0,1.6,6.6,4.9,1.8,1.4,5.5,26.5,69.8,17.7,6.5,7.5,5.6,1.8,3,3,3.3,1.3,0,5.4,42.7,144.6,5.5,0,0,0,0,0,0,0,0,0,0,0,0,1.2,0,0,0,0,0,0,0,0,0,0,0,0,0,0,0,0,0,0,1,0,0,0,0,0,3.2,3.2,0,0,0,0,0,0,0,0,0,0,0,0,0,0,0,0,0,0,0,0,0,0,0,0,0,0,0,0,0,0,0,0,0,0,0,0,0,0,0,0,0,0,0,0,0,0,0,0,0,0,0,0,0,2.8,4.2,0,0,0,0,0,0,0,0,0,0,0,0,0,0,0,0,0,0
26.5,79.5,30,0,0,0,0,0,0,0,0,0,0,0,0,0,0,0,0,0,0,0,0,0,0,0,0,0,0,0,0,0,0,0,0,0,0,0,0,0,0,0,0,0,0,0,1,0,0,0,0,0,0,0,0,0,0,0,0,0,0,0,0,0,0,0,0,0,0,0,0,0,0,0,0,0,0,0,0,0,0,0,0,0,0,0,0,0,0,0,0,0,0,12.4,2.2,0,0,0,0,0,0,0,0,0,0,0,0,0,0,0,0,0,1,0,0,0,0,0,0,0,0,0,0,0,0,0,0,0,0,0,0,0,0,0,0,0,0,0,0,0,0,0,0,0,0,0,0,0,0,0,0,0,0,0,0,0,0,0,0,2,0,0,0,0,0,0,0,0,0,0,0,0,0,0,0,0,9.9,0,0,0,0,0,0,0,0,0,4.8,16.3,1.5,0,2.7,0,0,0,0,0,0,0,0,0,0.7,14.3,11.1,1,0,0,3.6,13.6,77.6,7.9,0,4.4,5.4,31.6,23.4,18.5,2,2.5,0,0,0,0,0,0,0,0,0,0,10,0,0,0,0,0,0,2.9,8.1,1.1,0,2,14,42.1,20.9,16.3,0,0,0,4.9,8.6,2.2,10.2,0.9,8.8,46.5,162.9,15.7,0,0,0,0,0,0,0,0,0,0,0,0,1.5,0,0,0,0,0,0,0,0,0,0,0,0,0,0,0,0,0,0,0,0,0,0,0,0,14.4,2,0,0,0,0,0,0,0,0,0,0,0,0,0,0,0,0,0,0,0,0,0,0,0,0,0,0,0,0,0,0,0,0,0,0,0,0,0,0,0,0,0,0,0,0,0,0,0,0,0,0,0,0,0,0,0,0,0,0,0,0,0,0,0,0,0,0,0,0,0,0,0,0,0
27.5,79.5,31,0,0,0,0.8,0,0,0,0,0,0,0,0,0,0,0,0,0,0,0,0.7,0,0,0,0,0,0,0,0,0,0,0,0,0,0,0,0,0,0,0,0,0,0,0,4.4,0,0,0,0,0,1.7,0,0,0,0,0,0,0,0,0,0,0,0,0,0,0,0,0,0,0,0,0,0,0,0,0,0,0,1,14.7,0,0,1.9,0.3,0,0.5,0,0,0,0,0,13.5,13,0.7,0,0,0,0,0,0,0,0,0,0,0,0,0,0,0,0,0,0,0,0,0,0,0,0,0,0,0,0,0,0,0,0,0,0,0,0,0,0,0,0,0,0,0,0,0,0,0,0,0.8,2.1,0,0,0,0,0,0,0,0,0,0,0,0,0,0,0,0,0,0,0,0,0,0,0,0,0,0,0,0,0,0,3.7,0.2,1,4.2,0,0,0,0,0,1.4,2.3,10.1,0,0,0,2.8,2.2,0,0,0,0,0,0,0,0,4.7,8.3,14,0,0,0,7.9,35.4,2.3,7.2,4.9,2.3,0.6,18.5,60,10.4,6.7,0,0,0,0,0,0,0,0,0,0.5,0,0,0.2,0,0,0,0,0,3.8,9.2,42.9,0,1.5,13.9,14.9,22.1,0.7,0,0.2,0,8.5,0,7.4,0.3,10.4,1.3,36.2,81,0.7,0,0,0,0,0,0,0,0,0,0,0,0,0,0,0,0,0,0,0,0,0,0,0,0,0.2,0,0,0,0,0,0,30.2,0,0,0,0.3,4.5,14.8,0,0,0,0,0,0,0,0,0,0,0,0,0,0,0,0,0,0,0,0,0,0,0,0,0,0,0,0,0,0,0,0,0,0,0,0,0,0,0,0,0,0,0,0,0,0,0,0,0,0,0,0,0,0,0,0,0,0,0,0,0,0,0,0,0,0,0,0,0,0,0,0,0
28.5,79.5,32,0,0,0,9.8,0,0,0,0,0,0,0,0,0,0,0,0,0,0,0,9.4,0,0,0,0,0,0,0,0,0,0,0,0,0,0,0,0,0,0,0,0,0,0,0,11.3,0,0,0,0,0,5.9,0.2,0,0,0,0,0,0,0,0,0,0,0,0,0,0,0,0.1,0,0,0,0,0,0,0,0,0,0,0.9,46,0,0,2.9,0.6,0,0,0,0,0,0,0,22.1,14.8,0,0,0,0,0,0,0,0,0,0,0,0,0,0,0,0,0,0,0,0,0,0,0,0,0,0,0,0,0,0,0,0,0,0,0,0,0,0,0,0,0,0,0,0,0,0,0,0,0,6.6,3.8,1.5,0,0,0,0,0,0,0,0,0,0,0,0,0,0,0,0,0,0,0,0,0,0,0,0,0,0,0,0,0.2,3.2,0.5,4.6,1.2,0,0,0,0,0,0,6.5,0.2,0,0,0,0,11.7,0,0,0,0,0,0,0,0.1,2.7,15.9,26.6,0.3,0,0.2,9.2,20.5,6.7,0.1,0,5.1,1.4,0.5,51.8,30,53,0,0,0,0,0,0,0,0,0,1.1,0,0,11.1,0,0,0,0.2,0.2,10.3,3.5,20.6,0,1.6,0.2,7.8,5.2,0,0,0.5,0,4.1,0,0.8,0.8,36.2,0.2,2.5,18.4,0,0,0,0,0,0,0,0,0,0,0,0,0,0,0,0,0,0,0,0,0,0,0,0,0,0,0,0,0,0,0,0,0,0,0,0,0,11.5,15.2,0,0,0,0,0,0,0,0,0,0,0,0,0,0,0,0,0,0,0,0,0,0,0,0,0,0,0,0,0,0,0,0,0,0,0,0,0,0,0,0,0,0,0,0,0,0,0,0,0,0,0,0,0,0,0,0,0,0,0,0,0,0,0,0,0,0,0,0,0,0,0,0,0
29.5,79.5,33,0,0,3.8,6.6,0,0,0,0,0,0,0,0,0,0,0,0,0,0,0,13.1,0,0,0,0,0,0,0,0,0,0,0,0,0,0,1.8,7.6,3.8,0,0,0,0,0,0,19.1,6.3,0.9,0,0.8,8,20.3,16.1,5.1,0,0,0,0,0,0,0,0,0,0,0,0,0,0,15.6,0,0.2,0,0,0,0,0,0,0,0,5,25.1,2.6,0.6,7,4.5,0,1.6,0.2,0,0,0.2,1.2,16.2,6,6.8,0,0,0,0,0,1.4,0,0,0,0,4.9,3.4,0,0,0,2.8,0,0,4,0,0.4,0,0,0,0,0,0,0,0,0,0,0,0,5.2,0,0,0,0,0,0,0,0,0,0,0,0.2,0,4.8,5.4,16.3,2.2,0.1,0,0,0,0,0,0,0,0,0,0,0,0.2,1.7,0,0,0,0,0,0,0,0,0,0,0,0,0,0.3,22.9,7.4,0.2,0.4,0,0.6,0.4,6.4,0.2,0.3,1.4,9.2,15.2,0,1,3,0.2,10.8,1.4,3,0,0.2,0.6,7.7,4.8,11.5,22.2,6.4,28.4,31.3,3.5,15.9,0.1,1.8,24.2,12,0.2,12.5,0,8.8,12.2,36.5,36.3,0,0.6,0,0,0.2,0,0,0,0,0,0.6,0.5,0.7,0.2,0.4,0,18.5,16.9,77,1.2,14.6,0,8.5,8,6.8,4,2.6,2.4,0,0.3,35,0,0,9,4.2,0,0,1.7,7,0,0,1.3,0,0,0,0.2,0,0,0,0,0.4,0,0,0,0,0,0,0,0,0,0,0,0,0,3.7,0.1,0.1,0,0,0,0,0,0,0,0,0.5,13.5,2.9,0,0,0,0,0,0,0,0,0,2,0,0.2,0,0,0,0.8,0.2,0,0,0,0,0,0,0,0,0.1,0,0,0,0,0,0,0,0,0,0,0,0,0,0,0,0,0,0,0,0,0,0,0,0,0,0,0,0,0,0,0,0,0,0,0,0,0,0,0,0,0,0,0,0,0,0
30.5,79.5,34,0,0,3.8,17.6,2,0,0,0,0,0,0,0,0,0,0,0,0,0,0,26.3,4.1,0,0,0,0,0,0,0,0,0,0,0,0,5.3,21.3,45.8,4.3,0,0,0,0,0,0.6,39.1,8.3,0,0,24,46.5,31.2,1,3.6,0,0,0,0,0,0,0,0,0,0,0,0,0,0,21.2,0,6.4,0,0,0,0,0,0,0,0,21.5,32.5,7,9.7,6.6,0,0,6.3,13.3,5,0,0,3.4,28,18.8,0,0,2.8,0,0,0.5,12.3,0,0,0,0,0,0,0,0,0,17.7,2.4,2.8,0,0,1.4,1.2,0,0,0,0,0,0,0,0,0,0,0,9.5,7.1,0.2,0,0,0,0,0,0,0,0,1,3.8,0,0,14.2,23.3,0,10.8,0,0,0,0,0,0,0,0,0,0,3.2,19.8,0.1,0,0,0,0,0,0,0,0,0,0,0,0,0,8.5,0.1,0.1,0.1,2.1,0,0.3,0.2,2.4,2,0.2,2.5,0.3,2.5,0,11.3,2.8,3.1,1.6,9.5,0,0,0,0.5,28.7,8.9,0.4,10.1,0,3.5,0.5,0.1,0.4,0,0,6.1,4.1,2.9,5.4,0,4.4,3.3,0.6,12.3,4.2,0,0.3,0,4.3,0,0,0.7,0.2,0,0.3,12.4,0,0.1,0.2,0,13.6,1.8,10.3,0.6,12,0.7,0,2,6.5,3.6,3.9,2.3,0.6,4.7,0.1,0,0.3,0,0.6,0,0,5.3,0.5,0,4.6,0,0,0,0,1.1,1.8,0,0,3.3,0,0,0,0,0,0,0,0,0,0,0.6,0,0,0.4,0.7,1.2,0,1.6,0,0.4,4.8,0,0,0,0,0,0,0.6,2,0,0,0,0,0,0,0,0,1,0,8.2,0,0,0,11.9,11.3,0,0,0,0,0,0,0,0,2.4,0,0,0,0,0,0,0,0,0,0,0.6,0,0,0,0,0,0,0,0,0,0,0,0,0,0,0,0,0,0,0,0,0,0,0,0,0,0,0,0,0,0,0,0,0,0,0
31.5,79.5,35,0,0.9,2.8,13.2,1.4,0,0,0,0,0,0,0,0,0,0,0,0,0,0.2,22.9,3,0.3,0,0,0,0,0,0,0,0,0,0,3.4,8.6,16.3,36.7,3.2,0,0,0,0,0.2,3.1,34.4,6.1,0,5.1,22.3,38.9,24.5,0.7,4.2,0,0,0,0,0,0,0,0,0,0,0,0,0,3.1,17.4,0,4.8,0,0,0,0,0,0,0.9,4.6,22,24.5,7.8,7.1,4.6,0,0.5,4.6,10,3.7,0,0,3.9,20.3,13.6,0,0,2,0,0.5,2.6,9,0,0.7,2.6,1.1,0.5,3.4,0,0,0.6,15.7,4.2,2,0,2.6,3.9,2.5,0,0,0,0,0,0,0,0,0,0,3.9,7.9,5.8,1,0,1.1,0.3,0,0,0,0,1.7,1.3,5,2,2.5,18.5,20.4,0.2,7.9,0,0,0,0,0,0,0,0,0,0,2.3,16.5,0,0,0,0,0,0,0,0,0,0,0,0,0,0,6.2,0,0,0,1.4,0,0,0,1.4,1.4,0,1.8,1.2,2.3,0,8,0.9,2.2,0.9,6.9,0,0,0,0,20.7,6.4,6.4,10,0.2,2.6,0,0,1.3,0,0,4.3,3.5,2.3,3.8,0.5,3.5,2.3,0.6,10.7,3.1,0,1.6,0,3,0,0,0.5,0.1,0,0,9,0,0,0,0,9.6,1.4,7.6,0.8,8.9,0.5,0,1.3,5.1,2.7,3,2.3,1.4,5.1,0.1,0,1.1,0.5,0.3,0,0,3.6,0,0,3.3,0,0,0,0,0.7,1.3,0,0,2.3,0,0,0,0.2,0,0,0,0,0,0,0.4,0,0,0.3,2.7,0.9,0,1.2,0,0.3,4,0,0,0,0,0,0.2,0.4,1.4,0,0,0,0,0,0,0,0,0,0,5.9,0,0,0,8.7,8.7,0,0,0,0,0,0,0.3,0,1.9,0,0,0,0,0,0,0,0,0,0,0.4,0,0,0,0,0,0,0,0,0,0,0,0,0,0,0,0,0,0,0,0,0,0,0,0,0,0,0,1.4,0.5,0,0,0,0,0,0
32.5,79.5,36,0,4.9,0,1,0,0,0,0,0,0,0,0,0,0,0,0,0,0,0.3,19.3,0,1.9,0,0,0,0,0,0,0,0,0,0,19.3,20.5,1.4,19.6,0,0,0,0,0,1,7.8,21.1,0,0,21.4,17.7,17.1,8.9,0,6.7,0,0,0,0,0,0,0,0,0,0,0,0,0,10.3,5,0,0.2,0,0,0,0,0,0,5.3,14.8,19.5,2.1,12.7,0.1,0,0,2.7,0,0.6,0,0,0,4.6,0,0,0,0,0,0,3,10,0,0,3.8,13.9,1.8,3,19,0,0,0.9,9.5,11.3,0,0,13.4,12.8,8,0,0,0,0,0,0,0,0,0,0.2,13.4,1.5,0.9,3.5,0,2.8,0.6,0,0,0,0,7.6,0.9,7.4,6.3,7.8,40.4,7.5,0.5,0,0,0,0,0,0,0,0,0,0,0,0,6.5,0,0,0,0,0,0,0,0,0,0,0,0,0,0,0,0,0,0,0,0,0,0,0,0,0,0,1.9,1,0,0.3,0,0,0,0,0,0,0,0,0,0.2,24.1,7.9,1,0.2,0,0,2.1,0,0,0,1.2,0.7,0,0.8,0.9,0,1.9,5.2,0.3,0,2.2,0,0,0,0,0,0,0,0,0,0,0,0,0,0,0.5,1.6,1,0.4,0,0,0.2,0.9,0.5,0.5,2.3,2.2,3,0.3,0.1,1.4,1,0,0,0,0,0,0,0,0,0,0,0,0,0,0,0,0,0,0,0,0.3,0,0,0,0,0,0,0,0,0,0,3.7,0,0,0,0,0,0.7,0,0,0,0,0,0.3,0,0,0,0,0,0,0,0,0,0,0,0,0,0,0,0,0.2,0.8,0,0,0,0,0,0,0.4,0,0.3,0,0,0,0,0,0,0,0,0,0,0,0,0,0,0,0,0,0,0,0,0,0,0,0,0,0,0,0,0,0,0,0,0,0,0,0,0,0,2.4,2.9,0,0,0,0,0,0
24.5,80.5,37,0,0,0,0,0,0,0,0,0,0,0,0,0,0,0,0,0,0,0,0,0,0,0,0,0,0,0,0,0,0,0,0,0,0,0,0,0,0,0,0,0,0,0,0,0,0,0,0,0,0,0,0,0,0,0,0,0,0,0,0,0,0,0,0,0,0,0,0,0,0,0,0,0,0,0,0,3.8,7.4,0,0,0,0,0,0,0,0,0.3,0.1,4.5,5.7,3,9.9,0,0,0,0,0,0,0,0,0,0,0,8.2,0,0,0,0,2.1,2.8,4.7,0,0,0,0,0,0,0,0,0,0,0,0,0,0,0,0,0,0,0,0,0,0,0,0,0,0,0,0,0,0,0,0,0,0,0,0,0,0,0,0,0,0,0,0,0,0,0,0,0,0,0,0,0,0,0,0,0,2,0,0,5.8,17.7,0.4,13,5.1,0.4,0,0,0,0,0,0.9,8,4.3,6.1,5,0,1.2,0,0,0,0,0.1,14.3,0,0,6.2,0.6,1,3.4,0,0.9,1.2,5.8,12,44.6,32.6,8.1,13.2,2.6,1,0.9,0,0,0,0,0,0,0,0,0,0,1.1,0,0,4.8,0,0,0,0,0.9,22.5,7.9,2.6,11.9,1.2,71.9,15.5,6.7,5.6,10.9,26.9,2.2,28.6,27.5,0.4,0,0.2,36.8,95.1,19,1.6,0,0,0,0,0,0,0,0,0,0,0,0,21.8,0.7,0,0,0,0,0,0,0,0,0,0,0,0,0,0,0,0,0,0,0,0,0,0,0,0,13.2,0,0,0,0,0,0,0,0,0,0,0,0,0,0,0,0,0,0,0,0,0,0,0,0,0,0,0,0,0,0,0,0,0,0,0,0,0,0,0,0,0,0,0,0,0,0,0,0,0,0,0,0,0,0,12.7,0.5,0,0,0,0,0,0,0,0,0,0,0,0,0,0,0,0,0
25.5,80.5,38,0,0,0,0,0,0,0,0,0,0,0,0,0,0,0,0,0,0,0,0,0,0,0,0,0,0,0,0,0,0,0,0,0,0,0,0,0,0,0,0,0,0,0,0,0,0,0,0,0,0,0,0,0,0,0,0,0,0,0,0,0,0,0,0,0,0,0,0,0,0,0,0,0,0,0,0,0,2.6,0,0,0,0,0,0,0,0,0,0,0.1,3.5,6.2,1,0,0,0,0,0,0,0,0,0,0,0,0.3,0,0,0,0,0,0.2,0,0,0,0,0,0,0,0,0,0,0,0,0,0,0,0,0,0,0,0,0,0,0,0,0,0,0,0,0,0,0,0,0,0,0,0,0,0,0,0,0,0,0,0,0,0,0,0,0,0,0,0,0,0,0,0,0,0,0,0,0,0,0.3,18.3,0.1,0.2,1,0,0,0,0,0,0,19,3.8,1.4,0,0,1.6,0,0,0,0,0,4.2,0,0,0.4,3.4,27,0,0,0,0,13.2,89.8,34.6,2.7,4.1,2.7,16.4,0,13.4,1.7,0,0,0,0,0,0,0,0,0,0,0,0,1.5,0,0,0,0,0,1,0,20.5,0,0,34.7,43.7,45.2,14.6,7.9,10.3,0.4,41.3,7.9,12.1,0.2,0,0.3,4.8,183,21.8,0.1,0,0,0,0,0,0,0,0,0,0,0,0.2,0,0,0,0,0,0,0,0,0,0,0,0,0,0,1.1,0,0,0,0,1.1,0,0,0,0,0,31.4,0,0,0,0,0,0,0,0,0,0,0,0,0,0,0,0,0,0,0,0,0,0,0,0,0,0,0,0,0,0,0,0,0,0,0,0,0,0,0,0,0,0,0,0,0,0,0,0,0,0,0,0,0,0,5.2,0,0,0,0,0,0,0,0,0,0,0,0,0,0,0,0,0,0
26.5,80.5,39,0,0,0.6,0,0,0,0,0,0,0,0,0,0,0,0,0,0,0,0,0,0,0,0,0,0,0,0,0,0,0,0,0,0,0,0,0,0,0,0,0,0,0,0,0.2,0,0,0,0,0,0.2,0.1,0,0,0,0,0,0,0,0,0,0,0,0,0,0,0,0,0,0,0,0,0,0,0,0,0,0,1,0,0,0,0.3,0.4,0,0,0,0,0,0,2.4,18.8,9.4,0.3,0,0,0,0,0,0,0,0,0,0,1.4,0,0,0,0,0.2,0,0,0,0,0,0,0,0,0,0,0,0,0,0,0,0,0,0,0,0,0,0,0,0,0,0,0,0,0,0,0,0,0,0,0.3,0,0,0,0,0,0,0,0,0,0,0,0,0,0,0,0,0,0,0,0,0,0,0,0,0,0,0,0,1.3,0,0,0.3,0.4,0,0,0,0,0,2.7,4.1,4.9,0.1,0,0,5.5,0,0,0,0,0,0.2,0,0,1.5,19.7,45.2,1.3,0,0,0,11,62.2,2.4,12.5,3,12.9,0.4,16.7,5.1,6,0.6,0,0,0,0,0,0,0,0,0,0,0,0.2,0.1,0,0,0,0,0.6,0.1,1.2,12.4,0,20.2,49.9,27.8,11.4,0.2,1.6,1.6,23.2,8.1,0,1,0,0.4,0,40.4,72.9,7.4,0,0,0,0,0,0,0,0,0,0,0.1,0,0,0,0,0,0,0,0,0,0,0,0,0,0.6,0,0,0,0,0,0,12,7.7,3.2,0,6.6,0,53.8,0,0.3,0,0,0,0,0,0,0,0,0,0,0,0,0,0,0,0,0,0,0,0,0,0,0,0,0,0,0,0,0,0,0,0,0,0,0,0,0,0,0,0,0,0,0,0,0,0,0,0,0,0,0,0,0,0,0,0,0,0,0,0,0,0,0,0,0,0,0,0,0,0,0
27.5,80.5,40,0,0,0,0,0,0,0,0,0,0,0,0,0,0,0,0,0,0,0,1.2,0,0,0,0,0,0,0,0,0,0,0,0,0,0,0,0,0,0,0,0,0,0,0,0.6,0,0,0,0,0,0,0,0,0,0,0,0,0,0,0,0,0,0,0,0,0,0,0,0,0,0,0,0,0,0,0,0,0,0.3,0,0,0,0.4,3.2,0,0.1,0,0,0,0,1.1,14.5,1.4,0.1,0,0,0,0,0,0,0,0,0,0,0,0,0,0,0,0,0,0,0,0,0,0,0,0,0,0,0,0,0,0,0,0,0,0,0,0,0,0,0,0,0,0,0,0,0,0,0,0,0,0,0,0,0,0,0,0,0,0,0,0,0,0,0,0,0,0,0,0,0,0,0,0,0,0,0,0,0,0,0,0,0,0,0.3,0.9,0,0,0,0,0,9.7,0.6,0,0.4,0,0.4,0,1.2,0,0,0,0,0,0,0,0,18.1,0.9,0.6,0,0,2.3,56.1,31,1.7,11.7,0.5,2.7,0.6,13.8,9.6,13.2,5.7,0,0,0,0,0,0,0,2.6,0,0,0,0,1.9,0,0.5,0,0,0.2,0,1.4,0.6,0,0.4,51.2,52.9,63.9,0.2,0,0,0,0,0,0.3,0,0.9,0.3,20.2,259.7,20.4,0,0,0,0,0,0,0,0,0,0,1.8,0,1.3,0,0,0,0,0,0,0,0,0,0,0,4,0,0.2,0,0,0,0,0,0,1.7,0,6,0,47.5,2.8,0,0,0,0,0,0,0,0,0,0,0,0,0,0,0,0,0,0,0,0,0,0,0,0,0,0,0,0,0,0,0,0,0,0,0,0,0,0,0,0,0,0,0,0,0,0,0,0,0,0,0,0,0,0,0,0,0,0,0,0,0,0,0,0,0,0,0,0,0,0,0,0
28.5,80.5,41,0,0,0,6,0,0,0,0,0,0,0,0,0,0,0,0,0,0,0,6.6,0,0,0,0,0,0,0,0,0,0,0,0,0,0,0,0,0,0,0,0,0,0,0,6.7,0,0,0,0,0,2.2,0,0,0,0,0,0,0,0,0,0,0,0,0,0,0,0,0,0,0,0,0,0,0,0,0,0,0,0.3,15.5,0,0,1.7,2,0,0.2,0,0,0,0,1.9,17.3,6.9,0,0,0,0,0,0,0,0,0,0,0,0,0,0,0,0,0,0,0,0,0,0,0,0,0,0,0,0,0,0,0,0,0,0,0,0,0,0,0,0,0,0,0,0,0,0,0,0,0,3.8,2.4,1.1,0,0,0,0,0,0,0,0,0,0,0,0,0,0,0,0,0,0,0,0,0,0,0,0,0,0,0,0,0,2.2,0.1,3.3,0.3,0,0,0,0,0,0.9,3.1,0,0.3,2.2,12.5,0,6.5,0,0,0,0,0,0,0,0,10.1,10.8,10.7,0,0,1.7,19.8,21.2,3.7,3.1,0,0.3,16.9,10.7,25.9,22.1,24.9,0,0,0,0,0,0,0,1.9,0.6,0,0,0,14.8,0,0.4,0,0,0,0,0.1,9.3,0,0.1,12.3,35.6,38,1.1,0,0,0,0,0,0,0,17,0,4.5,145.6,20.7,0,0,0,0,0,0,0,0,0,0,0.2,0,0.9,0,0,0,0,0,0,0,0,0,0,0,0.4,14.5,0.1,0,0,0,0,0,0,1.2,0,0.8,5.1,36.4,13.6,0,0,0,0,0,0,0,0,0,0,0,0,0,0,0,0,0,0,0,0,0,0,0,0,0,0,0,0,0,0,0,0,0,0,0,0,0,0,0,0,0,0,0,0,0,0,0,0,0,0,0,0,0,0,0,0,0,0,0,0,0,0,0,0,0,0,0,0,0,0,0,0
29.5,80.5,42,0,0,0.3,14.6,0.7,0,0,0,0,0,0,0,0,0,0,0,0,0,0,27,4.2,0,0,0,0,0,0,0,0,0,0,0,0,0,17.9,24.7,0.3,0,7,0,0,0,0,27.5,15.9,0,4.3,9.3,27.1,7.5,1.4,0.4,0,0,0,0,0,0,0,0,0,0,0,0,0,0,36.4,0,1.6,0,0,0,0,0,0,0,0,8,57.3,11.3,0,11.1,0.4,0,1.5,3.4,0,0,0,0,18.3,17.8,0.6,0,0,0,0,0,0.1,0,0,0,0,0.4,0.3,0,0,0,2.3,0,0,0.3,0,0,0,0,0,0,0,0,0,0,0,0,0,0,0.4,0,0,0,0,0,0,0,0,0,0,0,2.2,0,0.4,0.6,8.9,0.2,0,0,0,0,0,0,0,0,0,0,0.2,0,3,4.8,0,0,0,0,0,0,0,0,0,0,1.7,31.6,1.2,14.2,5.1,5,6.5,13.9,0.2,50.5,63.5,23.2,3.8,4.5,1.1,20.9,2.2,6,56.8,73.4,5.2,8.4,9.3,2,0,22.9,46.2,52.7,4.9,16.9,32.2,12.6,5.2,34.9,3.4,23.3,3.6,4.8,23.3,22.8,3.3,12.2,2.3,14.3,8.8,12.6,15.2,0.5,1.9,2.9,4.7,5,0,7.2,0.2,0.5,10.9,15.2,42.9,9.8,18.3,19.8,3.3,42.2,15.7,19.8,3.3,17.7,11,1,6,15.3,17.9,6.7,6.1,0,11.2,3.9,0,0.5,1.9,17.5,0,1.7,28.1,40.7,0.2,0.8,0.1,9.5,6.7,2.4,6,0.9,4.8,0,4.9,6.3,0,0,0,0.3,0,0,0,0,0.5,0.3,0,0,0.8,2.6,1.8,1.6,0,0.6,0.7,7.7,0,0,0,0.3,0.1,6.1,3.2,0,0,0,0,0,0,0,0,0,30.7,12.5,18.2,0,0,0,3.3,5.8,0,0,0,0,0,0,0,0,1.4,0,0,0,0,0,0,0,0,0,0,0,0,0,0,0,0,0,0,0,0,0,0,0,0,0,0,0,0,0,0,0,0,0,0,0,0,0,0,0,0,0,0,0,0,0,0
30.5,80.5,43,0,0,0.5,18.6,1.9,0,0,0,0,0,0,0,0,0,0,0,0,0,0,35.1,2.8,0,0,0,0,0,0,0,0,0,0,0,0,0.6,28.9,34.6,0.5,0,3.9,0,0,0,0,30.5,9.5,0,2.4,9.2,21.8,8.3,0.3,0.5,0,0,0,0,0,0,0,0,0,0,0,0,0,0,71.7,0,4.4,0,0,0,0,0,0,0,0,14.1,52.4,12.7,1.1,12.2,0,0,1.5,6.9,0.6,0,0,0.4,23.9,18.9,0,0,0.3,0,0,0,1.4,0,0,0,0,0,0,0,0,0,3.1,0.3,0.3,0,0,0.2,0.1,0,0,0,0,0,0,0,0,0,0,0,1.1,0.8,0,0,0,0,0,0,0,0,0,0.1,5.4,0,0.1,3.2,11.7,0,2.4,0,0,0,0,0,0,0,0,0,0.5,0.4,6,3.2,0,0,0,0,0,0,0,0,0,0,0.9,18.1,2.7,13.7,5.1,4.2,9.6,11.6,0.5,43.9,45.7,30.1,6.2,10.2,2.5,24.2,2.5,3.9,54.9,116.9,8.1,10.1,11,4,0,17.3,41.7,49.9,8.6,11.6,31.9,8,6.7,33.4,3.2,30.6,5.5,3.3,16.8,18.3,7.5,19.1,3.1,18.7,6.8,14.1,13.7,1.6,1.8,2.5,2.9,8.6,0,5.2,0.5,1.1,6.3,24.6,35.6,9.5,15.8,20.2,2.3,35.6,18.7,15.7,7.3,16.3,8.1,0.8,8.6,17.8,18.1,11.4,6.3,0,13.8,1,0,1.1,2.8,19.7,0,1.4,29.4,45.6,0.4,2.3,0,5.2,6,1.7,8.2,0.7,3.2,0,4.2,3.5,0.2,0,0,0.6,0,0,0,0,1,0.8,0,0,0.5,3.9,4.1,3.7,0.2,1.3,1.7,6.2,0,0,0,0.6,0,4.9,3.1,0.2,0,0,0,0,0,0,0,0,67.3,7.6,17.3,0,0,0,6,6.3,0,0,0,0,0,0,0,0,3.3,0,0,0,0,0,0,0,0,0,0,0,0,0,0,0,0,0,0,0,0,0,0,0,0,0,0,0,0,0,0,0,0,0,0,0,0,0,0,0,0,0,0,0,0,0,0
24.5,81.5,44,0,0,0,0,0,0,0,0,0,0,0,0,0,0,0,0,0,0,0,0,0,0,0,0,0,0,0,0,0,0,0,0,0,0,0,0,0,0.4,0,0,0,0,0,2.9,0,0,0,0,0,0,0,0,0,0,0,0,0,0,0,0,0,0,0,0,0,0,0,0,0,0,0,0,0,0,0,0,0,3.3,0,0,0,0,0,0,0,0,0,0,0.1,1,1.2,2.7,0,0,0,0,0,0,0,0,0,0,0,0,0,0,0,0,0,0,1.7,0,0,0,0,0,0,0,0,0,0,0,0,0,0,0,0,0,0,0,0,0,0,0,0,0,0,0,0,0,0,0,0,0,0,0,0,0,0,0,0,0,0,0,0,0,0,0,0,0,0,0,0,0,0,0,0,0,0,0,0,0.4,0.5,0,0.4,0,0,0,0,0,0,0.6,4.4,1.8,1.1,0,0,0,0,0,0,0,0,18.1,0,0,0,2.3,19.2,7.5,5,0,0,6.6,15.5,10.6,15.1,11,19.4,14.5,6.2,3.3,1.8,0.9,0.2,0.2,0,0,0,0,0,0,0,1.8,0.7,26,2.4,1.5,21.8,1.7,5.7,5.1,7.7,8.2,7.1,0.4,19.4,17.7,3.1,6.2,5.4,9.7,12.8,14.3,6.8,5.1,0.5,0,19.3,80.4,28.5,36.7,2.4,0,0,0,0,0,0,0,0,0,0,0,0,2.4,0.3,0,0,0,0,0,0,0,0,0,0,0,0,0,0,0,0,0.2,0,0,0.3,0,0,0,0,2.7,3.8,0,0,0,0,0,0,0,0,0,0,0,0,0,0,0,0,0,0,0,0,0,0,0,0,0,0,0,0,0,0,0,0,0,0,0,0,0,0,0,0,0,0,0,0,0,0,0,0,0,0,0,0,0,12.5,2,0,0,0,0,0,0,0,0,0,0,0,0,0,0,0,0,0
25.5,81.5,45,0,0,0,0,0,0,0,0,0,0,0,0,0,0,0,0,0,0,0,0,0,0,0,0,0,0,0,0,0,0,0,0,0,0,0,0,0,0,0,0,0,0,0,0,0,0,0,0,0,0,0,0,0,0,0,0,0,0,0,0,0,0,0,0,0,0,0,0,0,0,0,0,0,0,0,0,8.5,1,0,0,0,0,0,0,0,0,0,0,0,0.9,8.3,3.6,0,0,0,0,0,0,0,0,0,0,0,0.6,0,0,0,0,0,3.3,2.5,0,0,0,0,0,0,0,0,0,0,0,0,2.5,0,0,0,0,0,0,0,0,0,0,0,0,0,0,0,0,0,0,0,0,0,0,0,0,0,0,0,0,0,0,0,0,0,0,0,0,0,0,0,0,0,0,0,0,0,0,0,0,0.6,0,0,0.6,0,0,0,0,0,3.9,1.8,5.6,3.6,1.3,0,3.7,2.4,0,0,0,0,0,0,0,0,5.1,38,24.1,0,1.8,0.5,1.7,13.6,10.9,34.3,5.2,16,44,6.3,2.1,4.8,3.6,0,0,0,0,0,0,0,0,0,0.6,1.1,6.8,1.7,0,0,4.3,7,2.3,16.3,5.5,5.6,1.8,15.8,28,11.5,15,5.9,7.8,15.8,1.4,29.9,6.9,0,0.5,19.3,39.7,36.4,16.9,3.8,0.2,0,0,0,0,0,0,0,0,0,0,0,4,0,0,0,0,0,0,0,0,0,0,0,0,0,0,0,0,0,0,0,2.1,1.7,0,0,2,0,13.6,1.5,0,0,0,0,0,0,0,0,0,0,0,0,0,0,0,0,0,0,0,0,0,0,0,0,0,0,0,0,0,0,0,0,0,0,0,0,0,0,0,0,0,0,0,0,0,0,0,0,0,0,0,0,0,15.6,0.5,0,0,0,0,0,0,0,0,0,0,0,0,0,0,0,0,0
26.5,81.5,46,0,0,0.3,0,0,0,0,0,0,0,0,0,0,0,0,0,0,0,0,0,0,0,0,0,0,0,0,0,0,0,0,0,0,0,0,0,0,0,0,0,0,0,0,0,0,0,0,0,0,0.1,0,0,0,0,0,0,0,0,0,0,0,0,0,0,0,0,0,0,0,0,0,0,0,0,0,0,0,2.5,0,0,0,1.2,0.1,0,0,0,0,0,1,4.2,9.6,4.4,0.2,0,0,0,0,0,0,0,0,0,0,0,0,0,0,0,0.1,0,0,0,0,0,0,0,0,0,0,0,0,0,0,0,0,0,0,0,0,0,0,0,0,0,0,0,0,0,0,0,0,3.7,0,0.7,0,0,0,0,0,0,0,0,0,0,0,0,0,0,0,0,0,0,0,0,0,0,0,0,0,0,0,0,0,0,0,5.8,0,0,0.9,0,0,0,1.2,8.2,5.1,1.3,0.4,0.4,5.3,0,0,0,0,0,3.2,1.2,0,0,8.1,2.6,8.7,0,3.4,0,13.2,48.1,42.8,6.6,1,12.6,6.2,33.5,4.4,14.5,3.6,0.2,0,0,0,0,0,0,0,0,0,1.4,0.4,0.9,0,33.4,0.2,4.2,4.8,3.4,0,7.3,0,32.2,45.9,32.4,23.4,11.2,2.9,0,2.5,4.8,0,0,0,6.6,0,31.4,32.5,5.1,0,0,0,0,0,0,0,0,0,0,0,7.3,0.6,0,0,0,0,0,0,0,0,0,0,0,1.3,0,1.6,0,0,0,0,4.3,14.7,2.5,0,16.3,0,16.5,12.6,0,0,0,0,0,0,0,0,0,0,0,0,0,0,0,0,0,0,0,0,0,0,0,0,0,0,0,0,0,0,0,0,0,0,0,0,0,0,0,0,0,0,0,0,0,0,0,0,0,0,0,0,0,0,0,0,0,0,0,0,0,0,0,0,0,0,0,0,0,0,0,0
27.5,81.5,47,0,0,0,0,0,0,0,0,0,0,0,0,0,0,0,0,0,0,0,0,7.4,0,0,0,0,0,0,0,0,0,0,0,0,0,0,0,0,0,0,0,0,0,0,0,0,0,0,0,0,0,0,0,0,0,0,0,0,0,0,0,0,0,0,0,0,0,0,0,0,0,0,0,0,0,0,0,0,1.3,0,0,0,3.2,0,0,0,0,0,0,0,4,6,0.1,0,0,0,0,0,0,0,0,0,0,0,0,0,0,0,0,0,0,0,0,0,0,0,0,0,0,0,0,0,0,0,0,0,0,0,0,0,0,0,0,0,0,0,0,0,0,0,0,0,6,0,0,0,0,0,0,0,0,0,0,0,0,0,0,0,0,0,0,0,0,0,0,0,0,0,0,0,0,0,0,0,4.6,0,19.6,0.9,0,1.1,0,0,0,3.1,0,0,3.8,0,0.2,11.7,14.6,0.4,0,0,0.4,0.6,0,0,0,9.3,15.3,9.3,0,0,0,20.2,32.8,0,1.3,0,0,66.7,13,11.1,9.4,2.5,0,0,0,0,0,0,1.6,0,7.6,0.4,0,1.6,21.2,0,0,0,0,0.9,1.7,0,0,0,0.8,32.2,110.4,19.8,17.5,10,0,0,0,0,0,0,0,0,14.7,50.5,75.3,0,0,0,0,0,0,0,0,0,0,0,2.9,0.2,0,0,0,0,0,0,0,0,0,0,0,0.9,0,12.6,0,0,0,0,0,0,4.5,0,4.2,0,7.2,0.2,0.1,0,0,0,0,0,0,0,0,0,0,0,0,0,0,0,0,0,0,0,0,0,0,0,0,0,0,0,0,0,0,0,0,0,0,0,0,0,0,0,0,0,0,0,0,0,0,0,0,0,0,0,0,0,0,0,0,0,0,0,0,0,0,0,0,0,0,0,0,0,0,0
28.5,81.5,48,0,0,0,0,0,0,0,0,0,0,0,0,0,0,0,0,0,0,0,0.2,4.9,0,0,0,0,0,0,0,0,0,0,0,0,0,0,0,0,0,0,0,0,0,0,0.1,0,0,0,0,0,0,0,0,0,0,0,0,0,0,0,0,0,0,0,0,0,0,0,0,0,0,0,0,0,0,0,0,0,1.2,0,0,0,2.1,0.6,0,0.1,0,0,0,0,3.5,5.5,1.6,0,0,0,0,0,0,0,0,0,0,0,0,0,0,0,0,0,0,0,0,0,0,0,0,0,0,0,0,0,0,0,0,0,0,0,0,0,0,0,0,0,0,0,0,0,0,0,0,0,4.4,0,0.2,0,0,0,0,0,0,0,0,0,0,0,0,0,0,0,0,0,0,0,0,0,0,0,0,0,0,0,0,0,3,0,12.7,0.8,0,0.2,0,0,0,1.3,1.2,0,1.8,1.9,10.5,4.5,8.5,0.1,0,0,0.1,0,0,0,0,11.4,10.8,6.7,0,0,1.2,21.4,29.2,0.1,3.6,0,0,42.3,14.4,11.2,13.5,5.9,0,0,0,0,0,0,0.7,1.3,3.6,0.1,0,0.7,16.3,0,0.2,0,0,0.2,0.9,0,0,0,0.5,20.2,77.1,37.6,7.9,4,0,0,0,0,0,0,0,0,8.6,155.9,55.5,0,0,0,0,0,0,0,0,0,0,0,1.2,1.1,0,0,0,0,0,0,0,0,0,0,0,0.3,12.2,6.6,0,0,0,0,0,0,3.8,0,2.7,0,28.2,11.2,0.3,0,0,0,0,0,0,0,0,0,0,0,0,0,0,0,0,0,0,0,0,0,0,0,0,0,0,0,0,0,0,0,0,0,0,0,0,0,0,0,0,0,0,0,0,0,0,0,0,0,0,0,0,0,0,0,0,0,0,0,0,0,0,0,0,0,0,0,0,0,0,0
24.5,82.5,49,0,0,0,0,0,0,0,0,0,0,0,0,0,0,0,0,0,0,0,0,0,0,0,0,0,0,0,0,0,0,0,0,0,0,0,0,0,1.6,0,0,0,0,0,0,0,0,0,0,0,0,0,0,0,0,0,0,0,0,0,0,0,0,0,0,0,0,0,0,0,0,0,0,0,0,0,0,1.6,16.2,0,0,0,0,0,0,0,0,0,0,0.6,4.3,8.8,3.9,0,0,0,0,0,0,0,0,0,0,0,0,0,0,0,0,0,0.6,0,0,0,0,0,0,0,0,0,0,0,0,0,0.5,0,0,0,0,0,0,0,0,0,0,0,0,0,0,0,0,0,0,0,0,0,0,0,0,0,0,0,0,0,0,0,0,0,2.3,0,0,0,0,0,0,0,0,0,0,0,0,0,1.9,2,3.2,1.5,0,0,0,0,0,0,1.9,12.9,4.6,0.5,0.2,1.5,0.7,7.7,0,0,0,0,0,0,0,0,0.2,3.2,1.3,1.4,0.3,0,2,39.6,0.5,17.4,0.2,17.7,23.1,14.3,4.6,0.9,2.9,0.8,0.9,0,0,0,0,0,0,0,0,2.7,7.9,14.4,6,0,4.2,0,23.4,21.3,19.2,2,1.9,2.9,46.4,5.6,1.3,0.9,14.5,14,12.5,20.3,11.2,4.1,0.3,4.8,40.9,45.7,1.6,1.1,0,0,0,0,0,0,0,0,0,0,0,0.3,1,1.4,0,0,0,0,0,0,0,0,0,0,0,0,0,0,0,0,0.8,0,0,1.5,0,0,0,0,0,2.5,0,0,0,0,0,0,0,0,0,0,0,0,0,0,0,0,0,0,0,0,0,0,0,0,0,0,0,0,0,0,0,0,0,0,0,0,0,0,0,0,0,0,0,0,0,0,0,0,0,0,0,0,0,8.7,6.1,0,0,0,0,0,0,0,0,0,0,0,0,0,0,0,0,0
25.5,82.5,50,0,0,2.5,0,0,0,0,0,0,0,0,0,0,0,0,0,0,0,0,0,0,0,0,0,0,0,0,0,0,0,0,0,0,0,0,0,0,0.3,0,0,0,0,0,0,0,0,0,0,0,0,0,0,0,0,0,0,0,0,0,0,0,0,0,0,0,0,0,0,0,0,0,0,0,0,0,0,0.6,12.3,3.5,0,0,0,0,0,0,0,0,0,0,2.8,24.2,10.1,0,0,0,0,0,0,0,0,0,0,0,0,0,0,0,0,0,0.2,0,0,0,0,0,0,0,0,0,0,0,0,0,0.7,0,0,0,0,0,0,0,0,0,0,0,0,0,0,0,0,0,0,0,0,0,0,0,0,0,0,0,0,0,0,0,0,0,0.2,0,0,0,0,0,0,0,0,0,0,0,0,0,0,0,0.3,0,3.5,0.7,0,0.2,0,0,0.3,3.9,20.6,36.7,0,0.1,0.3,11.9,0,0,0,0,0,0,0,0,0,1.8,0.3,1.6,0.6,0.8,0.2,3.9,77.7,22.6,1.4,31.8,14,6.1,6.1,12.7,22.3,0,3.6,0,0,0,0,0,0,0,0,0.3,1.6,9.4,0,0,14.3,0,6.9,76.4,9,0,4.2,7.9,27.9,4.8,22.8,3.6,5,7.6,0.7,2.2,1.3,0.2,0,1.5,3.5,2.3,2.5,0.1,0,0,0,0,0,15.9,16.1,34.5,0.8,8.5,15.7,0,8.9,0.8,27.2,0,0,0,0,0,0,0,0,0,0,0,0,0,0,0,0,0,0,8.7,0,0,3.1,0,1,25.4,0,0,0,0,0,0,0,0,0,0,0,0,0,0,0,0,0,0,0,0,0,0,0,0,0,0,0,0,0,0,0,0,0,0,0,0,0,0,0,0,0,0,0,0,0,0,0,0,0,0,0,0,0,0.8,0.5,0,0,0,0,0,0,0,0,0,0,0,0,0,0,0,0,0
26.5,82.5,51,0,0,0,0,0,0,0,0,0,0,0,0,0,0,0,0,0,0,0,0,0.3,0,0,0,0,0,0,0,0,0,0,0,0,0,0,0,0,0,0,0,0,0,0,0,0,0,0,0,0,0,0,0,0,0,0,0,0,0,0,0,0,0,0,0,0,0,0,0,0,0,0,0,0,0,0,0,0,3.1,0,0,0,0.5,0,0,0,0,0,0,0.9,4.6,4.9,0,0,0,0,0,0,0,0,0,0,0,0,0,0,0,0,0,0,0,0,0,0,0,0,0,0,0,0,0,0,0,0,0,0,0,0,0,0,0,0,0,0,0,0,0,0,0,0,0,0,3.2,0,0.7,0,0,0,0,0,0,0,0,0,0,0,0,0,0,0,0,0,0,0,0,0,0,0,0,0,0,0,0,1.5,0.2,0,6.9,0,0,4.7,0,0,0,3.8,9.9,5.8,1.1,2.6,2.2,12.7,1.6,0.3,0,0,0,0.9,1,0,0,34.1,12.6,9.5,0.2,4.1,0,9.4,37,51.1,4.1,2.7,10,9.5,29.4,4.7,18.6,6.2,0,0,0,0.3,0,0,0,0,0,0,1.2,0.4,0,0,38.5,0.4,5.2,4.2,1.6,0,0,0,31.1,37.3,38.2,31,21.1,1.4,2.9,0,0,0,0,0,8.5,0,27,14.5,10.1,0,0,0,0,0,0,0,0,0,0,0,14.9,0.5,0,0,0,0,0,0,0,0,0,0,0,0.2,0,4.4,0,0,0,0,0,12.5,0,0,15.9,0,8.8,16.2,0,0,0,0,0,0,0,0,0,0,0,0,0,0,0,0,0,0,0,0,0,0,0,0,0,0,0,0,0,0,0,0,0,0,0,0,0,0,0,0,0,0,0,0,0,0,0,0,0,0,0,0,0,0,0,0,0,0,0,0,0,0,0,0,0,0,0,0,0,0,0,0
27.5,82.5,52,0,0,0,0,0,0,0,0,0,0,0,0,0,0,0,0,0,0,0,0,2.1,0,0,0,0,0,0,0,0,0,0,0,0,0,0,0,0,0,0,0,0,0,0,0,0,0,0,0,0,0.1,0,0,0,0,0,0,0,0,0,0,0,0,0,0,0,0,0,0,0,0,0,0,0,0,0,0,0,0,0,0,0,0.5,0.2,0,0,0,0,0,0,3.9,1.3,0.2,0,0,0,0,0,0,0,0,0,0,0,0,0,0,0,0,0,0,0,0,0,0,0,0,0,0,0,0,0,0,0,0,0,0,0,0,0,0,0,0,0,0,0,0,0,0,0,0,0,1.4,0,0,0,0,0,0,0,0,0,0,0,0,0,0,0,0,0,0,0,0,0,0,0,0,0,0,0,0,0,0.2,10.4,1.3,0,3.3,0,0,9.3,0,0,0,26.5,0,0.8,0,18.2,15.9,17.7,11.3,2.1,0,0,0,2.3,0,0,0,64.3,82.3,5.9,1.3,0,0,22,104.6,1.5,2.2,1,0,11.7,17.5,10.5,16.1,14.7,0.2,0,0,2.1,0,0,0,0,0,0,0,0,1.7,0,0,0.2,1,12.6,2.4,0,0,0,7.3,28.8,71.9,9.2,31.4,5.2,1.6,0,0,0,0,0,11.3,0,21.2,20.3,31.9,0,0,0,0,0,0,0,0,0,0,0,42.7,0,0,0,0,0,0,0,0,0,0,0,0,0.8,0,15.1,0,0,0,0,0,0,1.3,0,0,0,7.5,5.6,0,0,0,0,0,0,0,0,0,0,0,0,0,0,0,0,0,0,0,0,0,0,0,0,0,0,0,0,0,0,0,0,0,0,0,0,0,0,0,0,0,0,0,0,0,0,0,0,0,0,0,0,0,0,0,0,0,0,0,0,0,0,0,0,0,0,0,0,0,0,0,0
23.5,68.5,53,0,0.3,0,0,0,0,0,0,0,0,0,0,0,0,0,0,0,0,0,0,0,0,0,0,0,0,0,0,0,0,0,0,0,0,0,0,0,0,0,0,0,0,0,0,0,0,0,0,0,0,0,0,0,0,0,0,0,0,0,0,0,0,0,0,0,0,0,0,0,0,0,0,0,0,0,0,0,0,0,0,0,0,0,0,0,0,0,0,0,0,0,0,0,0,0,0,0,0,0,0,0,0,0,0,0,0,0,0,0,0,0,0,0,0,0,0,0,0,0,0,0,0,0,0,0,0,0,0,0,0,0,0,0,0,0,0,0,0,0,0,0,0,0,0,0,0,0,0,0,0,0,0,0,0,0,0,0,0,0,0,0,0,0,0,0,0,0,0,0,0,0,0,0,0,0,0,0,0,0,0,0,0,0,0,0,5.4,0.9,0,0,0,0,0,0,0,0,0,7,15.3,22.2,0,12.1,43.8,29.3,2.7,2.1,0.9,0,5.3,13.8,1.7,1.1,0,0,0,0,0,0,0,0,0,0,0,0,0,0,0,0,0,0,0,0,0,0,0,0,0,0,31.5,55.1,4.8,0,0,0,0,0,0,0,0,0,0,0,0,0,0,0,0,0,0,0,0,0,0,0,0,0,0,0,0,0,0,0,0,0,0,0,0,0,0,0,0,0,0,0,0,0,0,0,0,0,0,0,0,0,0,0,0,0,0,0,0,0,0,0,0,0,0,0,0,0,0,0,0,0,0,0,0,0,0,0,0,0,0,0,0,0,0,0,0,0,0,0,0,0,0,0,0,0,0,0,0,0,0,0,0,0,0,0,0,0,0,0,0,0,0,0,0,0,0,0,0,0,0,0,0,0
24.5,68.5,54,0,0,0,0,0,0,0,0,0,0,0,0,0,0,0,0,0,0,0,0,0,0,0,0,0,0,0,0,0,0,0,0,0,0,0,0,0,0,0,0,0,0,0,0,0,0,0,0,0,0,0,0,0,0,0,0,0,0,0,0,0,0,0,0,0,0,0,0,0,0,0,0,0,0,0,0,0,0,0,0,0,0,0,0,0,0,0,0,0,0,0,0,0,0,0,0,0,0,0,0,0,0,0,0,0,0,0,0,0,0,0,0,0,0,0,0,0,0,0,0,0,0,0,0,0,0,0,0,0,0,0,0,0,0,0,0,0,0,0,0,0,0,0,0,0,0,0,0,0,0,0,0,0,0,0,0,0,0,0,0,0,0,0,0,0,0,0,0,0,0,0,0,0,0,0,0,0,0,0,0,0,0,0,0,0,2.6,0.2,0,0,0,0,0,0,0,0,0,3.2,3,4.3,0,17.4,30.2,5.9,0.6,0.4,0.2,0,8.8,14.4,0.8,0.5,0,0,0,0,0,0,0,0,0,0,0,0,0,0,0,0,0,0,0,0,0,0,0,0,0,0,27.8,54.7,6.5,0,0,0,0,0,0,0,0,0,0,0,0,0,0,0,0,0,0,0,0,0,0,0,0,0,0,0,0,0,0,0,0,0,0,0,0,0,0,0,0,0,0,0,0,0,0,0,0,0,0,0,0,0,0,0,0,0,0,0,0,0,0,0,0,0,0,0,0,0,0,0,0,0,0,0,0,0,0,0,0,0,0,0,0,0,0,0,0,0,0,0,0,0,0,0,0,0,0,0,0,0,0,0,0,0,0,0,0,0,0,0,0,0,0,0,0,0,0,0,0,0,0,0,0,0
21.5,69.5,55,0,0,0,0,0,0,0,0,0,0,0,0,0,0,0,0,0,0,0,0,0,0,0,0,0,0,0,0,0,0,0,0,0,0,0,0,0,0,0,0,0,0,0,0,0,0,0,0,0,0,0,0,0,0,0,0,0,0,0,0,0,0,0,0,0,0,0,0,0,0,0,0,0,0,0,0,0,0,0,0,0,0,0,0,0,0,0,0,0,0,0,0,0,0,0,0,0,0,0,0,0,0,0,0,0,0,0,0,0,0,0,0,0,0,0,0,0,0,0,0,0,0,0,0,0,0,0,0,0,0,0,0,0,0,0,0,0,0,0,0,0,0,0,0,0,0,0,0,0,0,0,0,0,0,0,0,0,0,0,0,0,0,0,0,0,0,0,0,0,0,0,0,0,0,0,0,0,0,0,0,0,1,3.5,0.2,9.6,3.4,0.5,0.6,1.7,0,0,0,0,0,0,0.2,7.5,17.1,47.4,3.1,57.3,20.8,3.2,6.8,4.6,7.1,4.3,5,9.3,0,0,0,1.3,1,0,0,0,0,0,0,0,0,0,0,0,0,0,0,0,24.6,0,0,0,0.2,0,0.3,23,8,28.1,0,0,0,0,0,0,0,0,0,0,0,0,0,0,0,0,1.6,4.3,0,0,0.2,0,0,0.4,0.5,0,0,0,0,0,0,0,0,0,0,0,0,0,0,0,0,0,0,0,0,0,0,1,0,0,4,0,0,0,0,0,0,0,0,0,0,0,0,0,0,0,0,0,0,0,0,0,0,0,0,0,0,0,0,0,0,0,0,0,0,0,0,0,0,0,11.5,1.8,0,0,0,0,0,0,0,0,0,0,0,0,0,0,0,0,0,0,0,0,0,0,0,0,0,0,0,0,0,0,0,0,0,0
22.5,69.5,56,0,14.5,3.3,0,0,0,0,0,0,0,0,0,0,0,0,0,0,0,0,0,0,0,0,0,0,0,0,0,0,0,0,0,0,0,0,0,0,0,0,0,0,0,0,0,0,0,0,0,0,0,0,0,0,0,0,0,0,0,0,0,0,0,0,0,0,0,0,0,0,0,0,0,0,0,0,0,0,0,0,0,0,0,0,0,0,0,0,0,0,0,0,0,0,0,0,0,0,0,0,0,0.1,0,0,0,0,0,0,0,0,0,0,0,0,0,0,0,0,0,0,0,0,0,0,0,0,0,0,0,0,0,0,0,0,0,0,0,0,0,0,0,0,0,0,0,0,0,0,0,0,0,0,0,0,0,0,0,0,0,0,0,0,0,0,0,0,0,0,0,0,0,0,0,0,0,0.2,0,0,0,0,0,0,0,0,0,2.2,0.3,2.3,0.2,0,0.2,0,0,0,0.1,0,0,6.1,17.1,30.2,3.6,44.3,49.6,6.1,1.9,7.9,4.5,5,5.1,9.1,6.2,0.3,0,0,0,0,0,0,0,0,0,0,0,0,0,0,0,0,0,0,2.1,0.2,0,0,0,0,0,3.4,39.1,51.8,3.9,0,0,0,0,0,0,0,0,0,0,0,0,0,0,0,0,1,0,0,0,0,0,0,0,0,0,0,0,0,0,0,0,0,0,0,0,0,0,0,0,0,0,0,0,0,0,0,0,0,0,0,0,0,0,0,0,0,0,0,0,0,0,0,0,0,0,0,0,0,0,0,0,0,0,0,0,0,0,0,0,0,0,0,0,0,0,0,0,0,0,0.6,0,0,0,0,0,0,0,0,0,0,0,0,0,0,0,0,0,0,0,0,0,0,0,0,0,0,0,0,0,0,0,0,0,0
23.5,69.5,57,0,2.4,0.7,0,0,0,0,0,0,0,0,0,0,0,0,0,0,0,0,0,0,0,0,0,0,0,0,0,0,0,0,0,0,0,0,0,0,0,0,0,0,0,0,0,0,0,0,0,0,0,0,0,0,0,0,0,0,0,0,0,0,0,0,0,0,0,0,0,0,0,0,0,0,0,0,0,0,0,0,0,0,0,0,0,0,0,0,0,0,0,0,0,0,0,0,0,0,0,0,0,0,0,0,0,0,0,0,0,0,0,0,0,0,0,0,0,0,0,0,0,0,0,0,0,0,0,0,0,0,0,0,0,0,0,0,0,0,0,0,0,0,0,0,0,0,0,0,0,0,0,0,0,0,0,0,0,0,0,0,0,0,0,0,0,0,0,0,0,0,0,0,0,0,0,0,0,0,0,0,0,0,0,0,0,0,35.2,10,0,0,0,0,0,0,0,0,0,43.1,13.9,3.2,0.9,36.3,22.5,9,1.6,1.2,1.1,1,1.9,6.6,13.1,15.5,0,0,0,0,0,0,0,0,0,0,0,0,0,0,0,0,0,0,0,4.7,0,0,0,0,0,0.9,15.9,53.5,12.1,0,0,0,0,0,0,0,0,0,0,0,0,0,0,0,0,0,0,0,0,0,0,0,0,0,0,0,0,0,0,0,0,0,0,0,0,0,0,0,0,0,0,0,0,0,0,0,0,0,0,0,0,0,0,0,0,0,0,0,0,0,0,0,0,0,0,0,0,0,0,0,0,0,0,0,0,0,0,0,0,0,0,0,0,0,0,0,0,0,0,0,0,0,0,0,0,0,0,0,0,0,0,0,0,0,0,0,0,0,0,0,0,0,0,0,0,0,0,0,0,0,0,0,0,0
24.5,69.5,58,0.3,0,0,0,0,0,0,0,0,0,0,0,0,0,0,0,0,0,0,0,0,0,0,0,0,0,0,0,0,0,0,0,0,0,0,0,0,0,0,0,0,0,0,0,0,0,0,0,0,0,0,0,0,0,0,0,0,0,0,0,0,0,0,0,0,0,0,0,0,0,0,0,0,0,0,0,0,0,0,0,0,0,0,0,0,0,0,0,0,0,0,0,0,0,0,0,0,0,0,0,0,0,0,0,0,0,0,0,0,0,0,0,0,0,0,0,0,0,0,0,0,0,0,0,0,0,0,0,0,0,0,0,0,0,0,0,0,0,0,0,0,0,0,0,0,0,0,0,0,0,0,0,0,0,0,0,0,0,0,0,0,0,0,0,0,0,0,0,0,0,0,0,0,0,0,0,0,0,0,0,0,0,0,0.3,0.2,13,0.2,0,0,0,0,0,0,0,0,0.1,18.1,3.6,4.8,0,21.7,28.2,7.2,0.9,0.4,0.2,0,6.3,12.3,4.8,2.6,0,0,0,0,0,0,0,0,0,0,0,0,0,0,0,0,0,0,0,3.7,0,0,0,0,1.7,2.8,15.2,52.9,11,0,0,0,0,0,0,0,0,0,0,0,0,0,0,0,0,0,0,0,0,0,0,0,0.3,0,0,0,0,0,0,0,0,0,0,0,0,0,0,0,0,0,0,0,0,0,0,0,0,0,0,0,0,0,0,0,0,0,0,0,0,0,0,0,0,0,0,0,0,0,0,0,0,0,0,0,0,0,0,0,0,0,0,0,0,0,0,0,0,0,0,0,0,0,0,0,0,0,0,0,0,0,0,0,0,0,0,0,0,0,0,0,0,0,0,0,0,0,0,0,0,0,0,0,0,0
27.5,69.5,59,0,0,0,0,0,0,0,0,0,0,0,0,0,0,0,0,0,0,0,0,0,0,0,0,0,0,0,0,0,0,0,0,0,0,0,0,0,0,0,0,0,0,0,0,0,0,0,0,0,0,0,0,0,0,0,0,0,0,0,0,0,0,0,0,0,0,0,0,0,0,0,0,0,0,0,0,0,0,0,0,0,0,0,0,0,0,0,0,0,0,0,0,0,0,0,0,0,0,0,0,0,0,0,0,0,0,0,0,0,0,0,0,0,0,0,0,0,0,0,0,0,0,0,0,0,0,0,0,0,0,0,0,0,0,0,5.1,0,0,0,0,39.6,0.4,0,0,0,0,0,0,0,0,0,0,0,0,0,0,0,0,0,0,0,0,0,0,0,0,0,0,0,0,0,0,0,0,0,0,0,0,0,0,0,0,0,0,0,0.1,0,0,0,0,0,0,0.2,0,0,0,0,0.3,0,2.2,0,0,1.8,0,0,0,0,0,32.7,0.5,0,0.1,0,0,0,0,0,0,0,0,0,0,0,0,0,0,0,0,0,0,0,0,0,0,0,0,0.7,0,1.3,0,0,0,0,0,0,0,0,0,0,0,0,0,0,0,0,0,0,0,0,0,0,0,0,0,0,0,0,0,0,0,0,0,0,0,0,0,0,0,0,0,0,0,0,0,0,0,0,0,0,0,0,0,0,0,0,0,0,0,0,0,0,0,0,0,0,0,0,0,0,0,0,0,0,0,0,0,0,0,0,0,0,0,0,0,0,0,0,0,0,0,0,0,0,0,0,0,0,0,0,0,0,0,0,0,0,0,0,0,0,0,0,0,0,0,0,0,0,0,0,0,0,0,0,0,0
20.5,70.5,60,0,0,0.6,0,0,0,0,0,0,0,0,0,0,0,0,0,0,0,0,0,0,0,0,0,0,0,0,0,0,0,0,0,0,0,0,0,0,0,0,0,0,0,0,0,0,0,0,0,0,0,0,0,0,0,0,0,0,0,0,0,0,0,0,0,0,0,0,0,0,0,0,0,0,0,0,0,0,0,0,0,0,0,0,0,0,0,0,0,0,0,0,0,0,0,0,0,0,0,0,0,0,0,0,0,0,0,0,0,0,0,0,0,0,0,0,0,0,0,0,0,0,0,0,0,0,0,0,0,0,0,0,0,0,0,0,0,0,0,0,0,0,0,0,0,0,0,0,0,0,0,0,0,0,0,0,0,0,0,0,0,0,0,0,0,0,0,0,0,0.1,0,0,0,0,0.1,0,0,0,0,0,0,0,1,0.6,2.2,3.7,0.4,0.9,0.1,0,1.1,0.5,1.2,0,0.1,0,0,14.5,32.3,13.6,66.1,21.9,60.8,19,2.5,2.6,2,11.1,2.9,2.6,2.4,3.2,1.3,0,2.1,1.2,1.5,1.1,0,0,0,0,0,0.1,0,0,0,0,0,0,7.1,4.8,0,0,0.3,1.3,4.9,0.9,12.3,9.8,24.1,0.7,0.4,0,0,0,0,0,0,0,0,0,0,0,0,0,0.7,0,0,0,0.9,0,0,0,0,0,0,0,0,0,0,0,0,0,0,0,0,0,0,0,0,0,0,0,0,0,0,0,0,0,0,0,0,0,0,0,0,0,0,0,0,0,0,0,0,0,0,0,0,0,0,0,0,0,0,0,0,0,0,0,0,0,0,0,0,0,0,0,0,0,0.1,4.2,1.7,0,0,0,0,0,0,0,0,0,0,0,0,0,0,0,0,0,0,0,0,0,0,0,0,0,0,0,0,0,0,0,0,0
21.5,70.5,61,0,0,0.1,0,0,0,0,0,0,0,0,0,0,0,0,0,0,0,0,0,0,0,0,0,0,0,0,0,0,0,0,0,0,0,0,0,0,0,0,0,0,0,0,0,0,0,0,0,0,0,0,0,0,0,0,0,0,0,0,0,0,0,0,0,0,0,0,0,0,0,0,0,0,0,0,0,0,0,0,0,0,0,0,0,0,0,0,0,0,0,0,0,0,0,0,0,0,0,0,0,0,0,0,0,0,0,0,0,0,0,0,0,0,0,0,0,0,0,0,0,0,0,0,0,0,0,0,0,0,0,0,0,0,0,0,0,0,0,0,0,0,0,0,0,0,0,0,0,0,0,0,0,0,0,0,0,0,0,0,0,0,0,0,0,0,0,0,0,0,0,0,0,0,0,0,0,0,0,0,0,0,0.4,1.7,0.7,14,5.4,0,4.5,1.9,1,0,0,0,0,0,1.1,13.4,24.4,55,101,68.8,138.7,3.2,9.3,7.1,35.3,2.3,12.8,47.3,2.8,1.8,1.3,3.4,5.1,1.2,0,2.9,0.4,0,0.5,0,0,0,0,0,0,0,0,2.8,7.9,0.2,0,0,0,7.9,5.8,10.1,6.6,3,0.2,0,0,0,0,0,0,0,0,0,0,0,0,0,0,0,0,1.6,0,0,0,0,7.9,0.3,1.6,0.1,8,0.7,0,0,0,0,0,0,0,0,0,0,0,0,0,0,0,0,0,0,0,0,0,0,0,0,0,0,0,0,0,0,0,0,0,0,0,0,0,0,0,0,0,0,0,0,0,0,0,0,0,0,0,0,0,0,0,0,0,0,0,0.2,0,0,0.1,0.2,0,0,0,0,0,0,0,0,0,0,0,0,0,0,0,0,0,0,0,0,0,0,0,0,0,0,0,0,0,0,0,0,0,0
22.5,70.5,62,5.4,3.4,0.3,0,0,0,0,0,0,0,0,0,0,0,0,0,0,0,0,0,0,0,0,0,0,0,0,0,0,0,0,0,0,0,0,0,0,0,0,0,0,0,0,0,0,0,0,0,0,0,0,0,0,0,0,0,0,0,0,0,0,0,0,0,0,0,0,0,0,0,0,0,0,0,0,0,0,0,0,0,0,0,0,0,0,0,0,0,0,0,0,0,0,0,0,0,0,0,0,0,0,0,0,0,0,0,0,0,0,0,0,0,0,0,0,0,0,0,0,0,0,0,0,0,0,0,0,0,0,0,0,0,0,0,0,0,0,0,0,0.1,0,0,0,0,0,0,0,0,0,0,0,0,0,0,0,0,0,0,0,0,0,0,0,0,0,0,0,0,0,0,0,0,0,0,0,0,0,0,0,0,0,0,0,20.1,5.2,37.6,0.2,0,0,0,0,0,0,0.2,0.2,0,13.2,17.9,3.1,1.5,19,33.6,0.9,0.5,0.4,7.4,1.4,125.8,53.6,117.6,7.7,0,0,0,0,0,0,0,0,0,0,0,0,0,0,0,0,0,0,9,0.3,0,0,0,15,7.6,11.3,52.5,46.8,0.9,0,0,0,0,0,0,0,0,0,0,0,0,0,0,0,0,0,0,0,0,0,0,0,0,0,0.6,0.7,0,0,0,0,0,0,0,0,0,0,0,0,0,0,0,0,0,0,0,0,0,0,0,0,0,0,0,0,0,0,0,0,0,0,0,0,0,0,0,0,0,0,0,0,0,0,0,0,0,0,0,0,0,0,0,0,0,0,0,0,0,0,0,0,0.1,0,0,0,0,0,0,0,0,0,0,0,0,0,0,0,0,0,0,0,0,0,0,0,0,0,0,0,0,0,0,0,0,0
23.5,70.5,63,7.3,0.8,0.4,0,0,0,0,0,0,0,0,0,0,0,0,0,0,0,0,0,0,0,0,0,0,0,0,0,0,0,0,0,0,0,0,0,0,0,0,0,0,0,0,0,0,0,0,0,0,0,0,0,0,0,0,0,0,0,0,0,0,0,0,0,0,0,0,0,0,0,0,0,0,0,0,0,0,0,0,0,0,0,0,0,0,0,0,0,0,0,0,0,0,0,0,0,0,0,0,0,0,0,0,0,0,0,0,0,0,0,0,0,0,0,0,0,0,0,0,0,0,0,0,0,0,0,0,0,0,0,0,0,0,0,0,0,0,0,0,0.3,0,0,0,0,0,0,0,0,0,0,0,0,0,0,0,0,0,0,0,0,0,0,0,0,0,0,0,0,0,0,0,0,0,0,0,0,0,0,0,0,0,0,0,8.5,5.3,0.5,5,0,0,0,0,0,0,0,0,3.3,45.5,12,0,0.4,39.7,17,2.7,0.3,0.7,1.3,1.4,2.1,25.4,23.9,9.3,0.1,0,0,0.3,0,0,0,0,0,0,0,0,0,0,0,0,0,0,0,12.3,0,0,0,0,15.8,26.8,18.7,7.1,0.6,0,0,0,0,0,0,0,0,0,0,0,0,0,0,0,0,0,0,0,0,0,0,0,9,0,0,0,0,0,0,0,0,0,0,0,0,0,0,0,0,0,0,0,0,0,0,0,0,0,0,0,0,0,0,0,0,0,0,0,0,0,0,0,0,0,0,0,0,0,0,0,0,0,0,0,0,0,0,0,0,0,0,0,0,0,0,0,0,0,0,0,0,0,0,0,0,0,0,0,0,0,0,0,0,0,0,0,0,0,0,0,0,0,0,0,0,0,0,0,0,0,0,0,0,0
24.5,70.5,64,7.8,5.2,0,0,0,0,0,0,0,0,0,0,0,0,0,0,0,0,0,0,0,0,0,0,0,0,0,0,0,0,0,0,0,0,0,0,0,0,0,0,0,0,0,0,0,0,0,0,0,0,0,0,0,0,0,0,0,0,0,0,0,0,0,0,0,0,0,0,0,0,0,0,0,0,0,0,0,0,0,0,1.3,0,0,0,0,0,0,0,0,0.7,0,0,0,0,0,0,0,0,0,0,0,0,0,0,0,0,0,0,0,0,0,0,0,0,0,0,0,0,0,0,0,0,0,0.3,0,0,0,0,0,0,0,0,0,0,0,0,0.2,0.9,0.4,7.2,0,0,0,0,0,0,0,0,0,0,0,0,0,0,0,0,0,0,0,0,0,0,0,0,0,0,0,0,0,0,0,0,0,0,0,0,0,0,0,0,0,0,0,3.9,6.1,2.7,7.5,0,0,0,0,0,2.2,0,0,1.5,45.3,19,3.9,0,31.3,7,3.3,0.5,0,1.2,4.2,6.2,15.1,20.7,31,3.5,0,0,0,0,0,0,0,0,0,0,0,0,0,0,0,0,0,0,4.5,0,0,0,0,15.4,30.1,12.7,46.3,6.1,0,0,0,0,0,0,0,0,0,0,0,0,0,0,0,0,0,0,0,0,0,0,0,4.2,0,0,0,0,0,0,0,0,0,0,0,0,0,0,0,0,0,0,0,0,0,0,0,0,0,0,0,0,0,0,0,0,0,0,0,0,0,0,0,0,0,0,0,0,0,0,0,0,0,0,0,0,0,0,0,0,0,0,0,0,0,0,0,0,0,0,0,0,0,0,0,0,0,0,0,0,0,0,0,0,0,0,0,0,0,0,0,0,0,0,0,0,0,0,0,0,0,0,0,0,0
25.5,70.5,65,0,0,1.9,0,0,0,0,0,0,0,0,0,0,0,0,0,0,0,0,0,0,0,0,0,0,0,0,0,0,0,0,0,0,0,0,0,0,0,0,0,0,0,0,0,0,0,0,0,0,0,0,0,0,0,0,0,0,0,0,0,0,0,0,0,0,0,0,0,0,0,0,0,0,0,0,0,0,0,0,0,7.8,0,0,0,0,0,0,0,0,0,0,0,0,0,0,0,0,0,0,0,0,0,0,0,0,0,0,0,0,0,0,0,0,0,0,0,0,0,0,0,0,0,0,0,0,0,0,0,0,0,0,0,0,0,0,0,1.3,0,3.4,1.2,0,0,0,0,0,0,0,0,0,0,0,0,0,0,0,0,0,0,0,0,0,0,0,0,0,0,0,0,0,0,0,0,0,0,0,0,0,0,0,0,0,0,0,0,0,1.5,3.3,0,0,0,0,0,25.9,0,0,0,7.1,28.4,3.6,0,0,0,0,0,0,0,0.9,1,12.2,8.6,24.3,2.9,0,0,0,0,0,0,0,0,0,0,0,0,0,0,0,0,0,0,0,0,0,0,0,5.7,4.8,3.5,1.7,28.3,0,0,0,0,0,0,0,0,0,0,0,0,0,0,0,0,0,0,0,0,0,0,0,0.6,8.1,0,0,0,0,0,0,0,0,0,0,0,0,0,0,0,0,0,0,0,0,0,0,0,0,0,0,0,0,0,0,0,0,0,0,0,0,0,0,0,0,0,0,0,0,0,0,0,0,0,0,0,0,0,0,0,0,0,0,0,0,0,0,0,0,0,0,0,0,0,0,0,0,0,0,0,0,0,0,0,0,0,0,0,0,0,0,0,0,0,0,0,0,0,0,0,0,0,0,0,0
26.5,70.5,66,0,0,2.1,0,0,0,0,0,0,0,0,0,0,0,0,0,0,0,0,0,0,0,0,0,0,0,0,0,0,0,0,0,0,0,0,0,0,0,0,0,0,0,0,0,0,0,0,0,0,0,0,0,0,0,0,0,0,0,0,0,0,0,0,0,0,0,0,0,0,0,0,0,0,0,0,0,0,0,0,0,0,0,0,0,0,0,0,0,0,0.7,0,0,0,0,0,0,0,0,0,0,0,0,0,0,0,0,0,0,0,0,0,0,0,0,0,0,0,0,0,0,0,0,0,0,0,0,0,0,0,0,0,0,0,0,0,0,0,0,0,0,0,3.1,0,0,0,0,0,0,0,0,0,0,0,0,0,0,0,0,0,0,0,1.1,0,0,0,0,0,0,0,0,0,0,0,0,0,0,0,0,0,0,0,0,0,0,0,1,0,0,0,0,0,0,9.5,0,0,0,0,1.9,2.2,16.9,0,0,0,0,0,0,0,1,11.9,5.3,0,1.1,0,0,0,0,0,0,0,0,0,0,0,0,0,0,0,0,0,0,0,0,0,0,0,0,6.7,0,9.8,2.2,0,0,0,0,0,0,0,0,0,0,0,0,0,0,0,0,0,0,0,0,0,0,0,0,0,0,0,0,0,0,0,0,0,0,0,0,0,0,0,0,0,0,0,0,0,0,0,0,0,0,0,0,0,0,0,0,0,0,0,0,0,0,0,0,0,0,0,0,0,0,0,0,0,0,0,0,0,0,0,0,0,0,0,0,0,0,0,0,0,0,0,0,0,0,0,0,0,0,0,0,0,0,0,0,0,0,0,0,0,0,0,0,0,0,0,0,0,0,0,0,0,0,0,0,0
27.5,70.5,67,0,0,0,0,0,0,0,0,0,0,0,0,0,0,0,0,0,0,0,0,0,0,0,0,0,0,0,0,0,0,0,0,0,0,0,0,0,0,0,0,0,0,0,0,0,0,0,0,0,0,0,0,0,0,0,0,0,0,0,0,0,0,0,0,0,0,0,0,0,0,0,0,0,0,0,0,0,0,0,0,0,0,0,0,0,0,0,0,0,0,0,0,0,0,0,0,0,0,0,0,0,0,0,0,0,0,0,0,0,0,0,0,0,0,0,0,0,0,0,0,0,0,0,0,0,0,0,0,0,0,0,0,0,0,0,5.2,0,0,0,0,40.7,0.3,0,0,0,0,0,0,0,0,0,0,0,0,0,0,0,0,0,0,0,0,0,0,0,0,0,0,0,0,0,0,0,0,0,0,0,0,0,0,0,0,0,0,0,0,0,0,0,0,0,0,0.3,0,0,0,0,0.2,0,1.5,0,0,1.9,0,0,0,0,0,33.5,0.3,0,0,0,0,0,0,0,0,0,0,0,0,0,0,0,0,0,0,0,0,0,0,0,0,0,0,0.5,0,0.8,0,0,0,0,0,0,0,0,0,0,0,0,0,0,0,0,0,0,0,0,0,0,0,0,0,0,0,0,0,0,0,0,0,0,0,0,0,0,0,0,0,0,0,0,0,0,0,0,0,0,0,0,0,0,0,0,0,0,0,0,0,0,0,0,0,0,0,0,0,0,0,0,0,0,0,0,0,0,0,0,0,0,0,0,0,0,0,0,0,0,0,0,0,0,0,0,0,0,0,0,0,0,0,0,0,0,0,0,0,0,0,0,0,0,0,0,0,0,0,0,0,0,0,0,0,0
28.5,70.5,68,0,0,0,0,0,0,0,0,0,0,0,0,0,0,0,0,0,0,0,0,0,0,0,0,0,0,0,0,0,0,0,0,0,0,0,0,0,0,0,0,0,0,0,0,0,0,0,0,0,0,0,0,0,0,0,0,0,0,0,0,0,0,0,0,0,0,0,0,0,0,0,0,0,0,0,0,0,0,0,0,0,0,0,0,0,0,0,0,0,0,0,0,0,0,0,0,0,0,0,0,0,0,0,0,0,0,0,0,0,0,0,0,0,0,0,0,0,0,0,0,0,0,0,0,0,0,0,0,0,0,0,0,0,0,0,5.3,0,0,0,0,41.2,0.2,0,0,0,0,0,0,0,0,0,0,0,0,0,0,0,0,0,0,0,0,0,0,0,0,0,0,0,0,0,0,0,0,0,0,0,0,0,0,0,0,0,0,0,0,0,0,0,0,0,0,0.1,0,0,0,0,0.1,0,1.3,0,0,1.9,0,0,0,0,0,33.8,0.3,0,0,0,0,0,0,0,0,0,0,0,0,0,0,0,0,0,0,0,0,0,0,0,0,0,0,0.4,0,0.7,0,0,0,0,0,0,0,0,0,0,0,0,0,0,0,0,0,0,0,0,0,0,0,0,0,0,0,0,0,0,0,0,0,0,0,0,0,0,0,0,0,0,0,0,0,0,0,0,0,0,0,0,0,0,0,0,0,0,0,0,0,0,0,0,0,0,0,0,0,0,0,0,0,0,0,0,0,0,0,0,0,0,0,0,0,0,0,0,0,0,0,0,0,0,0,0,0,0,0,0,0,0,0,0,0,0,0,0,0,0,0,0,0,0,0,0,0,0,0,0,0,0,0,0,0,0
20.5,71.5,69,0,0,0.1,0,0,0,0,0,0,0,0,0,0,0,0,0,0,0,0,0,0,0,0,0,0,0,0,0,0,0,0,0,0,0,0,0,0,0,0,0,0,0,0,0,0,0,0,0,0,0,0,0,0,0,0,0,0,0,0,0,0,0,0,0,0,0,0,0,0,0,0,0,0,0,0,0,0,0,0,0,0,0,0,0,0,0,0,0,0,0,0,0,0,0,0,0,0,0,0,0,0,0,0,0,0,0,0,0,0,0,0,0,0,0,0,0,0,0,0,0,0,0,0,0,0,0,0,0,0,0,0,0,0,0,0,0,0,0,0,0,0,0,0,0,0,0,0,0,0,0,0,0,0,0,0,0,0,3.3,2.1,0,0,0,0,0,0,0,0,0,0,0,0,0,0.5,0.7,0.5,0,0,0,0,0,0,0.5,0.6,2.3,3.5,1.3,0,0,1.5,1.1,0.5,0.9,4,0,0,20.9,118.4,21.7,14.1,30.1,126.8,28,4.1,1,0.1,4.2,10.5,3.4,12.5,2,0.7,0.2,1.6,3.8,0.4,0,0,0,0,1.3,0,0,0,0,0,0,0,0,15.8,7.1,1,0,0.9,15.3,12.1,34.4,13.7,9.4,1.8,1.2,0,0,0,0,4.7,0,0,0,0,0,0,0,0,0,0,0,0,0,0,0,0,0,0,4.7,0,0,0,0,0,0,0,0,0,0,0,0,0,0,0,0,0,0,0,0,0,0,0,0,0,0,0,0,0,0,0,0,0,0,0,0,0,0,0,0,0,0,0,0,0,0,0,0,0,0,0,0,0,0,0,0,0,0,0,0,0,0,0,0,0,1.8,2.5,0.8,0,0,0,0,0,0,0,0,0,0,0,0,0,0,0,0,0,0,0,0,0,0,0,0,0,0,0,0,0,0,0,0,0
21.5,71.5,70,0,0,0,0,0,0,0,0,0,0,0,0,0,0,0,0,0,0,0,0,0,0,0,0,0,0,0,0,0,0,0,0,0,0,0,0,0,0,0,0,0,0,0,0,0,0,0,0,0,0,0,0,0,0,0,0,0,0,0,0,0,0,0,0,0,0,0,0,0,0,0,0,0,0,0,0,0,0,0,0,0,0,0,0,0,0,0,0,0,0,0,0,0,0,0,0,0,0,0,0,0,0,0,0,0,0,0,0,0,0,0,0,0,0,0,0,0,0,0,0,0,0,0,0,0,0,0,0,0,0,0,0,0,0,0,0,0,0,0,0,0,0,0,0,0,0,0,0,0,0,0,0,0,0,0,0,0,3,0,0.6,0,0,0,0,0,0,0,0,0,0,0,0,0,0,0,0,0,0,0,0,0,0.2,2.8,0,0,52.6,1.4,0,0,0.5,0,0.2,0,0,0,30.3,51,18.1,5.5,91.1,205.9,0.8,0.3,0.5,2.4,4.8,0.3,6,17.9,5,0.3,0,0.7,12.1,0.3,0,0,0,0,0,0,0,0,0,0,0,0,0,6.1,10.6,28.2,0,14.7,22,56.4,22.2,10,56.5,1.7,0,0,0,0,0,0,0,0,0,0,0,0,0,0,0,0,0,9.1,0,0,0,0,0,0,13.6,12.6,55.4,2.3,0,0,0,0,0,0,0,0,0,0,0,0,0,0,0,0,0,0,0,0,0,0,0,0,0,0,0,0,0,0,0,0,0,0,0,0,0,0,0,0,0,0,0,0,0,0,0,0,0,0,0,0,0,0,0,0,0,0,0,0,0,0,0.3,0.3,0,0,0,0,0,0,0,0,0,0,0,0,0,0,0,0,0,0,0,0,0,0,0,0,0,0,0,0,0,0,0,0,0,0
22.5,71.5,71,0,6.8,1.1,0,0,0,0,0,0,0,0,0,0,0,0,0,0,0,0,0,0,0,0,0,0,0,0,0,0,0,0,0,0,0,0,0,0,0,0,0,0,0,0,0,0,0,0,0,0,0,0,0,0,0,0,0,0,0,0,0,0,0,0,0,0,0,0,0,0,0,0,0,0,0,0,0,0,0,0,0,0,0,0,0,0,0,0,0,0,0,0,0,0,0,0,0,0,0,0,0,0,0,0,0,0,0,0,0,0,0,0,0,0,0,0,0,0,0,0,0,0,0,0,0,0,0,0,0,0,0,0,0,0,0,0,0,0,0,0,0,0,0,0,0,0,0,0,0,0,0,0,0,0,0,0,0,0,0,0,0,0,0,0,1.8,0.6,0,0,0,0,0,0,0,0,0,0,0,0,0,0,0.2,0,16.1,0,12.2,7.4,48.3,5.6,3.4,0,0,0,0,0,0,0,5.2,96.7,13.3,5.5,10.8,37,0.5,0.2,0,2.5,2.2,1.3,34,31,80.3,26.7,0.1,0,0,2,0,0,0,0,0,0,0,0,0,0,0,0,0.9,4.4,0,9.4,10.5,0,1.9,6.6,0.2,4.7,18.2,17,2.5,0,0,0,0,0,0,0,0,0,0,0,0,0,0,0,0,0,0,0,0,0,0,0,1.6,11.9,0,2.6,0,0,0,0,0,0,0,0,0,0,0,0,0,0,0,0,0,0,0,0,0,0,0,0,0,0,0,0,0,0,0,0,0,0,0,0,0,0,0,0,0,0,0,0,0,0,0,0,0,0,0,0,0,0,0,0,0,0,0,0,0,0,0,0,0,0,0,0,0,0,0,0,0,0,0,0,0,0,0,0,0,0,0,0,0,0,0,0,0,0,0,0,0,0,0,0,0,0
23.5,71.5,72,6.2,8.3,0.8,0,0,0,0,0,0,0,0,0,0,0,0,0,0,0,0,0,0,0,0,0,0,0,0,0,0,0,0,0,0,0,0,0,0,0,0,0,0,0,0,0,0,0,0,0,0,0,0,0,0,0,0,0,0,0,0,0,0,0,0,0,0,0,0,0,0,0,0,0,0,0,0,0,0,0,0,0,0,0,0,0,0,0,0,0,0,0,0,0,0,0,0,0,0,0,0,0,0,0,0,0,0,0,0,0,0,0,0,0,0,0,0,0,0,0,0,0,0,0,0,0,0,0,0,0,0,0,0,0,0,0,0,0,0,0,0,9.7,0,0,0,0,0,0,0,0,0,0,0,0,0,0,0,0,0,0,0,0,0,0,0,0,0,0,0,0,0,0,0,0,0,0,0,0,0,0,0,0,0,0,0,17.8,15.8,7,12.6,0,0,0,0,0,0,0,0,4.9,76.2,23.6,1.6,7.4,36.4,6.7,3.9,0.5,0.7,2,7.5,12.9,9.7,15.4,58.9,3.8,0,0.3,0,0,0,0,0,0,0,0,0,0,0,0,0,0,0,0,0,14.6,0,0,2.3,4.6,27.5,8.2,76.5,1.9,0,0,0,0,0,0,0.8,0,0,0,0,0,0,0,0,0,0,0,0,0,0,0,0,2.3,0,0,0,0,0,0,0,0,0,0,0,0,0,0,0,0,0,0,0,0,0,0,0,0,0,0,0,0,0,0,0,0,0,0,0,0,0,0,0,0,0,0,0,0,0,0,0,0,0,0,0,0,0,0,0,0,0,0,0,0,0,0,0,0,0,0,0,0,0,0,0,0,0,0,0,0,0,0,0,0,0,0,0,0,0,0,0,0,0,0,0,0,0,0,0,0,0,0,0,0,0
24.5,71.5,73,0,0,0,0,0,0,0,0,0,0,0,0,0,0,0,0,0,0,0,0,0,0,0,0,0,0,0,0,0,0,0,0,0,0,0,0,0,0,0,0,0,0,0,0,0,0,0,0,0,0,0,0,0,0,0,0,0,0,0,0,0,0,0,0,0,0,0,0,0,0,0,0,0,0,0,0,0,0,0,0,0,0,0,0,0,0,0,0,0,2.9,0,0,0,0,0,0,0,0,0,0,0,0,0,0,0,0,0,0,0,0,0,0,0,0,0,0,0,0,0,0,0,0,0,1.1,0,0,0,0,0,0,0,0,0,0,0,0,0,4.3,0,0.3,0,0,0,0,0,0,0,0,0,0,0,0,0,0,0,0,0,0,0,0,0,0,0,0,0,0,0,0,0,0,0,0,0,0,0,0,0,0,0,0,0,0,0,0.2,5.6,12.7,1.6,0.7,0,0,0,0,0,0,0,2.7,39,20.9,13.9,0.9,44,5.2,9.6,2.4,0,0.5,6.3,1.8,19.1,53.8,69.7,6.8,0,0.1,0,0,0,0,0,0,0,0,0,0,0,0,0,0,0,0,0,0,0,0,0,30.1,19.3,6.4,2.6,7.6,0,0,0,0,0,0,0,0,0,0,0,0,0,0,0,0,0,0,0,0,0,0,0,0,0,0,1.3,0.5,0,0.9,0,0,0,0,0,0,0,0,0,0,0,0,0,0,0,0,0,0,0,0,0,0,0,0,0,0,0,0,0,0,0,0,0,0,0,0,0,0,0,0,0,0,0,0,0,0,0,0,0,0,0,0,0,0,0,0,0,0,0,0,0,0,0,0,0,0,0,0,0,0,0,0,0,0,0,0,0,0,0,0,0,0,0,0,0,0,0,0,0,0,0,0,0,0,0
25.5,71.5,74,0,0,0.7,0,0,0,0,0,0,0,0,0,0,0,0,0,0,0,0,0,0,0,0,0,0,0,0,0,0,0,0,0,0,0,0,0,0,0,0,0,0,0,0,0,0,0,0,0,0,0,0,0,0,0,0,0,0,0,0,0,0,0,0,0,0,0,0,0,0,0,0,0,0,0,0,0,0,0,0,0,4.1,0,0,0,0,0,0,0,0,0,0,0,0,0,0,0,0,0,0,0,0,0,0,0,0,0,0,0,0,0,0,0,0,0,0,0,0,0,0,0,0,0,0,0,0,0,0,0,0,0,0,0,0,0,0,0,0.4,0,3.6,2.8,0,0,0,0,0,0,0,0,0,0,0,0,0,0,0,0,0,0,0,0,0,0,0,0,0,0,0,0,0,0,0,0,0,0,0,0,0,0,0,0,0,0,0,0,0,3.5,4.9,0,0,0,0,0,34.9,0,0,0,7.7,41.4,4.6,0,0,0,0,0,0,0,2,0.6,13.9,19.1,57,6.3,0,0,0,0,0,0,0,0,0,0,0,0,0,0,0,0,0,0,0,0,0,0,0,13.1,3.9,8.2,1.1,10.7,0,0,0,0,0,0,0,0,0,0,0,0,0,0,0,0,0,0,0,0,0,0,0,0.2,18.6,0,0,0,0,0,0,0,0,0,0,0,0,0,0,0,0,0,0,0,0,0,0,0,0,0,0,0,0,0,0,0,0,0,0,0,0,0,0,0,0,0,0,0,0,0,0,0,0,0,0,0,0,0,0,0,0,0,0,0,0,0,0,0,0,0,0,0,0,0,0,0,0,0,0,0,0,0,0,0,0,0,0,0,0,0,0,0,0,0,0,0,0,0,0,0,0,0,0,0,0
26.5,71.5,75,0,0,9.1,0,0,0,0,0,0,0,0,0.3,0,0,0,0,0,0,0,0,0,0,0,0,0,0,0,0,0,0,0,0,0,0,0,0,0,0,0,0,0,0,0,0,0,0,0,0,0,0,0,0,0,0,0,0,0,0,0,0,0,0,0,0,0,0,0,0,0,0,0,0,0,0,0,0,0,0,0,0,0,0,0,0,0,0,0,0,0,0,0,0,0,0,0,0,0,0,0,0,0,0,0,0,0,0,0,0,0,0,0,0.7,0,0,0,0,0,0,0,0,0,0,0,0,0,0,0,0,0,0,0,0,0,0,0,0,0,0,0,0.5,0,0,0,0,0,0,0,0,0,0,0,0,0,0,0,0,0,0,0,0,0,2.4,0,0,0,0,0,0,0,0,0,0,1.1,0,0,0,0,0,0,0,0,0,0,0,0,0.2,0,3.1,0,0,0,2,16.9,0,0,0,2.1,0.1,9.8,1.8,0,0,0,0,0,0,0,3.1,26.9,4.2,0,1,0.2,0,0,0,0,0,0,0,0,0,0,0,0,0,0,0,0,0,0,0,0,0,0,0,3.9,4.7,8.6,10.1,0,0,0,0,0,0,0,0,0,0,0,0,0,0,0,0,0,0,0,0,0,0,0,0.3,0,0,0,0,0,0,0,0,0,0,0,0,0,0,0,0,0,0,0,0,0,0,0,0,0,0,0,0,0,0,0,0,0,0,0,0,0,0,0,0,0,0,0,0,0,0,0,0,0,0,0,0,0,0,0,0,0,0,0,0,0,0,0,0,0,0,0,0,0,0,0,0,0,0,0,0,0,0,0,0,0,0,0,0,0,0,0,0,0,0,0,0,0,0,0,0,0,0,0,0,0
27.5,71.5,76,0,0,5.3,0,0,0,0,0,0,0,0,0.7,0,0,0,0,0,0,0,0,0,0,0,0,0,0,0,0,0,0,0,0,0,0,0,0,0,0,0,0,0,0,0,0,0,0,0,0,0,0,0,0,0,0,0,0,0,0,0,0,0,0,0,0,0,0,0,0,0,0,0,0,0,0,0,0,0,0,0,0,0,0,0,0,0,0,0,0,0,0.6,0,0,0,0,0,0,0,0,0,0,0,0,0,0,0,0,0,0,0,0,0,1.8,0,0,0,0,0,0,0,0,0,0,0,0,0,0,0,0,0,0,0,0,0,0,0,0.2,0,0,0,1.1,0,2.1,0,0,0,0,0,0,0,0,0,0,0,0,0,1,0,0,0,0,0,0,0,0,0,0,0,0,0,0,0,0,2.5,0,0,0,0,0,0,0,0,0,0,0,0,2.2,0,7.1,0,0,0,5.4,1.3,0,0,0.2,4.9,3.5,9.9,15.1,0,0,0,0,0,0,0,0.7,3.6,12.1,0.5,6.9,0.5,0,0,0,0,0,0,0,0,0,0,0,0,0,0,0,0,0,0,0,0,0,0,0,3.6,10.9,28.3,7,0,0,0,0,0,0,0,0,0,0,0,0,0,0,0,0,0,0,0,0,0,0,0,0.7,0,0,0,0,0,0,0,0,0,0,0,0,0,0,0,0,0,0,0,0,0,0,0,0,0,0,0,0,0,0,0,0,0,0,0,0,0,0,0,0,0,0,0,0,0,0,0,0,0,0,0,0,0,0,0,0,0,0,0,0,0,0,0,0,0,0,0,0,0,0,0,0,0,0,0,0,0,0,0,0,0,0,0,0,0,0,0,0,0,0,0,0,0,0,0,0,0,0,0,0,0
28.5,71.5,77,0,0,2.6,0,0,0,0,0,0,0,0,0.3,0,0,0,0,0,0,0,0,0,0,0,0,0,0,0,0,0,0,0,0,0,0,0,0,0,0,0,0,0,0,0,0,0,0,0,0,0,0,0,0,0,0,0,0,0,0,0,0,0,0,0,0,0,0,0,0,0,0,0,0,0,0,0,0,0,0,0,0,0,0,0,0,0,0,0,0,0,0.3,0,0,0,0,0,0,0,0,0,0,0,0,0,0,0,0,0,0,0,0,0,1.2,0.2,0,0,0,0,0,0,0,0,0,0,0,0,0,0,0,0,0,0,0,0,0,0,3.6,0,0,0,0.5,25.2,0.5,0,0,0,0,0,0,0,0,0,0,0,0,0,1.8,0,0,0,0,0,0,0,0,0,0,0,0,0,0,0,0,1.2,0,0,0,0,0,0,0,0,0,0,0,0,2.2,0,3.5,0,0,0,3.9,0.3,0,0,0.4,2.4,3.9,10,2.3,0,0,1.2,0,0,0,0,1.3,22.4,5.9,0.9,12.2,0.2,0,0,0,0,0,0,0,0,0,0,0,0,0,0,0,0,0,0,0,0,0,0,0,0.9,5.4,14.2,3.5,0,0,0,0,0,0,0,0,0,0,0,0,0,0,0,0,0,0,0,0,0,0,0,0.3,0,0,0,0,0,0,0,0,0,0,0,0,0,0,0,0,0,0,0,0,0,0,0,0,0,0,0,0,0,0,0,0,0,0,0,0,0,0,0,0,0,0,0,0,0,0,0,0,0,0,0,0,0,0,0,0,0,0,0,0,0,0,0,0,0,0,0,0,0,0,0,0,0,0,0,0,0,0,0,0,0,0,0,0,0,0,0,0,0,0,0,0,0,0,0,0,0,0,0,0,0
18.5,72.5,78,0,0,0,0,0,0,0,0,0,0,0,0,0,0,0,0,0,0,0,0,0,0,0,0.7,1,0,0,0,0,0,0,0,0,0,0,0,0,0,0,0,0,0,0,0,0,0,0,0,0,0,0,0,0,0,0,0,0,0,0,0,0,0,0,0,0,0,0,0,0,0,0,0,0,0,0,0,0,0,0,0,0,0,0,0,0,0,0,0,0,0,0,0,0,0,0,0,0,0,0,0,0,0,0,0,0,0,2.5,0,0,0,0,0,0,0,0,0,0,0,1.1,0,0,0,0,0,0,0,0,0,0,0,0,0,0,0,0,0,0,0,0,0,0,0,0,0,0,0,0,0,0,0,0,0,0,0,0,0.9,1.2,0.2,1.3,15.2,5.9,9.2,4.8,6.8,30.5,71.6,143.1,6.2,3.3,16.4,7.2,21,11.5,7.1,26.3,33.4,22.2,45.5,14.8,25.2,46.6,18.6,29.7,38.2,26.6,30.5,6.6,8.6,11.4,17.7,44.7,37.3,13.1,3.8,5.8,22.8,180.6,20.5,14.8,22.4,136.2,91.9,68.2,6.1,6.7,9.9,4.6,16.1,15.5,23,16.2,21,16.7,8.1,9.7,18.7,4.5,4.3,4.2,7.7,5.2,0.1,0,4.8,0,0.9,0,0,1.2,20.6,63.9,14.1,10.2,176.4,42.4,19.3,53.1,35.6,19.4,6,9,0.7,2.2,0.4,4.2,6.1,0.9,1.1,9.9,14.4,1.1,0.2,0,1.6,6.1,9.5,0,0,0.9,0,0,0,9.4,0.2,9,0.5,0.2,0,0,0,0,0,0,0,0,0,0,0,0,0,0,0,0,0,0,0,0,0,0,0,0,0,0,0,0,0,0,0,0,0,0,0,0,0,0,0,0,0,0,0,0,0,0,0,0,0,0,0,0,0,0,0,0,0,0,0,0,0,0,0,1.3,0.5,0,0,0,0,0,0,0,0,0,0,0,0,0,0.3,3.7,0,0,0,0,0,0,0,0,0,0,0,0,0,0,0,0,0,0
19.5,72.5,79,0,0,0,0,0,0,0,0,0,0,0,0,0,0,0,0,0,0,0,0,0,0,0,2.5,1.1,0,0,0,0,0,0,0,0,0,0,0,0,0,0,0,0,0,0,0,0,0,0,0,0,0,0,0,0,0,0,0,0,0,0,0,0,0,0,0,0,0,0,0,0,0,0,0,0,0,0,0,0,0,0,0,0,0,0,0,0,0,0,0,0,0,0,0,0,0,0,0,0,0,0,0,0,0,0,0,0,0,0,0,0,0,0,0,0,0,0,0,0,0,0,0,0,0,0,0,0,0,0,0,0,0,0,0,0,0,0,0,0,0,0,0,0,0,0,0,0,0,0,0,0,0,0,0,0,0,0.6,0.1,6.7,0.2,1.9,3.7,19.9,6.6,2.4,2.7,13.2,33.7,133.3,12.1,0.7,1.8,14.8,7.7,14,21.3,17,23.5,0.9,2.9,5.2,21.8,73.4,23.6,17.7,24.6,22.9,34.2,6.3,10.1,10.1,6.5,57.4,30.2,16,9,12.2,28.2,235.1,115.9,22.1,27.4,82.8,156.7,78.6,5.4,3.3,9.5,26.4,28.3,19.4,16.1,20.9,9.2,11.7,21.2,4.7,9.4,6.5,0.9,5,3.8,0.2,0.4,0,1.3,0.5,0,0,0,3.4,1,9.7,2.2,13,33.6,72.8,53.6,53,37.3,28.6,28.2,4.3,2.3,0.9,1.3,1.3,2.9,11.3,3,28.3,7.1,0,0.3,0,3.7,0,2.4,0,0,0.7,0.3,0,0,7.6,0,3.7,0,0,0,0,0,0,0,0,0,0,0,0,0,0,0,0,0,0,0,0,0,0,0,0.9,0,0,0,0,0,0,0,0,0,0,0,0,0,0,0,0,0,0,0,0,0,0,0,0,0,0,0,0,0,0,0,0,0,0,0,0,0,0,0,0,0,0,1.5,0,0,0,0,0,0,0,0,0,0,0,0,0,0,5.6,0,0,0,0,0,0,0,0,0,0,0,0,0,0,0,0,0,0
20.5,72.5,80,0,0,0,0,0,0,0,0,0,0,0,0,0,0,0,0,0,0,0,0,0,0,0,0,0,0,0,0,0,0,0,0,0,0,0,0,0,0,0,0,0,0,0,0,0,0,0,0,0,0,0,0,0,0,0,0,0,0,0,0,0,0,0,0,0,0,0,0,0,0,0,0,0,0,0,0,0,0,0,0,0,0,0,0,0,0,0,0,0,0,0,0,0,0,0,0,0,0,0,0,0,0,0,0,0,0,0,0,0,0,0,0,0,0,0,0,0,0,0,0,0,0,0,0,0,0,0,0,0,0,0,0,0,0,0,0,0,0,0,0,0,0,0,0,0,0,0,0,0,0,0,0,0,0,0.2,0,3.6,0,9.2,1.6,7.7,1,1.3,0.9,0,7.7,50.2,0,0.1,1.9,1.1,5.4,3.2,8.4,2.8,0.5,0,2.3,0.7,6.3,21.6,10,4.9,5.3,12.2,15.1,12,6.6,7.8,15.3,13.5,3,1.9,2.4,2.7,29.6,117,72.1,16.6,22.9,62.2,156.9,77.7,5.1,6.8,21.5,32.4,29.7,34.3,13,5.1,3.9,5.4,5.9,7.4,9.9,5.7,0,1.7,0,0,0,0,0,0,0,0,0,1.4,7.8,1.3,0.7,20.2,17.2,51.5,54.2,41.5,29.4,29.8,32.9,10.4,0.4,0,0,0,26.5,6.3,1.5,18,12,0,0,0.2,3,3.8,0.7,0,0,0.7,0,0,0,9.9,0,0,0,0,0,0,0,0,0,0,0,0,0,0,0,0,0,0,0,0,0,0,0,0,0,0,0,0,0,0,0,0,0,0,0,0,0,0,0,0,0,0,0,0,0,0,0,0,0,0,0,0,0,0,0,0,0,0,0,0,0,0,0,0,0,0,0,0,0.4,0,0,0,0,0,0,0,0,0,0,0,0,0,0,0,0,0,0,0,0,0,0,0,0,0,0,0,0,0,0,0,0,0
21.5,72.5,81,0,0,2.7,0,0,0,0,0,0,0,0,0,0,0,0,0,0,0,0,0,0,0,0,0,0,0,0,0,0,0,0,0,0,0,0,0,0,0,0,0,0,0,0,0,0,0,0,0,0,0,0,0,0,0,0,0,0,0,0,0,0,0,0,0,0,0,0,0,0,0,0,0,0,0,0,0,0,0,0,0,0,0,0,0,0,0,0,0,0,0,0,0,0,0,0,0,0,0,0,0,0,0,0,0,0,0,0,0,0,0,0,0,0,0,0,0,0,0,0,0,0,0,0,0,0,0,0,0,0,0,0,0,0,0,0,0,0,0,0,0,0.6,0,0,0,0,0,0,0,0,0,0,0,0,0,0,0,0,0,0,0,0,0,0,0,0,0,0,0,0,0,0,0,0,0.3,0,0,0,0,0,0,0,0,0.1,3.9,7.1,1.4,4.8,0.8,0.6,8.1,1.4,0,0,6,0,5.4,22.9,111,28.1,0.5,29.3,13.2,13,0.7,3.8,3.6,19.3,5.3,7.6,36.4,8.3,0,6.9,1.3,15.3,2.3,5.5,0,0,0,0,0,0,0,0,0,0,0,22.1,46.1,0,6.8,22.4,2.6,3.7,3.7,52.5,21.7,10.7,2.9,0,6.3,0,0.3,0,0,0,0,0,0,0,0,0.6,0,0,0,0,0,0,0,0,0,0.6,0,0,0.1,0,0,0,0,0,0,0,0,0,0,0,0,0,0,0,0,0,0,0,0,0,3,0,4.4,0,0,0,0,0,0,0,0,0,0,0,0,0,0,0,0,0,0,0,0,0,0,0,0,0,0,0,0,0,0,0,0,0,0,0,0,0,0,0,0,1.9,6.9,0,0,0,0,0,0,0,0,0,0,0,0,0,0,0,0,0,0,0,0,0,0,0,0,0,0,0,0,0,0,0,0,0
22.5,72.5,82,0,1.6,4.7,0,0,0,0,0,0,0,0,0,0,0,0,0,0,0,0,0,0,0,0,0,0,0,0,0,0,0,0,0,0,0,0,0,0,0,0,0,0,0,0,0,0,0,0,0,0,0,0,0,0,0,0,0,0,0,0,0,0,0,0,0,0,0,0,0,0,0,0,0,0,0,0,0,0,0,0,0,0,0,0,0,0,0,0,0,0,0.2,0,0,0,0,0,0,0,0,0,0,0,0,0,0,0,0,0,0,0,0,0,0,0,0,0,0,0,0,0,0,0,0,0,0,0,0,0,0,0,0,0,0,0,0,0,0,0,0,0,0,0,0,0,0,0,0,0,0,0,0,0,0,0,0,0,0,0,0,0,0,0,0,0,0,0,0,0,0,0,0,0,0,0,0,0,0,0,0,0,0,0,0,0,0.2,0,6.3,14.3,1.7,0,0,0,2.9,9.3,0,0,2.3,56.1,71.7,10.2,15.9,18.2,3.4,1.9,0.5,4.5,3.4,5.9,7,57.4,34.9,27.1,4.3,1.4,0.4,2.3,0,0,0,0,0,0,0,0,0,0,0,0,0,0,1.1,8.3,4,14.3,15.4,3.9,10.8,3,9.5,5.9,29.7,0.3,0,0,0,0,0.2,0,0,0,0,0,0,0,2,0.5,0,0,0,0,0,0,0,0,0.4,3.7,3.1,0,8.3,0,0,0,0,0,0,0,0,0,0,0,0,0,0,0,0,0,0,0,0,0,0,0,0,0,0,0,0,0,0,0,0,0,0,0,0,0,0,0,0,0,0,0,0,0,0,0,0,0,0,0,0,0,0,0,0,0,0,0,0,0,0,0,0,0,0,0,0,0,0,0,0,0,0,0,0,0,0,0,0,0,0,0,0,0,0,0,0,0,0,0,0,0,0,0,0,0
23.5,72.5,83,4.8,3.8,0,0,0,0,0,0,0,0,0,0,0,0,0,0,0,0,0,0,0,0,0,0,0,0,0,0,0,0,0,0,0,0,0,0,0,0,0,0,0,0,0,0,0,0,0,0,0,0,0,0,0,0,0,0,0,0,0,0,0,0,0,0,0,0,0,0,0,0,0,0,0,0,0,0,0,0,0,0,0,0,0,0,0,0,0,5.2,0,0,0,0,0,0,0,0,0,0,0,0,0,0,0,0,0,0,0,0,0,0,0,0,0,0,0,0,0,0,0,0,0,0,0,0,0,0,0,0,0,0,0,0,0,0,0,0,0,0,0,0,0,0,0,0,0,0,0,0,0,0,0,0,0,0,0,0,0,0,0,0,0,0,0,0,0,0,0,0.3,0,0,0,0,0,0,0,0,0,0,0,0,0,0,0,37.1,0.9,0.4,11.2,0.2,0,0,0,0,0,0,0,9.2,41.2,21.1,7,1.1,7.6,5,2.8,10.7,5.4,7.8,8.9,8.6,22.4,75.5,53.3,1.8,0,0.3,0,0.7,0,0,0,0,0,0,0,0,0,0,0,0,0.2,0,6.7,0,1.1,6.4,5.7,8.8,3.5,1.4,15.3,0.5,0,0,0,0,0,0,0.1,0,0,0,0,0,0,0,0,0,0,0,0,0,0,0,0,0,0.3,0,0,0,0,0,0,0,0,0,0,0,0,0,0,0,0,0,0,0,0,0,0,0,0,0,0,0,0,0,0,0,0,0,0,0,0,0,0,0,0,0,0,0,0,0,0,0,0,0,0,0,0,0,0,0,0,0,0,0,0,0,0,0,0,0,0,0.3,0,0,0,0,0,0,0,0,0,0,0,0,0,0,0,0,0,0,0,0,0,0,0,0,0,0,0,0,0,0,0,0,0
24.5,72.5,84,0,4,0.4,0,0,0,0,0,0,0,0,0,0,0,0,0,0,0,0,0,0,0,0,0,0,0,0,0,0,0,0,0,0,0,0,0,0,0,0,0,0,0,0,0,0,0,0,0,0,0,0,0,0,0,0,0,0,0,0,0,0,0,0,0,0,0,0,0,0,0,0,0,0,0,0,0,0,0,0,0,0,0,0,0,0,0,0,0,0,2.4,0,0,0,0,0,0,0,0,0,0,0,0,0,0,0,0,0,0,0,0,0,0,0,0,0,0,0,0,0,0,0,0,0,0,0,0,0,0,0,0,0,0,0,0,0,0,0,0,0,0,0,0,0,0,0,0,0,0,0,0,0,0,0,0,0,0,0,0,0,0,0,0,0,0,0,0,0,0,0,0,0,0,0,0,0,0,0,0,0,0,0,0,0,5.3,19.7,22.7,5.4,8.2,0.1,0,0,0,0,0,0,5.9,15.9,25.2,16.1,9.4,10.7,3.7,7.6,9.5,1.2,6.3,25.7,24.3,42.4,44.8,19.1,5.8,1.7,0,0,0,0,0,0,0,0,0,0,0,0,0,0,0,6.4,6.8,0.3,0,3.3,0.5,0.7,19.4,10.4,0,44.9,8.4,0.4,0,0,0,0,0,6.7,0,0,0,0,0,0,0,0,0,0,0,0,0,0,0,0,0,0,0,0,0,0,0,0,0,0,0,0,0,0,0,0,0,0,0,0,0,0,0,0,0,0,0,0,0,0,0,0,0,0,0,0,0,0,0,0,0,0,0,0,0,0,0,0,0,0,0,0,0,0,0,0,0,0,0,0,0,0,0,0,0,0,0,0,0,0,0,0,0,0,0,0,0,0,0,0,0,0,0,0,0,0,0,0,0,0,0,0,0,0,0,0,0,0,0,0,0,0
25.5,72.5,85,0,2.4,0,0,0,0,0,0,0,0,0,0,0,0,0,0,0,0,0,0,0,0,0,0,0,0,0,0,0,0,0,0,0,0,0,0,0,0,0,0,0,0,0,0,0,0,0,0,0,0,0,0,0,0,0,0,0,0,0,0,0,0,0,0,0,0,0,0,0,0,0,0,0,0,0,0,0,0,0,0,0,0,0,0,0,0,0,0,3.3,0,0,0,0,0,0,0,0,0,0,0,0,0,0,0,0,0,0,0,0,0,0,0,0,0,0,0,0,0,0,0,0,0,0,0,0,0,0,0,0,0,0,0,0,0,0,0,0,0,0,0,0,0,0,0.3,0,0,0,0,0,0,0,0,0,0,0,0,0,0,0,0,0,0,0,0,0,0,0,0,0,0,0,0,0,0,0,0,0,0,0,0,0,0,0,0,12.5,22.5,1.3,0,0,0,0,0,0,0,0,0,2.5,24,21.9,0,1.8,0,0,0,0,0,0,0.4,23.5,10,25.3,17.3,0,0,0,0,0,0,0,0,0,0,0,0,0,0,0,0,0,0,0,0,0,0.3,33.8,5.5,5.8,30.2,0.6,15.3,0,0,0,0,0,0,0,17,0,0,0,0,0,0,0,0,0,0,0,0,0,0,0,0,0,0,0,0,0,0,0,0,0,0,0,0,0,0,0,0,0,0,0,0,0,0,0,0,0,0,0,0,0,0,0,0,0,0,0,0,0,0,0,0,0,0,0,0,0,0,0,0,0,0,0,0,0,0,0,0,0,0,0,0,0,0,0,0,0,0,0,0,0,0,0,0,0,0,0,0,0,0,0,0,0,0,0,0,0,0,0,0,0,0,0,0,0,0,0,0,0,0,0,0,0
26.5,72.5,86,0,1.3,1.6,0,0,0,0,0,0,0,0,0,0,0,0,0,0,0,0,0,0,0,0,0,0,0,0,0,0,0,0,0,0,0,0,0,0,0,0,0,0,0,0,0.7,0,0,0,0,0,0,0,0,0,0,0,0,0,0,0,0,0,0,0,0,0,0,0,0,0,0,0,0,0,0,0,0,0,0,0,0,0.4,1.1,0,0,0,0,0,0,0.6,0.8,0,0,0,0,0,0,0,0,0,0,0,0,0,0,0,0,0,0,0,0,0,0,0.3,0,0,0,0,0,0,0,0,0,0,0,0,0,0,0,0,0,0,0,0,20.4,0,0,0,0,0,0,0,0,0,0.2,0,0,0,0,0,0,0,0,0,0,0,0,0,0,0,0,0,0,0,0,0,0,0,0,0.8,0,0,0,0,0,0,0,0,0,0,0,0,0,0,0,17.5,4.5,1.3,0,0,0,0,9.5,0,0,0,0,0,3.7,17.9,0.7,0.1,0,0,0,0,0.1,0,5.9,32.3,4.9,16.4,14.8,0,0,0,0,0,0,0,0,0,0,0,0,0,0,0,0,0,0,0,0,0,6,10.9,6,9.4,7.1,0,5.8,0,0,0,0,0,0,0.5,0.6,0,0,0,0,0,0,0,0,0,0,0,0,0,0,0,0,0,0,0,0,0,0,0,0,0,0,0,0,0,0,0,0,0,0,0,0,0,0,0,0,0,0,0,0,0,0,0,0,0,0,0,0,0,0,0,0,0,0,0,0,0,0,0,0,0,0,0,0,0,0,0,0,0,0,0,0,0,0,0,0,0,0,0,0,0,0,0,0,0,0,0,0,0,0,0,0,0,0,0,0,0,0,0,0,0,0,0,0,0,0,0,0,0,0,0,0,0
27.5,72.5,87,0,0.2,3.2,0,0,0,0,0,0,0,0,0.4,0,0,0,0,0,0,0,0,0,0,0,0,0,0,0,0,0,0,0,0,0,0,0,0,0,0,0,0,0,0,0,0,0,0,0,0.2,0,0,0,0,0,0,0,0,0,0,0,0,0,0,0,0,0,0,0,0,0,0,0,0,0,0,0,0,0,0,0,0,0,0,0,0,0,0,0,0,0,0.9,0,0,0,0,0,0,0,0,0,0,0,0,0,0,0,0,0,0,0,0,0,2.3,0.7,0,0,0,0,0,0,0,0,0,0,0,0,0,0,0,0,0,0,0,0,0,0,1.2,0,0.8,0,0.6,0,0,0,0,0,0,0,0,0,0,0,0,0,0,0,7.4,0.3,0,0,0,0,0,0,0,0,0,0,0,0,0,0,0,1.5,0,0,0,0,0,0,0,0,0,0,0,0,8.4,0,4.3,0,0,0,9.6,0,0,0,1.4,3,13.9,32.2,1.7,0,0,0,0,0,0,0,5.2,6.5,15.7,4.8,47.8,0.3,0,0,0,0,0,0,0,0,0,0,0,0,0,0,0,0,0,0,0,0,0.3,0,0,0.1,7.3,27,4.7,0,0,0,0,0,0.3,0,0,0,0,0,0,0,0,0,0,0,0,0,0,0,0,0,0.4,0.4,0,0,0,0,0,0,0,0,0,0,0,0,0,0,0,0,0,0,0,0,0,0,0,0,0.5,0,0,0,0,0,0,0,0,0,0,0,0,0,0,0,0,0,0,0,0,0,0,0,0,0,0,0,0,0,0,0,0,0,0,0,0,0,0,0,0,0,0,0,0,0,0,0,0,0,0,0,0,0,0,0,0,0,0,0,0,0,0,0,0,0,0,0,0,0,0,0,0,0,0,0
28.5,72.5,88,0,2,0,0,0,0,0,0,0,0,0,0,0,0,0,0,0,0,0,0,0,0,0,0,0,0,0,0,0,0,0,0,0,0,0,0,0,0,0,0,0,0,0,0,0,0,0,0,0.7,0,0,0,0,0,0,0,0,0,0,0,0,0,0,0,0,0,0,0,0,0,0,0,0,0,0,0,0,0.7,0,0,0,0,0,0,0,0,0,0,0.2,0.9,0.3,0,0,0,0,0,0,0,0,0,0,0,0,0,0,0,0,0,0.2,0,0,0,0,0.5,0,0,0,0,0,0,0,0,0,0,0,0,0,0,0,0,0,0,0,0,0,0,0,0,0,0,1.6,0.5,0,0,0,0,0,0,0,0,0,0,0,0,0,3.1,2.1,0.5,0,0,0,0,0,0,0,0,0.4,0,0,0,0,0,0,0,0,0,0,0,0,0,0,0,0,0,0,1.7,0,0,0,0,0.7,6.4,0,0,0,0,0,2.1,21.1,19,0,0,0,0,0,0,0,2.6,1,18.7,13,15.7,0.2,0,0,0,0,0,0,0,0,0,0,3.3,0,0,0,0,0,0,0.1,0,0,2.4,18.8,0.3,0,3,1,0.2,1.7,0,0,0,0,0,0,0,0,0,0,0,0,0,0,0,0,0,0,0,0,0,0,0,0.8,0.2,0,0,0,0,0,0,0,0,0,0,0,0,0,0,0,0,0,0,0,0,0,0,0,4.7,0,0,0,0,0,0,0,0,0,0,0,0,0,0,0,0,0,0,0,0,0,0,0,0,0,0,0,0.7,0,0,0,0,0,0,0,0,0,0,0,0,0,0,0,0,0,0,0,0,0,0,0,0,0,0,0,0,0,0,0,0,0,0,0,0,0,0,0,0,0,0,0,0,0,0,0
29.5,72.5,89,0,0,0,0,0,0,0,0,0,0,0,0,0,0,0,0,0,0,0,0,0,0,0,0,0,0,0,0,0,0,0,0,0,0,0,0,0,0,0,0,0,0,0,0,0,0,0,0,0,0,0,0,0,0,0,0,0,0,0,0,0,0,0,0,0,0,0,0,0,0,0,0,0,0,0,0,0.7,0,0,0,0,0,0,0,0,0,0,0,0,0.5,1.4,0,0,0,0,0,0,0,0,0,0,0,0,0,0,0,0,1,2.4,0,1.4,0.5,0.7,0,0,0,0,0,0,0,0,0,0,0,0,0,0,0,0,0,0,0,0,0,0,0,0,0,0,0,0,0,0,0,0,0,0,0,0,0,0,0,0,0,0,0,0,0,0,0,0,0,0,0,0,0,0,0,0,0,0,0,0,0,0,0,0,0,0,0,0,0,0,0,1.8,1.4,0,0,0,1.4,1.7,0,0,0,0,2.4,6.1,0,12.5,0,0,0,0,0,0,0,0,0,4.9,21.5,12,1.6,0,0,0,0,0,0,0,0,0,4.2,0.9,5.7,0,0,0,0,0,0,0,0,0,0,28.3,4,0,17.1,0,4.8,2.8,0,0,0,0,0,0,0,0,0,0,0,0,0,0,0,0,0,0,0,0,0,0,0,1.4,0,0,0,0,0,0,0,0,0,0,0,0,0,0,0,0,0,0,0,0,0,0,0,0,0,0,0,0,0,0,0,0,0,0,0,0,0,0,0,0,0,0,0,0,0,0,0,0,0,0,0,0,0,0,0,0,0,0,0,0,0,0,0,0,0,0,0,0,0,0,0,0,0,0,0,0,0,0,0,0,0,0,0,0,0,0,0,0,0,0,0,0,0,0,0,0,0,0,0,0
36.5,72.5,90,0,0.1,1.7,0.3,0.2,0,0,0,0,0,0,0,0,0,0,0,0,0,2.4,9.4,0,1,1.3,0.6,0,0,0,0,0,0.3,0,0,0.2,0.7,5,2.6,0.2,0,0,0,0,0,0.6,2.7,1,0,0.6,2.4,3.6,5.7,1.1,0,0,0,0,0,0,0,0,0,0,0,0,0,0,0,4.1,1.5,0.2,0,0,0,0,0,0,0.2,6,2.5,0.2,0,0.2,0.4,0.1,0,0,0.5,0,0,0,0.4,2.4,0.2,0,0.7,0,0.4,2.9,2.5,4.3,0,0,0.4,3.3,0.3,0,0.4,0.4,1,0.6,1,0.1,0,1.2,3.3,1.8,0.2,0,0,0,0,0,0,0,0,0,1.3,3.4,1.7,0.5,0.7,0,0.2,1.3,0,0,0.4,0,0.7,0,0,2.9,4.4,8.9,2.1,0.6,0,0,0,0,0,0,0,0,0,0,0.2,2.3,0.9,0,0.8,1.4,0,0,0,0,0,0.2,0,0,0,0,0,0,0,0,0,0,0,0,0,0,0,0.4,0,0.2,3.9,0.4,0,0,0.4,0.6,0.1,0,0,0,0,4.2,8,11.1,0.6,11.9,29.8,14.3,1.7,1,0.5,0,6.1,14.5,1.9,0.7,0.4,0,0,0,0,0,0,0,0,0,0.4,0.7,0.2,0,0.5,0,0,0,0,0,0.2,0.2,0.2,0.9,1.6,1.2,24.2,44.7,5.5,0,0.1,0,0,0,0,0,0,0,0,0,0,0,0,0,0,0,0,0,0,0,1.9,0,0,0,0,0,0,0,0,0,0,0,0,0,1.6,0.2,0,0,0.3,0,0,0,0,0,0,0.3,0,0,0,0,0,0,0,0,0,0,0,0,0,0,0,0,0,0,0,0,0,0.6,4.2,0,0,0,0,0,0,0,1.2,0.1,0,0,0,0,0,0,0,0,0,0,0,0,0,0,0,0,0,0,0,0,0,0,0,0,0,0,0,0,0,0,0,0,0,0,0,0,0,0,2.9,2.8,0,0,0,0,0,0
15.5,73.5,91,0,0,0,3.2,0,0,0,0,0,0,0,0,0,0,0,0,0,0,0,0,0,0,0,0,0,0,0,0,0,0,0,0,0,0,0,0,0,0,0,0,0,0,0,0,0,0,0,0,0,0,0,0,0,0,0,0,0,0,0,0,0,0,0,0,0,0,0,0,0,0,0,0,0,0,0,0,0,0,0,0,0,0,0,0,0,0,0,0,0,0,0,0,0,0,0,0,0,0,0,0,0,0,0,0,0.2,0,7.5,0,0,0,0,0,0,0,0,0,0,0,0,0,0,0,0,0,0,0,0,0,0,0,0,0,0,0,0,0,0,0,0,0,0,0,0,0.1,0,0,0,0,0,0,0,0,0,0,0.3,0.6,20.9,69.7,18.8,3.1,38,3.2,7.7,51.7,90.9,40.7,159.9,104,3,9.7,8.6,8.2,2.5,3.5,3.4,13,67.8,69.9,54.4,77.3,54.1,69.2,32.1,37.3,67.4,30.8,7.4,1.2,4,5.7,5.9,2.9,1.8,33.3,50.3,43.5,22.5,22.6,10.9,69.7,123.1,32.1,13.2,19.3,3.8,7.4,5.9,4.7,10.6,28.7,82.4,81.5,18.1,10.8,0.5,1.7,0.4,2.7,6.6,11.7,5.9,3.1,2.1,4.2,0.1,0,13.2,37.7,27.7,39.3,22.2,25.4,51.2,33.3,43.5,28.6,18.4,4.7,3.6,1.3,2.6,3.1,2.3,4.4,4.9,14.9,12.9,18.3,7.7,7.6,11.1,13.5,0.2,6,3.6,0,0,0,0.4,0.9,4.1,14.5,8.7,15.5,51.1,0.5,0,0,0,1.3,18.1,1.4,1,0,0,2.7,0,0,0,0,0,0,0,0.2,0.7,0,0,0,0,0,0,0,0,0,0,0,0,0,0,0,0,0,0,0,0,0,0,0,0,0,0,0,0,0,0,0,0,0,0,0,0,0,0,0,0,0,0,0,0,1.1,0,0.2,0,0,0,0,0,0,0,0,0,0,11.2,69.3,110.3,36.7,31.4,7.1,0,0,0,0,0,0,0,0,0,0,0,0,0,0,0,0,0
16.5,73.5,92,0,0,0,13.3,0,0,0,0,0,0,0,0,0,0,0,0,0,0,0,0,0,0,0,0,0,0,0,0,0,0,0,0,0,0,0,0,0,0,0,0,0,0,0,0,0,0,0,0,0,0,0,0,0,0,0,0,0,0,0,0,0,0,0,0,0,0,0,0,0,0,0,0,0,0,0,0,0,0,0,0,0,0,0,0,0,0,0,0,0,0,0,0,0,0,0,0,0,0,0,0,0,0,0,0,2.4,1.6,0,0,0,0,0,0,0,0,0,0,0,0,0,0,0,0,0,0,0,0,0,0,0,0,0,0,0,0,0,0,0,0,0,0,0,0,0,0,0,0,0,0,0,0,0,0,0,0,0,0,7,7.1,7.6,8.8,12.3,0.8,2.8,70.5,29.4,30.8,28.5,66.8,0.6,29.5,10.9,3.6,25.5,82.8,12.8,12.9,121.3,117.1,160,91.8,52.6,63.5,63.3,30.4,63.7,40.1,20,4.3,0.9,8.6,13.1,8,18.4,168.5,76.8,77.2,56.2,12.1,14.8,28.8,91.8,73.5,30.5,21.1,16.7,6,13.8,14.2,17.1,29.3,204.5,135.7,87,51.9,25.3,20.3,7.9,1.3,15,15.5,11.6,1.8,2.4,11.1,2.3,1.5,0,2.1,36.3,138.2,40.8,14.1,19.1,28.7,19,17,31.2,23.5,9.9,18.2,16.9,24,21.9,13.9,6.9,6.4,0.8,4.5,5.9,4,13.6,4.8,0,1.8,2,0,0,1.7,0,0.8,0,0,9.4,7.2,6.2,0,0,0,0,0.2,0.4,0.8,0,0,0,0.5,0,0,0,0,0,0,0,0,0,0,0,0,0,0,0,0,0,0,0,0,0,0,0,0,0,0,0,0,0,0,0,0,0,0,0,0,0,0,0,0,0,0,0,0,0,0,0,0,0,0,0,0,1.1,0,0,0,0,0,0,0,0,0,0,0,0,0,0,48.2,40.5,2.2,0.8,0,0,0,0,0,0,0,0,0,0,0,0,0,0,0,0,0,0
17.5,73.5,93,0,0,0,0,0,0,0,0,0,0,0,0,0,0,0,0,0,0,0,0,0,0,0,0,0,0,0,0,0,0,0,0,0,0,0,0,0,0,0,0,0,0,0,0,0,0,0,0,0,0,0,0,0,0,0,0,0,0,0,0,0,0,0,0,0,0,0,0,0,0,0,0,0,0,0,0,0,0,0,0,0,0,0,0,0,0,0,0,0,0,0,0,0,0,0,0,0,0,0,0,0,0,0,0,0,0,0,0,0,0,0,0,0,0,0,0,0,0,0,0,0,0,0,0,0,0,0,0,0,0,0,0,0,0,0,0,0,0,0,0,0,0,0,0,0,0,0,0,0,0,0,0,0,0,0,6.7,15.4,9.9,9.6,9.9,1.5,9.8,9.8,10.5,130,90.4,49.9,95.2,2.6,26.3,18.4,6.2,16.6,14.8,43.7,74.3,10.4,78.8,44.5,131.6,63.3,21.4,55.4,60.3,57.9,49.5,33.7,4.3,6.5,29.5,11.6,18.7,79.2,50.4,6.5,92.6,293.6,36.4,47.2,53.5,98.3,142,65.4,23.1,14,15.1,11,20.7,36.4,46.5,53.2,36.9,54.7,19.1,20.6,14.6,5.1,2.2,22.4,14.7,10,0,0.1,58.7,0,1.4,14.4,0,16.5,2.1,23.2,32.3,16,21.5,33.3,58.2,39.4,16.8,8,81.9,10.1,5.9,67.4,68.3,5.1,9,0.2,2,2,5.8,28.9,12.5,2,4.9,0,0,0,0,0,0,0,0,29.1,0,0,1.1,2.9,0,0,2.9,13.4,0,0,0,1,25,0,0,0,0,0,0,0,6.8,2,0,0,0,0,0,0,0,0,0,0,0,0,0,0,0,0,0,0,0,0,0,0,0,0,0,0,0,0,0,0,0,0,0,0,0,0,0,0,0,0,0,0,0,0,0,0,0,0,0,0,0,0,0,0,0,0,0,0,0.2,27.4,54,2.3,0,0,0,0,0,0,0,0,0,0,0,0,0,0,0,0,0,0
18.5,73.5,94,0,0,0,0.4,0,0,0,0,0,0,0,0,0,0,0,0,0,0,0,0,0,0,0,0,0,1.8,0,0,0,0,0,0,0,0,0,0,0,0,0,0,0,0,0,0,0,0,0,0,0,0,0,0,0,0,0,0,0,0,0,0,0,0,0,0,0,0,0,0,0,0,0,0,0,0,0,0,0,0,0,0,0,0,0,0,0,0,0,0,0,0,0,0,0,0,0,0,0,0,0,0.7,0,0,0,0,0,0,0,0,0,0,0,0,0,0,0,0,0,0,0,0,0,0,0,0,0,0,0,0,0,0,0,0,0,0,0,0,3.2,0.8,0,0,0,0,0,0,0,0,0,0,0,0,0,0,0,0,0,4.1,10.1,1,2.8,7.9,22.6,6.8,9.1,2.4,21.8,28.4,15,91.8,2.8,36.9,82.3,40.2,49.1,27.7,23.5,70.8,79,21.6,18.8,70.4,30.6,1.8,31.8,43.9,22.7,35.1,18.5,15.6,7.3,5.7,45.2,123.9,36.9,17.9,60,163.5,225.6,44.3,102.4,64.6,207.2,80.4,119,45.9,36.9,26.6,26.4,41.2,68.9,113,39.4,87.1,52.3,42.8,32,58.8,21.7,16.6,10.3,19,19.2,5.1,2.1,22.6,3.2,25.8,1.5,1.6,26.5,4.3,47.6,10.7,16.5,111.2,22.4,37.8,85.9,80.3,48.5,25.4,42.1,5.8,8.5,29.7,24.3,8.7,0.7,11.7,2.7,22.9,11.3,0.7,0.9,8.5,3.5,7.7,0.7,0.2,2,0.8,0.4,6.8,38.3,0.2,1.1,0.2,0.9,0,0,0,0,0,0,3.9,26.3,0,0,0,0,0,0,0,0,0.3,0,0,0,0,1,1.1,0,0,0,0,0,0,0,0,0,0,0,0,0,0,0,0,0,0,0,0,0,0,0,0,0,0,0,0,0,0,0,0,0,0,0,0,0,0,0,1.2,0,0,0,0,0,0,0,0,0,0,0,0,0,0,1,1.5,1.1,0,0,0,0,0,0,0,0,0,0,0,0,0,0,0,0,0,0
19.5,73.5,95,0,0,0,0,0,0,0,0,0,0,0,0,0,0,0,0,0,0,0,0,0,0,0,0.5,2.8,0,0,0,0,0,0,0,0,0,0,0,0,0,0,0,0,0,0,0,0,0,0,0,0,0,0,0,0,0,0,0,0,0,0,0,0,0,0,0,0,0,0,0,0,0,0,0,0,0,0,0,0,0,0,0,0,0,0,0,0,0,0,0,0,0,0,0,0,0,0,0,0,0,0,0,1.4,0,0,0,0,0,0,1.9,0,0.5,0,0,0,0,0,0,0,0,0,0,0,0,0,0,0,0,0,0,0,0,0,0,0,0,0,0,0,0,0,0,0,0,0,0,0,0,0,0,0,0,0,0,0,0,1.3,0,0,0.8,1.5,3.1,5.6,3.2,9.7,6.1,7.5,17.7,2.6,0,8.8,10,38.4,16.1,14.9,30.4,37.6,33.1,9.9,9.4,9.7,9.7,28.4,22.5,9.3,17.6,20.2,21.5,11.3,5.3,10.9,47.1,71.2,24.2,47.1,35.5,48.9,85.6,115.4,106.2,47.3,57.3,73.6,85.8,43.7,19.9,11.6,44,67.4,70.9,58.7,33.1,29.6,13.4,22.4,20.1,15.6,13.6,9.4,4.4,4.3,5.4,0,1,0.9,11.1,6.6,5.5,0.5,1.4,6.1,0.9,19.6,6.1,26.4,22.2,47,15.3,61.9,23.4,20.6,23,6,9.1,3.5,5.8,4.4,10.8,2.3,5.4,11.8,0.8,0,1.6,0.9,1.3,2.2,8.1,1.4,1.6,3.7,1.2,0.7,12.1,3.3,0,0,0,0,0,3.2,0,0,0,0,0,1.6,0,0,0,0,0,0,0,0,0,1.2,0,0.3,0,3.1,0.2,0,0,0,0,0,0,0,0,0,0,0,0,0,0,0,0,0,0,0,0,0,0,0,0,0,0,0,0,0,0,0,0,0,0,0,0,0,0,0,0,0,0.7,0.7,0,0,0,0,0,0,0,0,0,0,0,0,5.1,5.4,0,0,0,0,0,0,0,0,0,0,0,0,0,0,0,0,0,0
20.5,73.5,96,0,0,0,0,0,0,0,0,0,0,0,0,0,0,0,0,0,0,0,0,0,0,0,0,0,1.2,0,0,0,0,0,0,0,0,0,0,0,0,0,0,0,0,0,0,0,0,0,0,0,0,0,0,0,0,0,0,0,0,0,0,0,0,0,0,0,0,0,0,0,0,0,0,0,0,0,0,0,0,0,0,0,0,0,0,0,0,0,0,0,0,0,0,0,0,0,0,0,0,0,0,0,0,0,0,0,0,0,0,0,0,0,0,0,0,0,0,0,0,0,0,0,0,0,0,0,0,0,0,0,0,0,0,0,0,0,0,0,0,0,0,0,0,0,0,0,0,0,0,0,0,0,0,0,0,0,0,0,0,0,0,0.3,0.2,0.2,0.6,0.3,0.1,0,0.1,0,0.5,0.2,12.5,6.9,25.2,31.6,1.5,0.8,1.1,0.4,0,0.3,13.5,0.1,5,1,0.3,10.7,6.3,5,5.8,9.4,5.7,99.3,43.9,12.3,14.6,73.6,52.5,44,38.7,56,44.6,14.1,6.4,18.8,17.4,30.1,142.2,99.4,97.5,91.8,42,25.6,13.9,7.2,9.6,16.2,1.5,7.4,4.2,0.2,0.4,0.3,0.4,40.4,0.9,0.4,0,8.4,47.3,12.7,7.5,20.3,73.4,21.5,17.3,35.8,15.2,25.2,23.3,22,1.2,1,8.8,15.5,8.7,0,0,4.1,4.7,0.1,3.1,0.9,1.5,1.1,0.2,0,1.5,1.4,0.3,0,0,14.4,0,0.4,0,0,0.1,0,0,0,0,0,0,0,0,0,0,0,0,0,0,0,0,0,0,0,0,0,0,0,0,0,0,0,0,0,0,0,0,0,0,0,0,0,0,0,0,0,0,0,0,0,0,0,0,0,0,0,0,0,0,0,0,0,0,0,0,0,0,0.1,0,0,0,0,0,0,0,0,0,0,0,0,0,0,0,0,0,0,0,0,0,0,0,0,0,0,0,0,0,0,0,0,0,0
21.5,73.5,97,0,0,0,0,0,0,0,0,0,0,0,0,0,0,0,0,0,0,0,0,0,0,0,0,0,0,0,0,0,0,0,0,0,0,0,0,0,0,0,0,0,0,0,0,0,0,0,0,0,0,0,0,0,0,0,0,0,0,0,0,0,0,0,0,0,0,0,0,0,0,0,0,0,0,0,0,0,0,0,0,0,0,0,0,0,0,0,0,0,0,0,0,0,0,0,0,0,0,0,0,0,0,0,0,0,0,0,0,0,0,0,0,0,0,0,0,0,0,0,0,0,0,0,0,0,0,0,0,0,0,0,0,0,0,0,0,0,0,0,0,0,0,0,0,0,0,0,0,0,0,0,0,0,0,0,0,0,0,0,0,0,0,0,0,0,0,0,0,0,0,0,0,0,0,0,0.5,0,0,0,0,0,0.2,1.4,16.9,1.2,0.6,12.6,2.8,3.4,2.2,10.7,0.4,1.3,29,0.6,16.8,81.1,36.7,27.4,10.2,26.3,36.2,15.7,8.2,10.5,27,24.6,54.4,49.4,45.8,43.8,37.8,6.3,6.7,7,6.6,5.1,5.2,3.7,0.5,0.4,0,0,0,2.8,0,2.3,13.1,3.9,3,6.6,13.5,23.5,1.9,3.8,6.7,43.1,15.1,22,20,7.2,3.3,0,0,0.2,4.1,5.3,0.8,2.7,0.3,0,0.3,1.7,2.3,0.9,0,0,0,0,0,0,0,0.8,0,0,0,0,0,0,0,0,0,0,0,0,0,0,0,0,0,0,0,0,0,0,0,0,0,5.8,0,0,0.2,0,0,0,0,0,0,0,0,0,0,0,0,0,0,0,0,0,0,0,0,0,0,0,0,0,0,0,0,0,0,0,0,0,0,0,0,0,0,0.3,0,0,0,0,0,0,0,0,0,0,0,0,0,0,0,0,0,0,0,0,0,0,0,0,0,0,0,0,0,0,0,0,0,0
22.5,73.5,98,0,0,0.4,0,0,0,0,0,0,0,0,0,0,0,0,0,0,0,0,0,0,0,0,0,0,0,0,0,0,0,0,0,0,0,0,0,0,0,0,0,0,0,0,0,0,0,0,0,0,0,0,0,0,0,0,0,0,0,0,0,0,0,0,0,0,0,0,0,0,0,0,0,0,0,0,0,0,0,0,0,0,0,0,0,0,0,0,0,0,0,0,0,0,0,0,0,0,0,0,0,0,0,0,0,0,0,0,0,0,0,0,0,0,0,0,0,0,0,0,0,0,0,0,0,0,0,0,0,0,0,0,0,0,0,0,0,0,0,0,0,0,0,0,0,0,0,0,0,0,0,0,0,0,0,0,0,0,0,0,2.9,0,0,0,0,0,0,0,0,0,0,0,0,0,0,0,0,0,0,0,0,0,0,0,0,3.2,3.1,12.7,43,0,0,1.2,0,0.2,0,0,1.4,2.2,22.7,9.3,5.1,30.4,2,4,9.6,1,7.2,10.9,49.8,34.2,25.3,50.4,23.7,0,0,3.1,0,0,0,0,0,0,0,0,0,0,0,0,0,0,8.2,0,39,1,52.6,30.5,0.7,38.6,1.4,2.9,14.4,11.3,0,0,0,0,0,0,0,0,0,0,0,0,0,19.2,0,0,0,0,0,0,0,0,0,0.9,11.4,0,0,0,0,0,0,0,0,0,0,0,0,0,0,0,0,0,0,0,0,0,0,0,0,0,0,0,0,0,0,0,0,0,0,0,0,0,0,0,0,0,0,0,0,0,0,0,0,0,0,0,0,0,0,0,0,0,0,0,0,0,0,0,0,0,0,0,0,0,0,0,0,0,0,0,0,0,0,0,0,0,0,0,0,0,0,0,0,0,0,0,0,0,0,0,0,0,0,0
23.5,73.5,99,0,0,6,0,0,0,0,0,0,0,0,0,0,0,0,0,0,0,0,0,0,0,0,0,0,0,0,0,0,0,0,0,0,0,0,0,0,0,0,0,0,0,0,0,0,0,0,0,0,0,0,0,0,0,0,0,0,0,0,0,0,0,0,0,0,0,0,0,0,0,0,0,0,0,0,0,0,0,0,0,0,0,0,0,0,0,0,0,0,0,0,0,0,0,0,0,0,0,0,0,0,0,0,0,0,0,0,0,0,0,0,0,0,0,0,0,0,0,0,0,0,0,0,0,0,0,0,0,0,0,0,0,0,0,0,0,0,0,0,0,0,0,0,0,0,0,0,0,0,0,0,0,0,0,0,0,0,0,0,0,0,0,0,0,0,0,0,0,0,0,0,0,0,0,0,0,0,0,0,0,0,0,0,0,54,0,10,12,0,0,0,0,0,0,0,2,12.3,2,0,0,0,14,0,0,15,15,23,36,0,85,43,20,0,0,0,0,0,0,0,0,0,0,0,0,0,0,0,0,0,0,0,8,0,12.5,6,0,52,0,0,40,0,0,0,0,0,20,25,0,0,0,0,0,0,0,0,0,0,0,0,0,0,0,0,0,0,0,0,0,0,0,0,0,0,0,0,0,0,0,0,0,0,0,0,0,0,0,0,0,0,0,0,0,0,0,0,0,0,0,0,0,0,0,0,0,0,0,0,0,0,0,0,0,0,0,0,0,0,0,0,0,0,0,0,0,0,0,0,0,0,0,0,0,0,0,0,0,0,0,0,0,0,0,0,0,0,0,0,0,0,0,0,0,0,0,0,0,0,0,0,0,0,0,0,0,0
24.5,73.5,100,0,8.5,16.1,0,0,0,0,0,0,0,0,0,0,0,0,0,0,0,0,0,0,0,0,0,0,0,0,0,0,0,0,0,0,0,0,0,0,0,0,0,0,0,0,0,0,0,0,0,0,0,0,0,0,0,0,0,0,0,0,0,0,0,0,0,0,0,0,0,0,0,0,0,0,0,0,0,0,0,0,0,0,0,0,0,0,0,0,0,0,0.6,1.8,0,0,0,0,0,0,0,0,0,0,0.3,0,0,0,0,0,0,0,0,0,0,0,0,0,0,0,0,0,0,0,0,0.2,0.4,0,0,0,0,0,0,0,0,0,0,0,0,0,0.1,0,0.7,0,0,0,0,0,0,0,0,0,0,0,0,0,0,0,0,0,0,0,0,0,0,0,1.3,0,0,0,0,0,0,0,0,0,0,0,0,0,0,0,0,0,0,0,0,17.3,6,0.3,0.5,0,0,0,0,0,0,0,0.7,26.4,32.3,16.5,0.5,4.8,13.8,11.4,0.6,0.1,0.6,2.1,8.9,16.2,3.5,16,35.6,1.1,0,0,0,0,0,0,0,0,0,0,0,0,0,0,0,3.1,0,12.4,0.1,9.3,7.9,7.1,62.2,7.1,10.1,27.2,94.7,0,0,0,0,1.1,10.7,9.1,1.5,0,0,0,0,0,0,0,0,0,0,0,0,0,0,0,0,0.7,3.5,7,10.2,0,0,0,0,0,0,0,0,0,0,0,0,0,0,0,0,0,0,0.6,0,0.4,0.8,0,0,0,0,0,0,0,0,0,0,0,0,0,0,0,0,0,0,0,0,0,0,0,0,0,0,0,0,0,0,0,0,0,0,0,0,0,0,0,0,0,0,0,0,0,0,0,0,0,0,0,0,0,0,0,0,0,0,0,0,0,0,0,0,0,0,0,0,0,0,0,0,0,0,0
25.5,73.5,101,1.9,7.2,5,0,0,0,0,0,0,0,0,0,0,0,0,0,0,0,0,0,0,0,0,0,0,0,0,0,0,0,0,0,0,0,0,0,0,0,0,0,0,0,0.7,2.8,0,0,0,0,0,0,0,0,0,0,0,0,0,0,0,0,0,0,0,0,0,0,0,0,0,0,0,0,0,0,0,0,0,0,0,0,0,2.2,0,0,0,0,0,0,0.2,0,0.3,0,0,0,0,0,0,0,0,0,0.1,0,0,0,0,0,0,0,0.1,0,0,0,0,0,0,0,0,0,0,0,0,0,0,0,0,0,0,0,0,0,0,0,0,0,0,0,0,0,2.1,0.5,3.9,0,0,0,0,0,0,0,0,0,0,0,0,0,0,0,0,0,0,0,0,0,0,0,0,0,0,2.2,0,0,0,0,0,0,0,0,0,0,0,0,0,0,0,2.3,15.8,11.3,0,2.9,0,0,0,0,0,0,0.1,0,0.9,3.4,64.4,6.1,1.6,11.5,0,0,0,0,1,55,59.4,41.5,43.5,129,0,0,0,0,0,0,0,0,0,0,0,0,0,0,0,0,0,0,0,0,0,1.3,4.7,22,7.2,10.2,6.8,40.9,0,0,0,0,0,4.6,6.8,0.7,0.3,0,0,0,0,0,0,0,0,0,0,0,0,0,0,0,0.7,0.9,0,0,0,0,0,0,0,0,0,0,0,0,0,0,0,0,0,0,0,0,0,0,0,1.3,0,0,0,0,0,0,0,0,0,0,0,0,0,0,0,0,0,0,0,0,0,0,0,0,0,0,0,0,0,0,0,0,0,0,0,0,0,0,0,0,0,0,0,0,0,0,0,0,0,0,0,0,0,0,0,0,0,0,0,0,0,0,0,0,0,0,0,0,0,0,0,0,0,0,0
26.5,73.5,102,0.5,8.5,2.4,0,0,0,0,0,0,0,0,0,0,0,0,0,0,0,0,0,0,0,0,0,0,0,0,0,0,0,0,0,0,0,0,0,0,0,0,0,0,0,0,1.7,0,0,0,0,0,0,0,0,0,0,0,0,0,0,0,0,0,0,0,0,0,0,0,0,0,0,0,0,0,0,0,0,0,0,0,0,0.6,2.9,0,0,0,0,0.2,0,2.5,2.4,0,0,0,0,0,0,0,0,0,0,0,0,0,0,0,0,0,0,0,0,0,0,0.4,0,0,0,0,0,0,0,0,0,0,0,0,0,0,0,0,0,0,0,0,0,0,0,0,0,0,0,0,0,0,0,0,0,0,0,0,0,0,0,0,0,0,0,1.2,0,0,0,0,0,0,0,0,0,0,0,1.9,0,0,0,0,0,0,0,0,0,0,0,0,0,0,0.8,27,24.7,7.3,0,0,0,0,0,0,0,0,0,3.9,7.3,10.5,5.1,1.1,0,0,0,0,0.3,0,21.5,39,13.8,51.2,28.1,0.4,0,0,0,0,0,0,0,0,0,0,0,0,0,0,0,0,0,0,0,8.6,1.5,30.8,23.1,3.4,1.4,13.9,10.5,0,0,0,0,5.7,0.4,3.1,1,1.1,0,0,0,0,0,0,0,0,0,0,0,0,0,0,0,0,0,0,0,0,0,0,0,0,0,0,0,0,0,0,0,0,0,0,0,0,0,0,9.9,0,0.5,0,0,0,0,0,0,0,0,0,0,0,0,0,0,0,0,0,0,0,0,0,0,0,0,0,0,0,0,0,0,0,0,0,0,0,0,0,0,0,0,0,0,0,0,0,0,0,0,0,0,0,0,0,0,0,0,0,0,0,0,0,0,0,0,0,0,0,0,0,0,0,0,0,0,0
27.5,73.5,103,0,0.1,0,0,0,0,0,0,0,0,0,0,0,0,0,0,0,0,0,0,0,0,0,0,0,0,0,0,0,0,0,0,0,0,0,0,0,0,0,0,0,0,0,0.3,0,0,0,5.5,0,0,0,0,0,0,0,0,0,0,0,0,0,0,0,0,0,0,0,0,0,0,0,0,0,0,0,0,0,0,0,0,0.2,0,0,0,0,0,0,0,0,3.7,1.2,0,0,0,0,0,0,0,0,0,0,0,0,0,0,0,0,0,0,0,0,0,0,0,0,0,0,0,0,0,0,0,0,0,0,0,0,0,0,0,0,0,0,0,0,0,0,17.3,0,0,0,0,0,0,0,0,0,0,0,0,0,0,0,0,0,0,1.8,0.3,0,0,0,0,0,0,0,0,0,0,0,0,0,0,0,0,0,0,0,0,0,0,0,0,0,0,0,0.5,1.9,0,0,0,0,0.1,0,0,0,0,0,0,13.2,6.5,0,0,0,0,0,0,0,1.9,17.4,0.1,3.7,30.2,0,0,0,0,0,0,0,0,0,0,0,0,0,0,0,0,0,0,0,0,0,0.2,2.3,0,4.2,9.4,0,8.3,0,0,0,1.4,0,6.4,1.8,0,0,0,0,0,0,0,0,0,0,0,0,0,0,0,0,0,10,0,0,0,0,0,0,0,0,0,0,0,0,0,0,0,0,0,0,0,0,0,0,0,0,8.6,0,0,0,0,0,0,0,0,0,0,0,0,0,0,0,0,0,0,0,0,0,0,0,0,0,0,0,0,0,0,0,0,0,0,0,0,0,0,0,0,0,0,0,0,0,0,0,0,0,0,0,0,0,0,0,0,0,0,0,0,0,0,0,0,0,0,0,0,0,0,0,0,0,0,0
28.5,73.5,104,0,1.3,0,0,0,0,0,0,0,0,0,0,0,0,0,0,0,0,0,0,0,0,0,0,0,0,0,0,0,0,0,0,0,0,0,0,0,0,0,0,0,0,0,0,0,0,0,0,0,0,0,0,0,0,0,0,0,0,0,0,0,0,0,0,0,0,0,0,0,0,0,0,0,0,0,0,0,0,0,0,0,0,0,0,0,0,0,0,0,3.5,0.8,0,0,0,0,0,0,0,0,0,0,0,0,0,0,0,0,0,0.7,0,0,0,0,0,0,0,0,0,0,0,0,0,0,0,0,0,0,0,0,0,0,0,0,0,0,0,0,0,0,0,6,0.1,0,0,0,0,0,0,0,0,0,0,0,0,0,0.7,1.1,2,0,0,0,0,0,0,0,0,0.9,0,0,0,0,0,0,0,0,0,0,0,0,0,0,0,0,0,0,1.8,0,0,0,0,2.7,7.4,0,0,0,0,0,5,2.4,38.5,0,0,0,0.2,0,0,0,3.8,1.6,3.8,10.5,22.7,0,0,0,0,0,0,0,0,0,0,0,0,0,0,0,0,0,0,0.5,0,0,0.3,5.7,0,0.4,0.6,3.8,0,0,0,0,0,0,0,0.2,0,0,0,0,0,0,0,0,0,0,0,0,0,0,0,0,0,0,0.8,0,0,0,0,0,0,0,0,0,0,0,0,0,0,0,0,0,0,0,0,0,0,0,9.6,0,0,0,0,0,0,0,0,0,0,0,0,0,0,0,0,0,0,0,0,0,0,0,0,0,0,0,0.6,0,0,0,0,0,0,0,0,0,0,0,0,0,0,0,0,0,0,0,0,0,0,0,0,0,0,0,0,0,0,0,0,0,0,0,0,0,0,0,0,0,0,0,0,0,0,0
29.5,73.5,105,0,0,0.2,0,0,0,0,0,0,0,0,0,0,0,0,0,0,0,0,0,0,0,0,0,0,0,0,0,0,0,0,0,0,0,0,0,0,0,0,0,0,0,0,0,0,0,0,0,0,0,0,0,0,0,0,0,0,0,0,0,0,0,0,0,0,0,0,0,0,0,0,0,0,0,0,0,0,0,0,0,0,0,0,0,0,0,0,0,0,0,5.4,0.5,0,0,0,0,0,0,0,0,0,0,0,0,0,0,0,0.5,6.3,0,5.4,0,0.3,0,0,0,0,0,0,0,0,0,0,0,0,0,0,0,0,0,0,0,0,0,0,0,0,0,0,0,0,0,0,0,0,0,0,0,0,0,0,0,0,0,0,0,0,0,0,0,0,0,0,0,0,0,0,0,0,0,0,0,0,0,0,0,0,0,0,0,0,0,0,0,0.9,1.1,0,0,0,0.1,7.4,0,0,0,0,1.2,2.7,2.3,0.3,0,0,0,0,0,0.2,0,0,0,15.3,7.4,38.5,0,0,0,0,0,0,0,0,0,0,0.3,0.2,0,0,0,0,0,0,0,0,0,0,0,0,13.4,0,19.6,0,4.1,0,0,0.9,0,0,0,0,0,0,0,0,0,0,0,0,0,0,0,0,0,0,0,0,0,0,0,0,0,0,0,0,0,0,0,0,0,0,0,0,0,0,0,0,0,0,0,0,0,0,0,0,0,0,0,0,0,0,0,0,0,0,0,0,0,0,0,0,0,0,0,0,0,0,0,0,0,0,0,0,0,0,0,0,0,0,0,0,0,0,0,0,0,0,0,0,0,0,0,0,0,0,0,0,0,0,0,0,0,0,0,0,0,0,0,0,0,0,0,0,0,0,0,0,0,0
30.5,73.5,106,0,0,0,0,0,0,0,0,0,0,0,0,0,0,0,0,0,0,0,0,0,0,0,0,0,0,0,0,0,0,0,0,0,0,0,0,0,0,0,0,0,0,0,0,0,0,0,0,0,0,0,0,0,0,0,0,0,0,0,0,0,0,0,0,0,0,0,0,0,0,0,0,0,0,0,0,0.7,0.3,0,0,0,0.3,0,0,0,0,0,0,1.4,0.8,0,1.7,0,0,0,0,0,0,0,0,0,0,0,0,0,0,0,0,1.7,0,0,0.7,0.5,6.3,0,0,0,0,0,0,0,0,0,0,0,0,4.5,0,0,0,0,0,0,0,0,0,0,0,0,0,0,4.3,0,0,0,0,0,0,0,0,0,0,0,0.9,0.7,2.4,0,0,0,0,0,0,0,0,0,0,0,0,0,0,0,0,0,0,0,0,0,0,0,0,0,0,0,0,0,0.8,0,0,0,2.7,2.5,0,0,0,0,0,3.3,39.7,5.3,0.9,0,0,0,0,0,0,15.4,0,7,4.9,0.4,0.3,0,0,0,0,0,0,0,0,0,5.2,4.6,0,0,0,0,0,0,0,0,0,0,0,0,0,0,8.1,5.4,4.9,28,0,0,0,0,0,0,0,0,0,0,0,0,0,0,0,0,0,0,0,0,0,0,0,0,0,0,0,0,0,0,0,0,0,0,0,0,0,0,0,0,0,0,0,0,0,0,0,0,0,0,0,0,0,0,0,0,0,0,0,0,0,0,0,0,0,0,0,0,0,0,0,0,0,0,0,0,2.6,0,0,0,0,0,0,0,0,0,0,0,0,0,0,0,0,0,0,0,0,0,0,0,0,0,0,0,0,0,0,0,0,0,0,0,0,0,0,0,0,0,0,0,0,0,0,0
33.5,73.5,107,0,0,9.8,2.4,1.7,0,0,0,0,0,0,0,0,0,0,0,0,0,14.1,71.7,0,5.2,6.8,2.4,0,0,0,0,0,2.9,0,0,1.7,6.7,33.2,14.2,1.2,0,0,0,0,0.2,3.4,19.7,11,0,4.7,20.2,22.6,38.9,5.6,0.3,0,0,0,0,0.5,0,0,0,0.4,0.3,0,0,0,0.1,22.1,7.9,1.6,0,0,0,0,0,0,5.7,32.6,14.4,1.1,0,1.2,2,0.7,0.4,0.8,4.5,0,0,0,8.1,33.1,2.7,0,4.5,0.8,1.6,15.8,13.2,23.5,0,0.1,2,16.3,7.3,0.4,1.7,1.8,6.3,4.5,15.3,0.5,0,6.4,24.7,9.5,1.2,0,0,0,0,0,0,0,0,0,6.8,20.9,15.2,2.5,2.7,0,0.9,6.2,0,0,0,0,3,0,0,0.5,27.5,56.9,23.5,3,0,0,0,0,0,0,0,0,0,0,1,10.7,5.6,0,4.3,5.5,0,0,0,0,0,0.7,0,0,0,0,0,0,2.8,0,0,0,0,0,0,0,0,4.4,0,5,2.7,0,0,0,5.2,4.3,0.4,0,0,0,0,0,5.1,3.2,5.7,0,0,0,14.2,1.6,1.2,0,9.3,13.7,3.8,0,5.7,0,0.6,0,0.4,0,0,0,0.1,0,12.2,22.2,0.4,0,2.1,0.1,0,0,0,0,6.5,2.6,8.1,16.5,24.2,4.9,0.3,9.5,11,0,0.4,0,0,0,0,0,0,0,0,0,0,0,0,0,0,0,0,0,0,0,8.4,0,0,0.3,0.2,0,0.7,0,0,0,0,0.1,0,0,9.4,1.3,0,0,2.7,0,0,0,0,0,0,9.2,0,0,0,0,0.4,0,0,0,0,0,0,0,0,0,0,0,0,0,0,0,0,2.9,21.2,0,0,0,0,0,0,0,14.9,0.7,0,0,0,0,0,0,0,0,0,0,0,0.7,0,0,0,0,0,0,0,0,0,0,0,0,0,0,0,0,0,0,0,0,0,0,0,0,0,0,18.3,14.1,0,0,0,0,0,0
34.5,73.5,108,0,0,16.3,2.4,1.9,0,0,0,0,0,0,0,0,0,0,0,0,0,24,88.9,0,9.9,13,6.1,0,0,0,0,0,3.1,0,0,2.3,6.6,48.6,26.2,2.4,0,0,0,0,0,6,25.3,8.3,0,5.8,22.5,36.2,55.4,11,0.8,0,0,0,0,0.8,0,0,0,1,0.8,0,0,0,0,41.3,15.6,2,0,0,0,0,0,0,0,60.5,25.7,1.9,0,1.6,4.4,1.2,0.4,0,4.3,0,0,0,1.7,17.2,1.5,0,7.3,0.7,3.8,29,25.5,43.4,0,0.3,4.2,34.1,1.8,0.6,4.5,4.7,10.3,5.6,7.5,1,0,12.2,31.4,18.4,1.6,0,0,0,0,0,0,0,0,0,12.8,33.9,15.7,4.8,7.1,0,1.6,13.6,0,0,0,0,7.9,0,0,0.8,43.8,88.2,17.8,6.6,0,0,0,0,0,0,0,0,0,0,1.6,24,8.5,0,8,14.6,0,0,0,0,0,1.8,0,0,0,0,0,0,0,0,0,0,0,0,0,0,0,3.3,0,0,7.1,0,0,0,3,5.7,1,0,0,0,0,0,3.8,2,3.9,0,0,0,0,0,0.1,0,2,5,7,0,2.1,0,0.8,0,1,0,0,0,0.4,0,0,0.3,1.2,0,5.7,0,0,0,0,0,0,1.8,0.1,2.1,10.3,12.2,0.8,0,6.3,0,1.2,0,0,0,0,0,0,0,0,0,0,0,0,0,0,0,0,0,0,0,19.9,0,0,0.6,0,0,0.6,0,0,0,0,0.4,0,0,16.4,2,0,0,2.4,0,0,0,0,0,0,0,0,0,0,0,1,0,0,0,0,0,0,0,0,0,0,0,0,0,0,0,0,6.2,43.5,0,0,0,0,0,0,0,9.6,1.1,0,0,0,0,0,0,0,0,0,0,0,0,0,0,0,0,0,0,0,0,0,0,0,0,0,0,0,0,0,0,0,0,0,0,0,0,0,0,28.4,29.2,0,0,0,0,0,0
35.5,73.5,109,0,0,9.8,1.4,1.1,0,0,0,0,0,0,0,0,0,0,0,0,0,14.4,53.9,0,5.9,7.8,3.6,0,0,0,0,0,1.9,0,0,1.4,4,29.3,15.7,1.4,0,0,0,0,0,3.6,15.3,5.1,0,3.5,13.7,21.8,33.4,6.6,0.5,0,0,0,0,0.5,0,0,0,0.6,0.5,0,0,0,0,24.7,9.3,1.2,0,0,0,0,0,0,0.2,36.2,15.4,1.1,0,1,2.6,0.7,0.3,0,2.7,0,0,0,1.2,10.9,0.9,0,4.4,0.4,2.2,17.4,15.2,25.9,0,0.2,2.5,20.4,1.2,0.4,2.7,2.8,6.2,3.4,4.8,0.6,0,7.3,19,11,1,0,0,0,0,0,0,0,0,0,7.7,20.4,9.6,2.9,4.2,0,1,8.1,0,0,0.2,0,4.7,0,0,2.3,26.4,53,11,3.9,0,0,0,0,0,0,0,0,0,0,1,14.3,5.1,0,4.8,8.7,0,0,0,0,0,1.1,0,0,0,0,0,0,0,0,0,0,0,0,0,0,0,2.1,0,0.2,5.6,0.2,0,0,1.9,3.5,0.6,0,0,0,0,1.8,5.5,5.8,2.5,4.9,12.4,5.9,0.9,0.5,0.3,0,3.8,9.5,4.8,0.3,1.4,0,0.5,0,0.6,0,0,0,0.2,0,0.4,0.8,0.7,0,3.4,0,0,0,0,0,0.2,1.1,0.3,1.9,6.7,7.3,10.5,18.7,5.9,0,0.7,0,0,0,0,0,0,0,0,0,0,0,0,0,0,0,0,0,0,0,11.8,0,0,0.4,0,0,0.4,0,0,0,0,0.2,0,0,9.8,1.2,0,0,1.5,0,0,0,0,0,0,0.3,0,0,0,0,0.6,0,0,0,0,0,0,0,0,0,0,0,0,0,0,0,0,3.7,26,0,0,0,0,0,0,0,6,0.7,0,0,0,0,0,0,0,0,0,0,0,0,0,0,0,0,0,0,0,0,0,0,0,0,0,0,0,0,0,0,0,0,0,0,0,0,0,0,17.1,17.5,0,0,0,0,0,0
36.5,73.5,110,0,0,5.7,0.9,0.7,0,0,0,0,0,0,0,0,0,0,0,0,0,8.4,31.6,0,3.4,4.5,2.1,0,0,0,0,0,1.1,0,0,0.8,2.4,17.1,9.1,0.8,0,0,0,0,0,2.1,9,3.1,0,2.1,8.1,12.7,19.5,3.8,0.3,0,0,0,0,0.3,0,0,0,0.3,0.3,0,0,0,0,14.4,5.4,0.7,0,0,0,0,0,0,0.2,21.1,9,0.7,0,0.6,1.5,0.4,0.2,0,1.6,0,0,0,0.8,6.7,0.6,0,2.5,0.2,1.3,10.1,8.9,15.1,0,0.1,1.4,11.8,0.8,0.2,1.6,1.6,3.6,2,2.9,0.4,0,4.2,11.2,6.4,0.6,0,0,0,0,0,0,0,0,0,4.5,11.9,5.6,1.7,2.4,0,0.6,4.7,0,0,0.3,0,2.7,0,0,2.6,15.4,31,6.6,2.3,0,0,0,0,0,0,0,0,0,0,0.6,8.3,3,0,2.8,5,0,0,0,0,0,0.6,0,0,0,0,0,0,0,0,0,0,0,0,0,0,0,1.2,0,0.2,4.7,0.3,0,0,1.2,2,0.4,0,0,0,0,3,6.7,8.5,1.6,8.4,21.1,10.1,1.3,0.7,0.4,0,4.9,12,3.4,0.5,0.9,0,0.3,0,0.3,0,0,0,0.1,0,0.4,0.7,0.4,0,2,0,0,0,0,0,0.2,0.7,0.3,1.4,4.1,4.2,17.4,31.7,5.7,0,0.4,0,0,0,0,0,0,0,0,0,0,0,0,0,0,0,0,0,0,0,6.9,0,0,0.2,0,0,0.2,0,0,0,0,0.1,0,0,5.7,0.7,0,0,0.9,0,0,0,0,0,0,0.3,0,0,0,0,0.3,0,0,0,0,0,0,0,0,0,0,0,0,0,0,0,0,2.1,15.1,0,0,0,0,0,0,0,3.6,0.4,0,0,0,0,0,0,0,0,0,0,0,0,0,0,0,0,0,0,0,0,0,0,0,0,0,0,0,0,0,0,0,0,0,0,0,0,0,0,10,10.1,0,0,0,0,0,0
12.5,74.5,111,0,0,0,0,0,0,0,0,0,0,0,0,0,0,0,0,0,0,0,0,0,0,0,0,0,0,0,0,0,0,0,0,0,0,0,0,0,0,0,0,0,0,0,0,0,0,0,0,0,0,0,0,0,0,0,0,0,0,0,0,0,0,0,0,0,0,0,0,0,0,0,0,0,0,0,0,0,0,0,0,0,0,0,0,0,0,0,0,0,0,0,0,0,0,0,0,0,0,0.3,0,0,0,0,0,0,0,0,7.1,1.3,0,10.4,0,0,0,0,0,0,0,4.5,0,6.6,0,0,0,0,0,0.4,0,0,0,0,0,0,0,0,0,0,1.6,0,43.4,45.9,0,9.3,1.3,1.1,0.6,0,0,0,16.2,0,0,1.3,3,2.2,3.9,71.8,40.5,31.2,79.4,48.3,0.2,10,16.8,43.1,38.1,66.6,37.4,14.1,28.4,49.9,13.9,13.1,12.6,86.8,81.8,67.1,32.3,23.2,60.8,102.4,97.8,70.1,34.2,11.7,24.2,0.7,3.3,0.1,1,0.4,0.2,3.4,24.7,16.1,40.5,24.4,36.6,31.8,27.5,68.8,15.3,18.2,49.1,24.3,9.7,15.1,1.2,3.7,6.3,155,137.5,69.1,85.3,18.6,11.8,1.7,3,5.9,5.7,8.3,19.6,4.8,0.2,15.5,0.5,11.4,22.9,51.9,39,21.9,49.3,35.9,47.3,22.2,12.4,23.1,28.3,1.2,3.2,13.5,7.5,13.4,15.9,13.7,15.6,16.5,10.6,8.6,4.1,6.5,6.9,5.4,0.8,47.6,3.1,0,0,0,0,20.5,6.8,18.5,5.9,1.5,4.3,0.6,0,0,0,0,1.7,0,0,0.3,0,0,0,0,0,0,0,0,0,0,6.2,0,0,8,0.4,0,0,3.9,9.3,0,0,18,6.2,1.6,0,0,0,0.3,0,1,0,0,0,4.9,3.9,4.4,0,0,0,0,0,0,0,0,0,0,0,0,0,0,0,0,25,46.9,0.6,0.1,0,0,0,0,0,0,0,0,0,0,0.3,43.5,64.4,32.1,15.3,4.7,0,0.4,0,0,0,0,0,0,0,0,0,0,0,0,0,0,0,0
13.5,74.5,112,0,0,0,0,0,0,0,0,0,0,0,0,0,0,0,0,0,0,0,0,0,0,0,0,0,0,0,0,0,0,0,0,0,0,0,0,0,0,0,0,0,0,0,0,0,0,0,0,0,0,0,0,0,0,0,0,0,0,0,0,0,0,0,0,0,0,0,0,0,0,0,0,0,0,0,0,0,0,0,0,0,0,0,0,0,0,0,0,0,0,0,0,0,0,0,0,0,0,0,0,0,0,0,0,0,0,0,7.5,0,0,0,0,0,0,0,0,0,0,3,16,0.5,0,0,0,0,0,0,0,0,0,0,0,0,0,0,0,4.9,0,0,1.8,10,0,0,1.3,0,0,0,0,0,6.8,0,0.8,1.3,1.8,18.7,27.6,29,30.6,42.8,37.5,23.4,5.9,20.5,41.7,91.2,37.3,126.3,39.3,17.2,22.9,23.4,7,7.8,14.8,45.7,68.3,43.9,55.1,22.4,83.1,70.9,74.4,43.1,18.6,9.9,24.2,1.1,1.1,2.6,0.6,0,3.2,13.5,31.3,26.4,35.5,14.1,26,41.2,24.8,82.6,25.4,21.6,14,13.2,13.2,10.8,1.9,8.4,36.6,143.1,87,74.8,121.2,21.4,5.3,2.1,6,5.2,16.8,18.1,52.9,12.1,0.6,8.3,0.7,14,58.4,60.7,27.1,19.6,50,34.9,72.5,10.6,14.2,29.6,6.9,9,3.7,12.5,22.8,7.7,19.6,15.1,14,11.6,7,7.6,4.3,24.2,4.4,0.7,1.8,8.9,0,0,0,0.9,0.8,13.3,14,5.2,26.3,7.3,4.2,0,1.7,0,0.8,1.3,0,0,0,0,0,0,0,0,0,0,0,0,0,0,0,0,0,0,0,0,0,0,0.8,2.9,0,0,0,0,0,0,0,0,0,0,0,0,0,0,5.5,0,0,0,0,0,0,0,0,0,0,0,0,0,0,0.6,0,0.8,9.9,4.6,1.7,0,0,0,0,0,0,0,0,0,0,0,0,11.5,96.1,21.3,34.7,24.7,0.6,0,1.1,0,0,0,0,0,0,0,0,0,0,0,0,0,0,0
14.5,74.5,113,0,0,0,0,7.6,0,0,0,0,0,0,0,0,0,0,0,0,0,0,0,0,0,0,0,0,0,0,0,0,0,0,0,0,0,0,0,0,0,0,0,0,0,0,0,0,0,0,0,0,0,0,0,0,0,0,0,0,0,0,0,0,0,0,0,0,0,0,0,0,0,0,0,0,0,0,0,0,0,0,0,0,0,0,0,0,0,0,0,0,0,0,0,0,0,0,0,0,0,0,0,0,0,0,0,0,0,0,0,0,0,0,0,0,0,0,0,0,0,0,0.1,0,0,0,0,0,0,0,0,0,0,0,0,0,0,0,0,0,0,0,0.2,1.5,0,0.5,0,0,0,0,0,0,0,0,0,0,1,0.2,4.2,51,21.1,35.1,4.3,25.4,7.6,30.6,74.3,110.2,37.4,77.5,32.4,7.8,15.4,25.6,7.7,4.5,9,15.2,20.4,42.4,45.8,37.1,50.2,88.3,51.7,51.4,9.5,40.2,15.8,2.8,4.7,2.3,1.3,2.1,2.6,16.4,12.2,15.2,96.2,26.2,19.3,18.1,53.7,75,84.7,13.7,24,12.7,11.1,14,1.5,27.4,49,68.5,74.7,99.3,74.9,15.6,6.3,7.6,6.8,3.3,23.8,16.8,4.3,2.5,0.8,9.5,2.2,5.4,32.2,42,34.9,13.2,5.7,77.3,44.2,31,26.1,24.1,20.7,3.7,8.4,2.6,7.4,4,15.4,11.1,8.1,8,9.1,15.6,18.2,21.6,21.7,0.9,10.8,14.7,0,0,0,0,5.5,1.1,26,8.5,12.4,19.6,0,0,0,0,0,12.2,0.2,1.7,0,0,0.2,0,0,0,0,0,0,0,0,0,0,0,0,0,0,0,0,0,0,0,0,0,0,0,0,0,0,0,0,0,0,0,0,0,0.1,0,0,0,0,0,0,0,0,0,0,0,0,0,0,0,0,0,0,0,0,0,0,0,0,0,0,0,0,0,0,0,0,0.4,94.5,120.3,30.6,8.2,0.6,0,0,0,0,0,0,0,0,0,0,0,0,0,0,0,0,0
15.5,74.5,114,0,0,0,0,0.4,0,0,0,0,0,0,0,0,0,0,0,0,0,0,0,0,0,0,0,0,0,0,0,0,0,0,0,0,0,0,0,0,0,0,0,0,0,0,0,0,0,0,0,0,0,0,0,0,0,0,0,0,0,0,0,0,0,0,0,0.3,0,0,0,0,0,0,0,0,0,0,0,0,0,0,0,0,0,0,0,0,0,0,0,0,0,0,0,0,0,0,0,0,13.9,14.9,0,0,0,0,0,1.5,14.6,2.8,0,0,0,0,0,0,0,0,0,0,0,0,0,3.7,3.7,0,1.5,0,0,0,0,0,0,0,0,0,0,0,0,0,5.8,0,0,0,0,0,0,0,0,0,0,0,0,0,0,0,0,0,0,0,6.1,0.6,1,0.7,1.3,0,2.9,9.1,6.1,13.7,42.9,5.9,18.1,15,9.5,4.8,11.6,7,11.7,22.1,19.3,6.9,19.5,12.8,28.4,13.2,14.8,22.1,15.7,2.8,4.5,3.5,7.2,1,15.4,15.2,52.5,42.2,78.7,109.4,94,38.1,17.2,79.4,117.3,60.2,25,8,5.4,10.6,22.3,54.7,43.3,83.5,52.8,18.3,20.4,5.8,5,4.6,2.2,3.5,2.7,2.9,4.2,12,7,8.5,0,0,0.9,2.5,3.4,7.9,5.6,2.3,17.1,6.2,6.8,6.9,6.5,4.9,4.5,2.4,5.4,4.6,8.2,11.3,0.6,1.4,1.8,4.2,0.8,1.4,2.8,0,0,1,0,0,0,0,1.2,3.9,67.2,3.5,2.2,0,2.6,1.8,1.6,4.5,0,20.8,11.5,6.8,2.4,5,1,0,0,0,0,0,0,0,9.8,0,0,0,0,0,0,0,0,0,0,0,0,1.9,0,0,0,0,0,0,0,0,0,0,0,0,0,0,0,0,0,0,0,0,0,0,0,0,0,0,0,0,0,0,0,1.1,1.7,0,0,0,0,0,0,0,0,0,0,0,0,0,1,23.4,3.4,1.4,1.1,0,0,0,0,0,0,0,0,0,0,0,0,0,0,0,0,0
16.5,74.5,115,0,0,0,0,0,0,0,0,0,0,0,0,0,0,0,0,0,0,0,0,0,0,0,0,0,0,0,0,0,0,0,0,0,0,0,0,0,0,0,0,0,0,0,0,0,0,0,0,0,0,0,0,0,0,0,0,0,0,0,0,0,0,0,0,0,0,0,0,0,0,0,0,0,0,0,0,0,0,0,0,0,0,0,0,0,0,0,0,0,0,0,0,0,0,0,0,0,0,0,0,0,0,0,0.3,0.8,0,1,1.2,0.9,0,0,0,0,0,0,0,0,0,0,0,0,2,0,0,0,0,0,0,0,0,0,0,0,0,0,1.4,0,0.9,0.8,5.6,0,0,0,0,0,0,4.8,6.2,0,0,0,0,0,0,0,0,0,0.6,0.8,0,0,0,0,0,0,0,0.6,3.1,0,0,0.4,0,0.3,1,0.5,0.5,0,0.6,0,0.4,0,1.4,2.5,1.3,1.6,2.1,0.3,1.1,1.1,0,0.6,0,7.4,9.6,10.4,24.4,27.6,20.1,3.1,5.3,9.8,34.7,4.6,4.1,0.9,0.5,0,0.3,1.3,1.3,12.6,9.8,3.6,0.3,0,0,0.2,0,0,1.5,2.4,1.5,19.8,7.8,3.6,0,0,0,0.1,0,0.2,0.6,0,0,2.9,0,0,0.6,0,0,0,0,0,0,0,0,0,0,0,0,0,0,0,0,0,0,0,34.1,0,1.7,5.5,5.3,2.5,1.8,0.3,0.3,0,0,5.8,2.4,3.7,0.7,0,0,4.7,10.6,0,0,0,0,0,0,6.2,0,3.5,0,0,0,0,0,0,0,0,0,0,0,0,0,0,0,0,0,0,0,0,0,0,0,0,0,0,0,0,0,0,0,0,0,0,0,0,0,0,0,0,0,0,0,1.1,0,0,0,0,0,0,0,0,0,0,0,0,0,0,40.7,25.1,2.1,0.4,0,0,0,0,0,0,0,0,0,0,0,0,0,0,0,0,0,0
17.5,74.5,116,0,0,0,0.1,0,0,0,0,0,0,0,0,0,0,0,0,0,0,0,0,0,0,0,0,0,0,0,0,0,0,0,0,0,0,0,0,0,0,0,0,0,0,0,0,0,0,0,0,0,0,0,0,0,0,0,0,0,0,0,0,0,0,0,0,0,0,0,0,0,0,0,0,0,0,0,0,0,0,0,0,0,0,0,0,0,0,0,0,0,0,0,0,0,0,0,0,0,0,3.9,2.3,1.5,0,0,0.2,0,2.1,1,0.9,2.2,0,0,0,0,0,0,0,0,0,0.5,0,2.6,2,0,0,0,0,0,0,0,0,0,0,0,0,0,0,0,4.2,1.3,0.5,0,0,0,0,0,0,0,3.2,0,0,0,0,0,0,0,0,4.7,0,8.9,1.5,0,0,0.5,0,0,0,0,0.2,0,0,0,1.2,0,0,0,0,0,0,0,0,0.1,0.3,0.1,0,0.4,0.9,1.8,0,0.4,1,1,1.6,1.9,0.6,0.3,2.8,23.5,1.8,4.1,5.8,21.6,13.8,4,2.5,0.3,1.2,0.7,0.6,0,2,4.3,1.6,2.7,0.1,0,0,0.4,0,0,0.2,0.6,0.4,3,0.1,4.8,0,0,0,2.5,2,0,6.3,12,4.5,0,0.3,0.4,0,0,0,3.7,0,0,0,0,0,0,0,0,0,0,0,0,0,0,0,0,1.4,2.9,19.6,0,20.7,0.2,1.6,3.3,0,0.4,5.7,0,0.3,0,0.3,0,0.3,2.9,0,0,0,0,0,0,0.4,0,0,0,0,0,0,0,0,0,0,0,0,0,0,0,0,0,0,0,0,0,0,0,0,0,0,0,0,0,0,0,0,0,0,0,0,0,0,0,0,0,0,0,0,0,0,0,3.5,0.4,0,0,0,0,0,0,0,0,0,0,0,31.2,4,18.7,2.1,0,0,0,0,0,0,0,0,0,0,0,0,0,0,0,0,0,0,0
18.5,74.5,117,0,0,0,0.8,0,0,0,0,0,0,0,0,0,0,0,0,0,0,0,0,0,0,0,0,0,0,0,0,0,0,0,0,0,0,0,0,0,0,0,0,0,0,0,0,0,0,0,0,0,0,0,0,0,0,0,0,0,0,0,0,0,0,0,0,0,0,0,0,0,0,0,0,0,0,0,0,0,0,0,0,0,0,0,0,0,0,0,0,0,0,0,0,0,0,0,0,0,0,0,0,0,0,0,0,0,0,0,0.3,0.6,0,0,0,0,0,0,0,0,0,0,0,0,7.1,3.4,0.6,0,0,0,0,0,0,0,0,0,0,0,0,0,0,0,5.5,0,0,0,0,0,0,0,0,0,0,0,0,0,0.4,0,0,0,0.4,0.9,0,0,0,0,0,0,4.3,0.2,29,0.2,1,0.6,0,0,0,0,0,0,0,0,0,0.9,0,0,0,0,0,0,0,0,0,0,0.9,0.6,0,3.7,14.9,41.5,0.4,1.2,2,4.1,2.1,0.4,0.5,0,0,0,0,0,1.4,0.6,0.3,0,0,0,0,0.4,3.5,0,0,0,1.2,2.7,19.5,7,0,22.8,1.9,20.1,2.9,2.3,11.8,15.9,2.2,0,2.4,10.8,10.7,4.4,0,0,0,0,0,0,0,0,0,0,0,0,0,0,0,0,0,0,2.2,2.4,31.3,0.9,20.1,2.7,1.8,0,0.2,1,0,0,0,0,1.2,1.2,0.3,0.5,0,0,0,0,0,0,0,0,0,1.8,0,0,0,0,0,0,0,0,0,0,0,0,0,0,0,0,0,0,0,0,0,0,0,0,0,0,0,0,0,0,0,0,0,0,0,0,0,0,0,0,0,0,0,0.2,14.5,0,0,0,0,0,0,0,0,0,0,0,0,0,0,2.6,14.7,4.3,1.2,0,0,0,0,0,0,0,0,0,0,0,0,0,0,0,0,0
19.5,74.5,118,0,0,0,0,0,0,0,0,0,0,0,0,0,0,0,0,0,0,0,0,0,0,0,0,0,0,2.6,0,0,0,0,0,0,0,0,0,0,0,0,0,0,0,3.7,0,0,0,0,0,0,0,0,0,0,0,0,0,0,0,0,0,0,0,0,0,0,0,0,0,0,0,0,0,0,0,0,0,0,0,0,0,0,0,0,0,0,0,0,0,0,0,0,0,0,0,0,0,0,0,0,0,0,0,0,0,0,0,0,0,3.1,0,0,0,0,0,0,0,0,0,0,0,0,0,0,0,0,0,0,0,0,0,0,0,0,0,0,0,0,0,0,0,0,0,0,0,0,0,0,0,0,0,0,0,0,0,0,0.2,0,0,0,0,21,0.4,0,0,0,4.5,0.2,0.2,0,0,0,0,0.6,0.7,0,7.5,4.8,0,0,7.7,0.9,0,0,0,9.8,3.6,0,0,0,0.1,0.2,0.4,0,1.8,21.6,27.7,25.1,1.1,0.3,0.7,1.5,0.3,0.4,0.1,0,0.6,0,1,3.5,3.5,0,0,0,0,0,0,0.4,0,0,0,0,0,1.4,7.2,1.8,51,8.7,3.3,14.4,3.6,49.8,18.4,12.8,21.5,0.3,7.5,9.5,6.2,0.6,0.4,0.2,0,0,0,0,0.4,0,3.7,0,0,0,0,0,0,0,0,5.6,0.9,0,3.4,0,0.7,0.9,0,0,0,15.5,0,0,0,0,0,0,0,0,0,0,0,0,0,0,0,0,0,0.4,0,4.5,0,0,5,0,0,0,0,0,0,0,0,0,0,0,0,0,0,0,0,0,2.5,0,0,0.6,0,0,0,0,0,0,0,0,0,0,0,0,0,0,0,0,0,1.7,0,0,0,0,0,0,0,0,0,0,0,0,0,0,0.6,5.9,17.4,1,0,0,0,0,0,0,0,0,0,0,0,0,0,0,0,0,0,0
20.5,74.5,119,0,0,0,0,0,0,0,0,19.2,0,0,0,0,0,0,0,0,0,0,0,0,0,0,0,0.5,0,0,0,0,0,0,0,0,0,0,0,0,0,0,0,0,0,0,0,0,0,0,0,0,0,0,0,0,0,0,0,0,0,0,0,0,0,0,0,0,0,0,0,0,0,0,0,0,0,0,0,0,0,0,0,0,0,0,0,0,0,0,0,0,0,0,0,0,0,0,0,0,0,0,0,0,0,0,0,0,0,0,0,0,0,0,0,0,0,0,0,0,0,0,2.5,0,0.1,1.5,0,0,0,0,0,0,0,0,0,0,0,0,0,0,0,0,0,0,0,0,0,0,0,0,0,0,0,0,0,0,0,0,0,0,0,0,17.2,22.4,0,0,14.2,20.7,1.4,0,0,0,0,0,0,0.1,0.2,13.5,3.1,2.6,0,0,0,0,0,0,0,11.4,0,0,0,0,0,0.6,0,0.2,0.3,2.5,42.8,87.9,0,0,0,0.2,25.4,0.1,0,0,0,0,9.2,10,10,1.2,0.1,0,0,0,0,1.8,0,0,0,0,0,0,0.7,6.4,0.4,23.4,2.2,6.4,93,0,3.4,20.7,30.6,5.5,1.1,41.2,11.8,7.6,0.3,1.2,0,0,0,0,0,0.1,0,0.2,0,0,0,0,0,0,0,0,0.1,0.3,0,0,0,0.1,0,5.1,0,0,4,0,0,0,0,0,0,0,0,0,0,0,0,0,0,0,0,0,0,0,0,0,0,0,0,0,0,0,0,0,0,0,0,0,0,0,0,0,0,0,0,0,0,0,0,0,0,0,0,0,0,0,0,0,0,0,0,0,0,0,0,0,0,0,2.6,0,0,0,0,0,0,0,0,0,0,0,0,0,0,11.4,0,0,0,0,0,0,0,0,0,0,0,0,0,0,0,0,0,0
21.5,74.5,120,0,0,0,0,0,0,0,5.7,0,0,0,0,0,0,0,0,0,0,0,0,0,0,0,0,0.4,0,0,0,0,0,0,0,0,0,0,0,0,0,0,0,0,0,0,0,0,0,0,0,0,0,0,0,0,0,0,0,0,0,0,0,0,0,0,0,0,0,0,0,0,0,0,0,0,0,0,0,0,0,0,0,0,0,0,0,0,0,0,0,0,0,0,0,0,0,0,0,0,0,0,0,0,0,0,0,0,0,0,0,0,0,0,0,0,0,0,0,0,0,0,0,0,0,0,0,0,0,0,0,0,0,0,0,0,0,0,0,0.9,0,0,0,0,0,0,0,0,0,0,0,0,0,0,0,0,0,0,0,0,0,0,0,0,0,0,0,0,0,0,0,0,0,0,0,0,0,0,0,0,0,0,0,0,0,0,0,5.1,0,0.1,0.2,0.3,2.8,9.6,0.1,0,1,2.7,34.3,19.2,2.4,2.3,2.6,14,10.5,7,2.1,1.7,8.2,7.9,54.2,25.8,26.2,19.1,8.8,1.4,6.3,8.1,1.8,5.4,0,0,0,0,0,0,0,28.2,0,1.5,0,0.1,4.9,18.3,0,79.1,0,0.2,0,26.3,2.6,5.3,8.1,4.3,0.3,0,0,0,0,0,0,1.7,0,0,0,0,0,0,0,5.1,0,0,0,0,0,1.9,0,0.5,16.8,0.7,0,0,0,0,0,0,1.3,0,0,0,0,0,0,0,0,0,0,0,0,0,0,0,18.4,0,0,0,0,0,0,0,0,0,0,0,0,0,0,0,0,0,0,0,0,0,0,0,0,0,0,0,0,0,0,0,0,0,0,0,0,0,0,0,0,2.3,3.7,0,0,0,0,0,0,0,0,0,0,0,0,0,0,2.6,0,0,0,0,0,0,0,0,0,0,0,0,0,0,0,0,0,0
22.5,74.5,121,0,0,9.6,0,0,0,0,0,1.7,0,0,0,0,0,0,0,0,0,0,0,0,0,0,0,1.5,0,0,0,0,0,0,0,0,0,0,0,0,0,0,0,0,0,0,0,0,0,0,0,0,0,0,0,0,0,0,0,0,0,0,0,0,0,0,0,0,0,0,0,0,0,0,0,0,0,0,0,0,0,0,0,0,0,0,0,0,0,0,0,0,0,6,0,0,0,0,0,0,0,0,0,0,0,0,0,0,0,0,0,0,0,0,0,0,0,0,0,0,0,0,0,0,0,0,0,0,0,0,0,0,0,0,0,0,0,0,0,0,0,0,0,0,0,0,0,0,0,0,0,0,0,0,0,0,0,0,0,0,0,0,0,0,0,0,0,0,0,0,0,0,0,0,0,0,0,0,0,0,0,0,0,0,0,0,0,18.4,0.5,7.7,5.5,0,0.1,1.9,0,0,0,0.5,17.5,7.1,1.4,1.2,5.9,9.2,4.9,0,3.7,2.7,3.9,13.2,29.2,19.5,27.2,29.3,25.1,0,3.6,1.4,0,0,0,0,0,0,0,0,0.2,30.4,0,2.2,0,0.7,25.2,7.3,8.6,19.9,9.4,0,3.7,31.7,0.9,3,16.4,8.6,0,0,0,0.3,13.8,0,0,0,0,0.6,0,0.9,0,13.1,0,0,0,0,0,0.2,0,0,0,0.3,1.2,15.3,0,0,0,0,0,0,0,0,0,0,0,0,0,0,0,0,0,0,0,0,0,0,0,0,0,0,0,0,0,0,0,0,0,0,0,0,0,0,0,0,0,0,0,0,0,0,0,0,0,0,0,0,0,0,0,0,0,0,0,0,0,0,0,0,0.3,0,0,0,0,0,0,0,0,0,0,0,0,0.2,0.3,0,0,0,0,0,0,0,0,0,0,0,0,0,0,0,0,0,0,0
23.5,74.5,122,0,6.8,0.3,0,0,0,0,0,0,0,0,0,0,0,0,0,0,0,0,0,0,0,0,0,0,0,0,0,0,0,0,0,0,0,0,0,0,0,0,0,0,0,0,0,0,0,0,0,0,0,0,0,0,0,0,0,0,0,0,0,0,0,0,0,0,0,0,0,0,0,0,0,0,0,0,0,0,0,0,0,0,0,0,0,0,0,0,0,0,0,0.1,0,0,0,0,0,0,0,0,0,0,0,0,0,0,0,0,0,0,0,0,0,0,0,0,0,0,0,0,0,0,0,0,0,0,0,0,0,0,0,0,0,0,0,0,0,0,0,0,0,0,0,0,0,0,0,0,0,0,0,0,0,0,0,0,0,0,0,0,0,0,0,0,0,0,0,0,0,0,0,0,0,0,0,0,0,0,0,0,0,0,0,0,51.2,4,0,7.2,3.7,0,1.5,0,0,0,0,7.3,6.7,0.9,3.6,1,14.7,16.3,9.8,0.9,2.7,3.6,65.3,6.6,9.4,35.7,7.3,24.9,9.4,0.6,0,0.2,0.4,2.9,3.5,0,0,0,0,0,0,0,0,0,0,3.9,3.1,15.9,7.1,30,45.7,1.5,13.4,4,1.1,8.2,3.3,0,0,0,0,20.2,14.9,10.4,4.1,0.1,10,3.6,0,0,0,0,0,0,0,0,0,0,0,0,0,0,1.5,0,0,0,0,0,0,0,0,0,0,0,0,0,0,0,0,0,0,0,0,0,0,0,0,0,0,0,0,0,0,0,0,0,0,0,0,0,0,0,0,0,0,0,0,0,0,0,0,0,0,0,0,0,0,0,0,0,0,0,0,0,0,0,1,0,0,0,0,0,0,0,0,0,0,0,0,0,0,0,0,0,0,0,0,0,0,0,0,0,0,0,0,0,0,0,0,0,0,0
24.5,74.5,123,0,0,0.3,0,0,0,0,0,0,0,0,0,0,0,0,0,0,0,0,0,0,0,0,0,0,0,0,0,0,0,0,0,0,0,0,0,0,0,0,0,0,0,0,0,0,0,0,0,0,0,0,0,0,0,0,0,0,0,0,0,0,0,0,0,0,0,0,0,0,0,0,0,0,0,0,0,0,0,0,0,0,0,0,0,0,0,0,0,0,0,0,0,0,0,0,0,0,0,0,0,0,0,0,0,0,0,0,0,0,0,0,0,0,0,0,0,0,0,0,0,0,0,0,0.2,0,0,0,0,0,0,0,0,0,0,0,0,0,0,0,0,0.3,0,0,0,0,0,0,0,0,0,0,0,0,0,0,0,0,0,0,0,0,0,0,0.1,0,0,0,0,0,3.9,0,1,1.7,0,0,0,0,0,0,0,0,0,0,0,24.8,79.1,0,2.5,0,0,0,0,0,0,0,2.6,0,8,48.4,4.8,8,11.3,0.4,0,0,0,0.8,0.5,49.4,40.9,22.9,30.5,0.3,0,0,0,0,0,0,0,0,0,0,0,0,0,0,0,5.4,0,0,2.7,44.5,11.1,6.4,0.2,13.7,7.1,15.5,0.7,0.5,0,0,0,0,68.5,34.3,15.1,39,0.7,0.7,0,0,0,0,0,0,0,0,0,0,0,0,0,0,0.1,0.6,0,0,0,0,0,0,0,0,0,0,0,0,0,0,0,0,0,0,0,0,0,0,0,0,0.4,0,0,0,0,0,0,0,0,0,0,0,0,0,0,0,0,0,0,0,0,0,0,0,0,0,0,0,0,0,0,0,0,0,0,0,0,0,0,0,0,0,0,0,0,0,0,0,0,0,0,0,0,0,0,0,0,0,0,0,0,0,0,0,0,0,0,0,0,0,0,0,0,0
25.5,74.5,124,0,3.9,4.8,0,0,0,0,0,0,0,0,0,0,0,0,0,0,0,0,0,0,0,0,0,0,0,0,0,0,0,0,0,0,0,0,0,0,0,0,0,0,0,0,0,0,0,0,0,0,0,0,0,0,0,0,0,0,0,0,0,0,0,0,0,0,0,0,0,0,0,0,0,0,0,0,0,0,0,0,0,0,0,0,0,0,0,0,0,0,0.9,0.6,0,0,0,0,0,0,0,0,0,0.1,0,0,0,0,0,0,0,0,0,0,0,0,0,0,0,0,0,0,0,0,0,0,0,0,0,0,0,0,0,0,0,0,0,0,0,0,0,0,2.1,0,2.1,0,0,0,0,0,0,0,0,0,0,0,0,0,0,1.3,0,0,0,0,0,0,0.7,0,0,0,0,0,0.7,3.3,0,1.1,0,0,0,0,0,0,0,0,0,0,3,2.4,12.1,2.9,0,0,0,0,0,0,0,0.9,0.4,0,13.1,21.9,0.9,22,0,4.2,0,0,0,0,2,39,5.6,18.4,39.7,8.2,0,0,0,0,0,0,0,0,0,0,0,0,0,0,0,0,0,0,0,2.4,30.7,4.7,9.9,3,0.2,3.4,1.3,0,0,0,0,2.2,24.8,19.6,0.3,8,0,0,0,0,0,1.3,0.7,0,0,0,0,0,0,0,0,0.7,0,0,0,0,0,0,0,0,0,0,0,0,0,0,0,0,0,0,0,0,0,0,0,0,8.9,0,0,0,0,0,0,0,0,0,0,0,0,0,0,0,0,0,0,0,0,0,0,0,0,0,0,0,0,0,0,0,0,0,0,0,0,0,0,0,0,0,0,0,0,0,0,0,0,0,0,0,0,0,0,0,0,0,0,0,0,0,0,0,0,0,0,0,0,0,0,0,0,0,0,0
26.5,74.5,125,0,0.3,0.2,0.3,0,0,0,0,0,0,0,0,0,0,0,0,0,0,0,0,0,0,0,0,0,0,0,0,0,0,0,0,0,0,0,0,0,0,0,0,0,0,0,0,0,0,0,0,0,0,0,0,0,0,0,0,0,0,0,0,0,0,0,0,0,0,0,0,0,0,0,0,0,0,0,0,0,0,0,0,0,0,0,0,0,0,0,0,0,0.6,0,0,0,0,0,0,0,0,0,0,0,0,0,0,0,0,0.4,0,0.2,0,0,0,0,0,0,0,0,0,0,0,0,0,0,0,0,0,0,0,0,0,0,0,0,0,0,0,0,0,0,0,0,0,0,0,0,0,0,0,0,0,0,0,0,0,0,0,1.2,0.9,0,0,0,0,0,0,0,0,0,0,0,0,0,0,0,0,0,0,0,0,0,0,0,0,0,0.8,40.2,10.6,1,0,13.4,0,0,0,0,0,0,5.7,6.7,7.4,5.9,2.1,0.7,0.3,0,0,0,0,0.7,1.8,0.2,1.7,29.6,9,0.8,0,0,0,0,0,0,0,0,0,0,0,0,0,0,0,0,0.5,0,0,8.4,31.9,15.1,3.1,3,0,14.3,36,0,0,0,0,0,0,9,0.2,0,0,0,0,0,0,0,0,0,0,0,0,0,0,0,0,0,0,0,0,0,0,0,0,0,0,0,0,0,0,0,0,0,0,0,0,0,0,0.6,0,0,0,1.2,0,0,0,0,0,0,0,0,0,0,0,0,0,0,0,0,0,0,0,0,0,0,0,0,0,0,0,0,0,0,0,0,0,0,0,0,0,0,0,0,0,0,0,0,0,0,0,0,0,0,0,0,0,0,0,0,0,0,0,0,0,0,0,0,0,0,0,0,0,0,0,0,0,0
27.5,74.5,126,0,5.5,0,0,0,0,0,0,0,0,0,0,0,0,0,0,0,0,0,0,0,0,0,0,0,0,0,0,0,0,0,0,0,0,0,0,0,0,0,0,0,0,0,0,0,0,0,0,2.7,0,0,0,0,0,0,0,0,0,0,0,0,0,0,0,0,0,0,0,0,0,0,0,0,0,0,0,0,0,0,0,0,0,0,0,0,0,0,0,0,4.6,0,0,0,0,0,0,0,0,0,0,0,0,0,0,0,0,0,0,0,0,0,0,0,0,0,0,0,0,0,0,0,0,0,0,0,0,0,0,0,0,0,0,0,0,0,0,0,0.4,0,0,0,0.6,0,0,0,0,0,0,0,0,0,0,0,0,0.7,14.4,0,5.5,0,0,0,0.5,0,0,0,0,0,0,0,0,0,0,0,0,0,0,0,0,0,0,0,0,0,0,0,0,4.6,0,0,0,0,0,0,0,0,0,43.3,0.2,41.8,9.2,2.7,0,0,0,0,0,0.1,0,0,9.4,7.1,13.7,0,0.5,0,0,0,0,0,0,0,0,0,0,0,0,0,0,0,0,0,0,0,10.5,0,13.7,36.3,1.1,0.1,7.9,0.7,0,0,0,0,0,4.9,0,0,0,0,0,0,0,0,0,0,0,0,0,0,0,0,0,0,7.2,6.1,0,0,0,0,0,0,0,0,0,0,0,0,0,0,0,0,0,0,0,0,0,0,0,4,0,0,0,0,0,0,0,0,0,0,0,0,0,0,0,0,0,0,0,0,0,0,0,0,0,0,0,0,0,0,0,0,0,0,0,0,0,0,0,0,0,0,0,0,0,0,0,0,0,0,0,0,0,0,0,0,0,0,0,0,0,0,0,0,0,0,0,0,0,0,0,0,0,0
28.5,74.5,127,0,0,0.1,0,0,0,0,0,0,0,0,0,0,0,0,0,0,0,0,0,0,0,0,0,0,0,0,0,0,0,0,0,0,0,0,0,0,0,0,0,0,0,0,0.2,0,0,0,0,0,0,0,0,0,0,0,0,0,0,0,0,0,0,0,0,0,0,0,0,0,0,0,0,0,0,0,0,12.1,0,0,0,0,4.1,0,0,0,0,0,0,0.1,6.1,0,0,0,0,0,0,0,0,0,0,0,0,0,0,0,0,0,0,0,0,0,0,0,0,0,0,0,0,0,0,0,0,0,0,0,0,0,0,0,0,0,0,0,0,0,0,0,0.2,0,0,0.1,12.4,0.3,0,0,0,0,0,0,0,0,0,0,0,0.3,8.5,0,33.5,0,0,0,0,0,0,0,0,0,0,0,0,0,0,0,0,0,0,0,0,0,0,0,0,0,0,0,0,0,0,0,0,0,0,0,0,0,0,0,0.4,0.4,0.7,0,0,0,0,0,0,0.2,8.5,0,0.2,1.6,43.7,33.4,0,0,0,0,0,0,0,0,0,0,24.7,0,0,0,0,0,0,0,0,0,0,10.8,0.7,43.3,0,0.2,17.4,20.5,0,0,0,0,0,0.5,0,0,0,0,0,0,0,0,0,0,0,0,0,0,0,0,0,0,0,0,0,0,0,0,0,0,0,0,0,0,0,0,0,0,0,0,0,0,0,0,0.2,0,0.9,0,0,0,0,0,0,0,0,0,0,0,0,0,0,0,0,0,0,0,0,0,0,0,0,0,0,0,0,0,0,0,0,0,0,0,0,0,0,0,0,0,0,0,0,0,0,0,0,0,0,0,0,0,0,0,0,0,0,0,0,0,0,0,0,0,0,0,0,0,0,0,0,0,0,0
29.5,74.5,128,0,0,0.6,0,0,0,0,0,0,0,0,0,0,0,0,0,0,0,0,0,0,0,0,0,0,0,0,0,0,0,0,0,0,0,0,0,0,0,0,0,0,0,0,0,0,0,0,0,0.6,0,0,0,0,0,0,0,0,0,0,0,0,0,0,0,0,0,0,0,0,0,0,0,0,0,0,0,0,0,0,0,0,0.3,0,0,0,0,0,0,0,0,5.3,7.6,10.3,0,0,0,0,0,0,0,0,0,0,0,0,0,0,0,0,0,0,0,0,0.2,0,0,0,0,0,0,0,0,0,0,0,0,0,0,0,0,0,0,0,0,0,0,0,0,0,1.1,0,10.6,0.2,0,0,0,0,0,0,0,0.6,0,0,0,0,0,1.9,0,0,0,0,0,0,0,0,0,0,0,0,0,0,0,0,0,0,0,0,0,0,0,0,0,0,0,0,4.5,0,0,0,0,0,0,0,0,0,0,1,5.6,0.3,32.9,0,13.1,0,0,0.5,0,2.7,0,0,6.7,3.2,1,0.3,0,0,0,0,0,0,0,0.6,1.9,6.7,0,0,0,0,0,0,0,0,0,0,2.7,0,0.8,14.1,17.4,1.6,2.7,1.6,0,0,0,0,0,0,0,0,0,0,0,0,0,2.8,0,0,0,0,0,0,0,0,0,11.9,0,0,0,0,0,0,0,0,0,0,0,0,0,0,0,0,0,0,0,0,0,0.6,0,0,6.3,0.7,0,0,0,0,0,0,0,0,0,0,0,0,0,0,0,0,0,0,0,0,0,0,0,0,0,0,0,0,0,0,0,0,0,0,0,0,0,0,0,0,0,0,0,0,0,0,0,0,0,0,0,0,0,0,0,0,0,0,0,0,0,0,0,0,0,0,0,0,0,0,0,0,0,0
30.5,74.5,129,0,0,0,0,0,0,0,0,0,0,0,0,0,0,0,0,0,0,0,0,0,0,0,0,0,0,0,0,0,0,0,0,0,0,0,0,0,0,0,0,0,0,0,0,0,0,0,0,0,0,0,0,0,0,0,0,0,0,0,0,0,0,0,0,0,0,0,0,0,0,0,0,0,0,0,0,0,0,0,0,0,0,0,0,0,0,0,0,0,0,0,0,0,0,0,0,0,0,0,0,0,0,0,0,0,0,0,0,0,0,0,0,0,0.3,0,0,0,0,0,0,0,0,0,0,0,0,0.1,0,0,0,0,0,0,0,0,0,0,0,0,0,0,0.2,0,0,0,0,0,0,0,0,0,0,0,0,0,0,0.5,0,0,0,0,0,0,0,0,0,0,0,0,0,0,0,0,0,0,0,0,0,0,0,0,0,0,0,0.7,9,0,0,0,0,16.7,0,0,0,0,0,2,43.3,0,0,0,0,0,0,0,0,10.1,0,0.1,7.4,5.1,82.2,0,0,0,0,0,0,0,0,0,0,0.1,0,0,0,0,0,0,0,0,0,0,0,0,0,0.1,0,0,0,1,0,0,0,0,0,0,0,0,0,0,0,0,0,0,0,0,0,0,0,0,0,0,0,0,0,0,0,0,0,0,0,0,0,0,0,0,0,0,0,0,0,0,0,0,0,17.5,0,0,0,0,0,0,0,0,0,0,0,0,0,0,0,0,0,0,0,0,0,0,0,0,0,0,0,0,0,0,0,0,0,0,0,0,0,0,0,0,0,0,0,0,0,0,0,0,0,0,0,0,0,0,0,0,0,0,0,0,0,0,0,0,0,0,0,0,0,0,0,0,0,0,0,0,0,0
31.5,74.5,130,0,0,3.5,0,0,0,0,0,0,0,0,0,0,0,0,0,0,0.2,0,0.3,0,0,0,0,0,0,0,0,0,0,0,0,0,0,0,0,0,0,0,0,0,0,0,2.4,0,0,0,0,0.1,1.8,0,0,0,0,0,0,0,0,0,0,0,0,0,0,0,0,0,0,0,0,0,0,0,0,0,0,0,4.5,0,0,9.4,0,0,0,0,0,0,0,5.6,7.9,6,0,0,0,0,0,0,0,0,0,0,0,0,0,0,0,0,1,0.5,0,0,0,0,3,0,0,0,0,0,0,0,0,0.5,0,4.4,0,3.1,0,0,0,0,0,0,0,0,0,0,0,0,0,0,10.1,2,0,0,0,0,0,0,0,0,0,0,0,0,0,1.5,0,0,0,0,0,0,0,0,0,0,0,0,0,0,0,0,0,0,0,0,0,0,0,0,0,0,0,0,0.7,0,0,0,10,38.8,0,0,0,0,0,0.2,46.9,0.5,0,4.4,0,0,0,6.1,0,0.7,2.8,16.6,9.1,4,13.9,1.8,1.1,0,0,4.8,0,0,0,4,22.3,4,0,0,0,0,1.2,0,0,0,0,0,3.9,0,1.8,0.5,0.9,0,13.2,3,0,0,0,6.6,0,0,0,0,0,0,0,0,0,1,0,0,0,0,0,0,0,0,0,0,0,0,0,0,0,0,0,0,0,0,0,0,0,0,0,0,0,0,0,0,0,5.7,0,0,1.4,0,0,0,0,0,0,0,0,0,0,0,0,0,0,0,0,0,0,0,0,0,0,0,0,0,0,0,1.4,0,0,0,0,0,0,0,0,0,0,0,0,0,0,0,0,0,0,0,0,0,0,0,0,0,0,0,0,0,0,0,0,0,0,0,0,0,0,0,0,0,0,0,0,0,0,0
32.5,74.5,131,0,0,0,3.2,0,0,0,0,0,0,0,0,0,0,0,0,0,0,4.9,55.9,0,0,0.2,0,0,0,0,0,0,0,0,0,0,0,10.2,0,0,0,0,0,0,0,0,14.2,11.2,0,0,3.4,4.2,19.5,0,0,0,0,0,0,0,0,0,0,0,0,0,0,0,0,2.7,0,0,0,0,0,0,0,0,10.6,7.1,0.6,1.1,0,1.4,0.4,0,0,1.4,0,0,0,0.9,13.8,38.7,3.4,0,0,0,0,0,0.1,0,0,0,0,0.4,9,0,0,0,0,0.3,20.6,0,0,0,12.1,0,0,0,0,0,0,0,0,0,0,0.9,0.3,9.1,13,0.1,0,0,0,0.2,0,0,0,0,0,0,0,0,8.9,18.6,25.3,0,0,0,0,0,0,0,0,0,0,0,0,0.3,0.4,0,0.2,0,0,0,0,0,0,0,0,0,0,0,0,0,4.8,0,0,0,0,0,0,0,0,6.5,0,9.3,0.2,0,0,0,7.1,4.4,0,0,0,0,0.1,0,7.5,0.4,5.3,0,0,1.1,27.7,3.6,0,0.1,13.3,16,0,0.4,14.7,0,0,0,0,0.7,0,0,0,0,24.7,42.7,0.9,0,0,0,0,0,0,0,12.1,4.1,14.7,28.3,34.4,0.9,0,17.7,19.5,0,0,0,0,1,0,0,0,0,0,0,0,0,0,0,0,0,0,0,0,0,0,0,0,0.1,0,0,0.9,0,0,0,0,0,0,0,0,0,0,0,0.1,0,0,0,0,0,0,18,0,0,0,0,0,0,0,0,0,0,0,0,0,0,0,0,0,0,0,0,0,0,0.9,0,0,0,0,0,0,0,5,0,0,0,0,0,0,0,0,0,0,0,0,0,0,0,0,0,0,0,0,0,0,0,0,0,0,0,0,0,0,0,0,0,0,0,0,0,0,0,2,0,0,0,0,0,0,0
33.5,74.5,132,0,0,17.3,1.5,3.6,0,0,0,0,0,0,0,0,0,0,0,0,0,18.6,77.7,0,8.5,11.2,3,0,0,0,0,0,6.1,0,0,3.5,14.5,49.8,23.6,1.8,0,0,0,0,0.5,5.8,22.7,11,0,9.4,37.7,35.8,50.1,9,0.4,0,0,0,0,0.8,0,0,0,0.4,0.4,0,0,0,0.3,33.6,12.6,3.2,0,0,0,0,0,0,1.5,45.1,24.6,2,0.3,2.3,3.1,1.1,0.9,0.2,9.8,0,0,0,4.6,34.4,3,0,8,1.8,2.2,26.4,21.3,39.3,0,0.1,3,25,7.1,0.6,2,2.3,11.3,9.2,11.6,0.7,0,10.5,34.2,15.5,2.4,0,0,0,0,0,0,0,0,0,11.2,28.6,14.9,4.1,3.2,0,1.6,9,0,0,0,0,3.6,0,0,1,40.4,85.1,19.3,4.5,0,0,0,0,0,0,0,0,0,0,1.8,15.6,10.5,0,7.3,6.6,0,0,0,0,0,0.8,0,0,0,0,0,0,0.9,0,0,0,0,0,0,0,0,2.4,0,1.3,3.3,0,0,0,3.4,3.2,0.5,0,0,0,0,0,7,7.7,8,0,0,0,3.8,0.4,3.1,0.1,7.5,17.6,6.5,0,3,0,1.2,0,0.4,0,0,0,0.2,0,3.3,6.2,0.5,0,2.6,0.3,0,0,0,0,1.8,1.3,5.3,6.5,15.5,6.5,0.4,2.6,5.2,0,0.5,0,0,0,0,0,0,0,0,0,0,0,0,0,0,0,0,0,0,0,11.6,0,0,0.4,0.4,0,0.4,0,0,0,0,0.2,0,0,16.3,2.3,0,0,6.1,0,0,0,0,0,0,3.3,0,0,0,0,0.4,0,0,0,0,0,0,0,0,0,0,0,0,0,0,0,0,4.3,31.8,0,0,0,0,0,0,0,29.6,1.3,0,0,0,0,0,0,0,0,0,0,0,1.9,0,0,0,0,0,0,0,0,0,0,0,0,0,0,0,0,0,0,0,0,0,0,0,0,0,0,31.1,21.8,0,0,0,0,0,0
34.5,74.5,133,0,0,19.1,1.5,3.7,0,0,0,0,0,0,0,0,0,0,0,0,0,21.2,82.3,0,9.8,12.8,4,0,0,0,0,0,6.1,0,0,3.6,14.5,53.9,26.9,2.2,0,0,0,0,0.5,6.5,24.2,10.2,0,9.7,38.4,39.5,54.6,10.4,0.5,0,0,0,0,0.9,0,0,0,0.6,0.5,0,0,0,0.3,38.8,14.7,3.3,0,0,0,0,0,0,0,52.6,27.7,2.2,0.2,2.5,3.7,1.2,0.9,0,9.8,0,0,0,2.9,30.1,2.7,0,8.8,1.8,2.8,30,24.6,44.7,0,0.2,3.6,29.8,5.6,0.7,2.8,3.1,12.4,9.5,9.4,0.8,0,12,36,17.8,2.5,0,0,0,0,0,0,0,0,0,12.8,32,15,4.7,4.4,0,1.8,11,0,0,0,0,4.9,0,0,1,44.7,93.3,17.8,5.5,0,0,0,0,0,0,0,0,0,0,2,19.1,11.3,0,8.2,9.1,0,0,0,0,0,1.1,0,0,0,0,0,0,0.1,0,0,0,0,0,0,0,0,2.1,0,0,4.5,0,0,0,2.8,3.5,0.7,0,0,0,0,0,6.6,7.4,7.5,0,0,0,0,0,2.8,0.1,5.5,15.3,7.3,0,1.9,0,1.3,0,0.6,0,0,0,0.2,0,0,0.3,0.7,0,3.5,0.3,0,0,0,0,0,1.1,3.1,2.7,11.7,8.4,0.5,0,3.9,0,0.7,0,0,0,0,0,0,0,0,0,0,0,0,0,0,0,0,0,0,0,14.7,0,0,0.4,0.4,0,0.4,0,0,0,0,0.2,0,0,18.2,2.5,0,0,6,0,0,0,0,0,0,0.8,0,0,0,0,0.6,0,0,0,0,0,0,0,0,0,0,0,0,0,0,0,0,5.2,37.8,0,0,0,0,0,0,0,28.3,1.5,0,0,0,0,0,0,0,0,0,0,0,1.8,0,0,0,0,0,0,0,0,0,0,0,0,0,0,0,0,0,0,0,0,0,0,0,0,0,0,33.8,25.9,0,0,0,0,0,0
35.5,74.5,134,0,0,15,1.8,2.2,0,0,0,0,0,0,0,0,0,0,0,0,0,19.9,75.1,0,8.5,11.2,4.6,0,0,0,0,0,3.7,0,0,2.4,8.2,43.9,22.9,2,0,0,0,0,0.2,5.4,21.7,7.9,0,6.3,24.6,32.5,47.8,9.3,0.6,0,0,0,0,0.7,0,0,0,0.7,0.6,0,0,0,0.1,35,13.2,2.1,0,0,0,0,0,0,0,49.9,22.9,1.7,0,1.7,3.6,1.1,0.5,0,5.5,0,0,0,1.9,19.2,1.7,0,6.8,0.9,2.9,25.5,21.8,38,0,0.2,3.4,28.2,2.8,0.5,3.4,3.6,9.6,6.1,7.2,0.8,0,10.5,28.8,15.7,1.7,0,0,0,0,0,0,0,0,0,11.1,28.8,13.4,4.1,5.3,0,1.4,10.9,0,0,0,0,5.8,0,0,1.4,38.3,78.1,15.5,5.3,0,0,0,0,0,0,0,0,0,0,1.5,19.2,8.3,0,7,10.9,0,0,0,0,0,1.3,0,0,0,0,0,0,0,0,0,0,0,0,0,0,0,2.5,0,0,5.7,0,0,0,2.6,4.3,0.8,0,0,0,0,0.6,5.3,5,4.6,1.6,4.1,2,0.3,0.2,1,0,3.7,9.8,6.4,0.1,1.8,0,0.9,0,0.7,0,0,0,0.3,0,0.1,0.5,0.9,0,4.2,0.1,0,0,0,0,0,1.3,1.1,2.2,9.5,9.4,3.9,6.2,5.4,0,0.9,0,0,0,0,0,0,0,0,0,0,0,0,0,0,0,0,0,0,0,15.5,0,0,0.5,0.1,0,0.4,0,0,0,0,0.3,0,0,14.8,1.9,0,0,3.2,0,0,0,0,0,0,0.4,0,0,0,0,0.7,0,0,0,0,0,0,0,0,0,0,0,0,0,0,0,0,5,35.9,0,0,0,0,0,0,0,14.4,1.1,0,0,0,0,0,0,0,0,0,0,0,0.6,0,0,0,0,0,0,0,0,0,0,0,0,0,0,0,0,0,0,0,0,0,0,0,0,0,0,26.4,24.2,0,0,0,0,0,0
36.5,74.5,135,0,0,10.4,1.3,1.4,0,0,0,0,0,0,0,0,0,0,0,0,0,14.1,53.4,0,6,7.9,3.4,0,0,0,0,0,2.4,0,0,1.6,5.3,30.5,16,1.4,0,0,0,0,0,3.7,15.3,5.5,0,4.2,16.3,22.6,33.7,6.6,0.4,0,0,0,0,0.5,0,0,0,0.5,0.4,0,0,0,0,24.7,9.3,1.4,0,0,0,0,0,0,0.1,35.5,15.9,1.2,0,1.1,2.5,0.7,0.3,0,3.5,0,0,0,1.3,12.9,1.1,0,4.7,0.6,2.1,17.8,15.3,26.5,0,0.2,2.4,20,1.8,0.4,2.5,2.6,6.6,4,5.1,0.6,0,7.4,20,11.1,1.1,0,0,0,0,0,0,0,0,0,7.8,20.3,9.5,2.9,3.8,0,1,7.8,0,0,0.2,0,4.3,0,0,2,26.9,54.6,11.1,3.8,0,0,0,0,0,0,0,0,0,0,1.1,13.7,5.6,0,4.9,8,0,0,0,0,0,1,0,0,0,0,0,0,0,0,0,0,0,0,0,0,0,1.9,0,0.1,5.2,0.2,0,0,1.9,3.2,0.6,0,0,0,0,1.8,6,6.7,3.1,5,12.6,6.1,0.8,0.4,0.7,0,4.3,10.9,4.9,0.3,1.4,0,0.6,0,0.5,0,0,0,0.2,0,0.3,0.6,0.7,0,3.1,0,0,0,0,0,0.1,1,0.7,1.8,6.8,6.8,10.6,19,5.6,0,0.6,0,0,0,0,0,0,0,0,0,0,0,0,0,0,0,0,0,0,0,11.2,0,0,0.3,0,0,0.3,0,0,0,0,0.2,0,0,10.3,1.3,0,0,2,0,0,0,0,0,0,0.3,0,0,0,0,0.5,0,0,0,0,0,0,0,0,0,0,0,0,0,0,0,0,3.6,25.5,0,0,0,0,0,0,0,9,0.7,0,0,0,0,0,0,0,0,0,0,0,0.3,0,0,0,0,0,0,0,0,0,0,0,0,0,0,0,0,0,0,0,0,0,0,0,0,0,0,18.2,17.2,0,0,0,0,0,0
10.5,75.5,136,0,0,0,0,5.2,1.1,0,0,0,0,0,0,0,0,0,0,0,0,0,0,0,0,0,0,0,0,0,0,0,0,0,0,0,0,0,0,0,0,0,0,0,0,0,0,0,0,0,0,0,0,0,0,0,0,0,0,0,0,0,0,0,0,0,0,0,0,0,0,0,0,0,0,0,0,0,0,0,0,0,0,0,0,0,0,0,0,0,0,0,0,0,0.3,0,0,0.8,0,0,0,0,0,0,0,0,0,15.4,20.2,30,9.9,13.5,9.4,13.2,0,2.5,1.1,0,2.6,0,18.5,8.6,1.9,0.2,0.8,0,2.5,32.9,22.2,4.6,0.3,0,0,0,0,0,0,2.7,0,3.4,0,5.1,30.3,3.6,6,10.5,36.1,80.3,26.7,0.7,21.4,24.4,7.9,20.1,1.9,2.3,17.8,13.6,12.2,15.9,31.4,39.7,68.8,24.2,4.9,8.3,7.2,16,1.1,20.4,110,32.5,25.6,8.1,13.4,4.2,5,7.9,3.6,28.6,38.7,13.6,18.4,22.2,48.5,14.5,16.2,5.2,2.6,0,0,0,0,0,0,4.3,3.6,17.1,14.2,18.3,18.3,32.3,20.7,9.5,15,6.5,7.3,34,37.2,1.6,1.7,28.5,35.2,76,14.5,13.1,14,24.3,8.9,1.7,0,0,0,0.6,6.9,2.4,17.2,22.2,11,18,14.2,25.6,9.8,14.8,10.3,23.2,9.6,8.9,19.9,9.1,19.4,0,0,2.5,10.3,15.5,32.2,15.5,7.2,3.1,5.1,0,0,8.3,0,0.8,3.3,4.5,2.2,0,0,0,3.9,4.3,6.1,8.8,15.2,0.4,0,0,0,18.8,18.4,3.8,0,1.3,0,0,0,2.7,5.5,0,0,3,0,2,0,0,7.7,5.2,12.4,14.6,0,18.6,8.8,0,0,0,3,14.9,5.7,0,1.3,1,0,3.3,0,12.4,0,0,33.4,0,0,0,0,5.5,0,10.1,4,0,0,0,0,0,0,0,0,0,0,45.9,31,26.1,1.2,0,0,0,0,0,5.1,1.1,0,0,1,48.2,86.2,56.1,3.4,0,0,0,0,0,0,0,0,0,0,0,0,0,0,0,0,0,0,0,0,0
11.5,75.5,137,0,0,0,0,0,0,0,0,0,0,0,0,0,0,0,0,0,0,0,0,0,0,0,0,0,0,0,0,0,0,0,0,0,0,0,0,0,0,0,0,0,0,0,0,0,0,0,0,0,0,0,0,0,0,0,0,0,0,0,0,0,0,0,0,0,0,0,0,0,0,0,0,0,0,0,0,0,0,0,0,0,0,0,0,0,0,0,0,0,0,0,0,0,0,0,0,0,0,0,0,0,0,0,0,0,5.3,6.8,0.5,38.8,0.5,0.3,0,0,0,0,0,0,0,0.8,5,2.9,0.7,1.5,0,2.4,7.7,8.8,1,0,0,0,0,0,1,3.6,0,1.1,0,0,3.4,25.5,1.4,6.5,7.8,26.9,0.8,0,6.3,3,9.7,9.1,12.8,1.5,0.5,0,11,30,24.6,40.4,103,81.2,0.9,18.2,10.1,16.1,22.1,62.2,33.9,93.8,47.3,27.2,29.2,6.2,13.5,29.2,15.4,9.4,21.3,20.3,16.7,42.9,63.2,36.7,28.8,20.5,12,0,0,0,0,0,0,5,9.1,19.7,17.9,11.6,16,43.8,22.7,33,5.1,12.1,13.1,14.5,28.7,4.6,0.2,7.5,56.4,63.3,66.7,24.2,5.4,2.8,1.3,0,0,0,0,0.4,0.3,0,4.5,16,15.4,2.8,9.6,20.6,20.4,5.9,23.3,71.3,15,11.7,20.1,21.4,26.3,0,0,6.2,21,7.7,15.1,6.6,6,26.9,1.2,6.1,1.2,1,0.5,0.1,6.1,1.9,0.4,0,0,0,0,0.2,1.6,6.9,7,0,0.4,0,0,0.8,20.1,0,0,0,0,0,0,0,0,0,0,0,0,0,0,0,0,0,0,0,0,7.7,7.6,17.5,15.3,37,1.5,36.7,14,5,0,0,0,2.2,0.6,0,33.3,10.5,6.2,0,0,0,0,0,0,0,0,0,0,0,0,0,0,0,0,0.3,0,0,9.3,0.5,9.2,0,0,0.5,1.5,0,2.6,0,0,0,0,0,14,59.2,10.9,2.6,3.7,0,0,0,0,0,0,0,0,0,0,0,0,0,0,0,0,0,0,0
12.5,75.5,138,0,0,0,0,0,0,0,0,0,0,0,0,0,0,0,0,0,0,0,0,0,0,0,0,0,0,0,0,0,0,0,0,0,0,0,0,0,0,0,0,0,0,0,0,0,0,0,0,0,0,0,0,0,0,0,0,0,0,0,0,0,0,0.2,0,0,0,0,0,0,0,0,1.8,0,0,0,0,0,0,0,0,0,0,0,0,0,0.5,0,1.4,5.4,0,0,0,0,0,0,0.4,0,0,2.9,0,0,0,0,0,0,0,3.9,5.1,8.8,20,1.1,0,0,0,0,0,0,0,0,0.9,9.6,0,0,0,18.5,0,31.3,0,0,0,0,0,7.7,0,0,0,9.2,0,0,0,77.2,0,0.9,0,9,0,0,0,0,8.1,0.9,0,0,1.4,7.6,16.7,10.8,18,45.8,26.4,13.9,0.9,5.8,13.5,5.2,55.1,40.7,26.5,50,14.4,36.3,8.6,9.8,23.3,67.2,47,15.4,10.1,4.1,65.2,71,71.4,33.4,21.4,6.7,20.7,0.9,0,0,0,0,1.9,0.7,23.1,5.2,126.9,83.2,69.7,71.2,54.7,100.8,13.6,10.7,14.7,64.5,12.5,10.6,2.4,1.2,58.5,85.8,95.4,46.2,61.3,16.4,16.2,13.4,5.1,0.9,3.3,10.5,16.4,25,4.3,2.3,1.9,13.6,2.7,43.2,17.3,7.9,45.6,70.8,59.1,42.3,10.9,26.6,31.3,2.7,0,9.9,17.6,35.5,31.1,24.3,9.7,6.2,26.2,2.3,0,0.6,0,10.2,35.1,5.3,0,0,0,0,7,33.1,55.8,32.8,22.6,14.8,2.9,0.5,0,18.3,5.5,9.2,11.6,3.4,14,3.5,2.1,8.2,0,0,0,0,0,0.4,2.9,0,0,0,0,8.6,0,0.8,0,3,2,0,0,141.7,39.2,8.3,0,0,0,0,0,0,3.8,9.2,2.4,6.2,0,0,0,0,0,0,0,0,0,0,0,0,0,0,0,0,0,0,24.3,24,4.6,0,0,0,0,0,0,0,0,0,0,0,3.6,22,47.5,5.4,1.1,0,0,0,0,0,0,0,0,0,0,0,0,0,0,0,0,0,0,0
13.5,75.5,139,0,0,0,0,0,0,3,0,0,0,0,0,0,0,0,0,0,0,0,0,0,0,0,0,0,0,0,0,0,0,0,0,0,0,0,0,0,0,0,0,0,0,0,0,0,0,0,0,0,0,0,0,0,0,0,0,0,0,0,0,0,0,0,0,0,0,0,0,0,0,0,0,3.1,0,0,0,0,0,0,0,0,0,0,0,0,0,0.8,8.4,0,0,0,0,0,0,0,0,0,0,3.9,0,0,0,0,0,0,0,0,0.8,9,1.4,0,0,0,0,0,0,2.4,0,0,9.1,0.5,4.3,0,10.9,5.2,0,0,0,0,0,0,0,0,0,0,0,3.9,0.5,0,12.4,27.9,0,0,0,0,0,0,0,0,0,0,0,0,0,0,0,0,2.2,5,1,0.8,1.7,4.6,7.5,20.5,29.5,43.2,51.8,15.5,17.6,14.2,18.5,9,13,26.9,18.2,7.2,6.9,8.9,24.3,20.1,15.3,9.2,7,1.5,1.8,0,0.7,0,0,0,0.1,31.8,47.3,75.7,110.8,109.3,61,49.7,45.4,53.9,38,21.8,12.2,6.5,6.9,6.4,1.8,25.6,33.9,58.2,28.4,37.7,22.8,6.5,9.7,1.7,1.5,0.4,12.7,6.3,22.1,17.2,2.2,0.4,0.5,0,0.3,12.5,0.5,0.2,2.6,5.4,15.1,7.6,3.4,6.8,1.7,0.5,0.6,1.3,8.5,6,5.3,7.9,1.1,1.7,0.7,0,1.5,0.3,1.1,0.5,0,0.7,0,0,0,0,0,8.6,22.6,13.3,20.7,3.4,0.7,0.6,0,4.7,0,0,0,0.1,0,0,0,0,0,0,0,0,0,0,0,0,0,0,0,0,0,0,0,0,0,0,0,1.5,0,0,0,0,0,0,0,0,0,0,0.2,1.8,0.7,0,0,0,0,0,0,0,0,0,0,0,0,0,0,0,0,0,11.9,12.9,5.6,0,0,0,0,0,0,0,0,0,0,0,0,8.7,9.3,1,6.2,1.4,0,0,1.4,0,0,0,0,0,0,0,0,0,0,0,0,0,0,0
14.5,75.5,140,0,0,0,0,0,0,0,0,0,0,0,0,0,0,0,0,0,0,0,0,0,0,0,0,0,0,0,0,0,0,0,0,0,0,0,0,0,0,0,0,0,0,0,0,0,0,0,0,0,0,0,0,0,0,0,0,0,0,0,0,0,0,0,0,0,0,0,0,0,0,0,0,0,0,0,0,0,0,0,0,0,0,0,0,0,0,0,0,0,0,0,0,0,0,0,0,0,0,0,0,0,0,0,0,0,0,0,0,0,0,0.3,0,0,0,0,0,0,0,0,0,0,0,0,9.4,1,0,0,0,0,0,0,0,0,0,0,0,0,0,0,0,33.3,0,0,0,0,0,0,0,0,0,0,0,0,0,0,0,1.4,0,0,0.9,0,0,0,0,0.2,1.9,12.8,48.3,5.7,0.6,1.4,0.2,0,0,0.9,5.5,5.3,0.5,1.1,13.5,6.5,0.9,1.4,0,0.3,0.3,0,0,0,0,0,1.1,4,11.4,5.6,34.8,35.8,15,15.5,5.8,12.5,19.4,4.8,1.1,1.4,0.5,3.1,0.8,3.3,15.5,14.4,5.8,10.6,2.2,1.8,0,0,0.2,0,0,0,22.1,4.6,4.5,0.5,1.7,0,0,0.6,1,0,0,0.5,3.7,1.9,0.3,1.2,1.1,0,0.3,0,0.6,1.4,0,0,0,1.8,0,0,0.5,0,0,0,0,4,0,0,0,0.9,0,6,24,1.8,0.2,0,0,2.1,0,0.5,0,0.8,0,23.6,1.7,0.9,0,0,0,0,0,0,0,0,0,0,0,0,0,0,0,0,0,0,0,0,0,0,0,0,0,0,0,0,0,0,0,0,0,0,0,0,0,0,0,0,0,0,0,0,0,0,0,0,0,0,0,0,4.8,2.1,1.4,0,0,0,0,0,0,0,0,0,0.4,0,0.2,4.1,8.4,1.3,2.8,4.8,0,0.6,0,0,0,0,0,0,0,0,0,0,0,0,0,0,0,0
15.5,75.5,141,0,0,0,0,0.3,0,3,0,0,0,0,0,0,0,0,0,0,0,0,0,0,0,0,0,0,0,0,0,0,0,0,0,0,0,0,0,0,0,0,0,0,0,0,0,0,0,0,0,0,0,0,0,0,0,0,0,0,0,0,0,0,0,0,0,0,0,0,0,0,0,0,0,0.5,0,0,0,0,0,0,0,0,0,0,0,0,0,0,0,0,0,0,0,0,0,0,0,0,0,1.1,0,0,0,0,0,0,0,0,0,0,0.4,4.6,0,0,0,0,0,0,0,0,0,0,3.4,0,0.4,8.9,0,0,0,0,0,0,0,0,0,0,0,0,12.9,0,0,11.6,0,0,0,0,0,0,4.6,0,0,0,0,0,0,0,0.4,1.8,0,0,8.2,0,0,0,0.2,5.5,0,0,9.2,0,0,0.4,0,4,0.1,0,0,0,0.5,2.3,1,0.2,2.4,1,0.2,0,0,1.3,0,0,0.1,0,0,0.5,1,0.3,6.1,7.7,7.5,0.2,3.6,4,5,0.5,1.4,0.7,9.1,0.2,0,0,0,6.2,2,0.2,0,0,0,0,0,0,0,4.7,10.5,16.5,8.7,0.3,0,0,0,0,0.6,0.3,4,12.3,6.7,0,0.5,0.1,0,0,0,0,0.2,8.7,2,5.9,0,0,0,0.4,0,0,39.6,0,0,0,0,0,0,0,37.5,5,31.1,55.4,0.3,3.1,10.2,10.9,13.5,0,0,11.8,0.8,2.8,0,0,0,0,0,0,0,0,0,0,0.8,0,0,0,0,0,0,0,0,0,0,0,0,0,0,0,0,0,0,0,0,0,0,0,0,0,0,0,0,0,0,0,0,0,0,0,0,0,0,0,0,0,0,0,0,2.1,0,0,0,0,0,0,0,0,0,0,0,0,0,0,1.3,4.7,9.4,3.6,0,0,0,0,0,0,0,0,0,0,0,0,0,0,0,0,0,0
16.5,75.5,142,0,0,0,0,0,0,0,0,0,0,0,0,0,0,0,0,0,0,0,0,0,0,0,0,0,0,0,0,0,0,0,0,0,0,0,0,0,0,0,0,0,0,0,0,0,0,0,0,0,0,0,0,0,0,0,0,0,0,0,0,0,0,0,0,0,0,0,0,0,0,0,0,0,0,0,0,0,0,0,0,0,0,0,0,0,0,0,0,0,0,0,0,0,0,0,0,0,0,0,0,0,0,0,0,0,0.4,0.4,0.4,3,0,0,0,0,0,0,3.6,0,0,0,0,0.2,3.7,0.2,0,0,0,0,0,0,0,0,0,0,0,0,0,1.1,2.1,0,1.4,1.1,0,0,2.8,0,0,0,0,0,0,0,0,0,0,0.9,1.1,0.4,16.2,5.7,0.3,0,0,0,1.9,12.4,0.5,0,15.6,1.5,0,0.5,0,0,0,0,0,0,5.7,0,0.8,0,0.7,0,0,0.3,0,0,0,0,0,0,0.6,1.9,0,1.4,10.8,6.7,2.2,0,1.2,3.4,11.7,1.7,1.9,0,0,0,0,0,0,1.6,1.9,0,0.4,0,0,0,0,0,0.4,13.5,25.1,16.1,10.5,2.5,1.7,0,0,0,0,2.2,1.6,2.8,5.8,0,0.6,0,0,0,0,0,0.5,5.1,0,0,0,0.3,0.3,0.9,0,0,0,0,0,0,0,0,0,3.3,7.4,32.9,20.2,12.9,2.4,3.2,0.6,1.7,0.4,0,0,0,0,0,0,0,0,0,0,0,0,0,0,0,0,0,0,0,0,0,0,0,0,0,0,0,0,0,0,0,0,0,0,0,0,0,0,0,0,0,0,0,0,0,0,0,0,0,0,0,0,0,0,0,0,0,0,0,0,0,0,0,0,0,0,0,0,0,0,0,0,0,0,0,2.5,17.6,18.8,5.4,0,0,0,0,0,0,0,0,0,0,0,0,0,0,0,0,0,0
17.5,75.5,143,0,0,0,0,0.4,0,0,0,0,0,0,0,0,0,0,0,0,0,0,0,0,0,0,0,0,0,0,0,0,0,0,0,0,0,0,0,0,0,0,0,0,0,0,0,0,0,0,0,0,0,0,0,0,0,0,0,0,0,0,0,0,0,0,0,0,0,0,0,0,0,0,0,0,0,0,0,0,0,0,0,0,0,0,0,0,0,0,0,0,0,0,0,0,0,0,0.8,0,0,0,0,0,0,0,0,0,0,0,2.1,0,1.4,0,0,0,0,0,0,0,0,0,0,6.7,0,1.4,0,0,0,0,0,0,0,0,0,0,0,0,0,0,0.1,1.5,0,0,0,0,0,0,0,0,0,0,0,0,0,0,0.8,0.1,0,2.8,0,0.7,0,10.9,1.6,0.5,4.2,17.8,0,0.9,1.1,0,0,8.5,0,0,0,0.8,1.3,7.6,3,6.3,4.7,5.8,0.9,1.8,0.5,0.8,0.3,0,0,0,0,0,0.2,3.6,19.2,3.7,26.8,16.7,0,1.1,17.7,8.9,1.3,1.2,3.8,0.2,0.7,0,0,0,0,0,0.2,0,0,0,5.4,0.7,1.9,0,3.1,2.9,3.3,0.4,2.5,0.4,0,3.6,0,22.2,8.9,10.6,4,46.7,0.7,0.8,2.4,28.1,0,0,0,0,0,0,0.9,0,0,0,0.1,0,0,0.1,0,0,0,0,0,1.4,0.2,9.2,24.5,11.5,11.5,0.2,0.6,1.6,0.9,0,0,0,0,0,0,0,0,0.5,0,0,0,0,0,0,0,0,0,1.8,0,0,0,0,0.3,0,0,0,0,0,0,0,0,0,0,0,0,0,0,0,0,0,0,0,0,0,0,0,0,0,0,0,0,0,0,0,0,0,0,0,0,0,0,0,5.6,0,0,0,0,0,0,0,0,0,0,0,0,0,0,1.3,21,7.8,0,0,0,0,0,0,0,0,0,0,0,0,0,0,0,0,0,0
18.5,75.5,144,0,0,0,0,0,0,0,0,0,0,0,0,0,0,0,0,0,0,0,0,0,0,0,0,0,0,0,0,0,0,0,0,0,0,0,0,0,0,0,0,0,0,0,0,0,0,0,0,0,0,0,0,0,0,0,0,0,0,0,0,0,0,0,0,0,0,0,0,0,0,0,0,0,0,0,0,0,0,0,0,0,0,0,0,0,0,0,0,0,0,0,0,0,0,0,0,0,0,0,0,0,0,0,0,0,0,0,0,0,0,0,0,0,0,0,0,0,0,0,0,0,0,0,0,0,0,0,0,0,0,0,0,0,0,0,0,0,0,1.1,0,0,0,0,0,0,0,0,0,0,0,0,0,0,6.3,6.3,0.6,0,0,0,2.4,0,8.5,4.9,5.1,11.9,0,0.2,0,0,0,0,2,0,0,0.6,7.7,1.1,0.4,0.5,0,1.5,2.7,4.9,4.2,2.1,2.9,0,0,0,0,0.4,0,1.5,2.5,34.2,55.3,12.3,0,0.8,1.3,5.2,0.4,0.6,0.8,0.2,0,0.3,0,0,0,0,0,0,0.7,0,0,0,0.3,0,1.4,0,0,1.7,8.6,2.8,13.8,11.2,16,7.6,0.2,17.4,24.1,15.1,1.4,2.5,18,13.5,3,1.1,0.7,4,0,0,0,0,0,0,0,0,2.2,0,0.3,0,0,0,0,2.2,0,8.7,30.8,15.5,3.1,3.1,10.6,3.8,0.2,0,0,0,0,0,0,0,0,0,0,0,0,0,0,0,0,0,0,0,0,0,0,1.6,0,0,0,0,0,0,0,0,0,0,0,0,0,0,0,0,0,0,0,0,0,0,0,0,0,0,0,0,0,0,0,0,0,0,0,0,0,0,0,0.9,0,0,0,0,0,0,0,0,0,0,0,0,2.7,0,0,7.1,1.6,0.3,0,0,0,0,0,0,0,0,0,0,0,0,0,0,0,0,0,0
19.5,75.5,145,0,0,0.2,0,0,0,0,5.2,0,0,0,0,0,0,0,0,0,0,0,0,0,0,0,0,0,0,0,0,0,0,0,0,0,0,0,0,0,0,0,0,0,0,0,4,0,0,0,0,0,0,0,0,0,0,0,0,0,0,0,0,0,0,0,0,0,0,0,0,0,0,0,0,0,0,0,0,0,0,0,0,0,0,0,0,0,0,0,0,0,0,0,0,0,0,0,0,0,0,0,0,0,0,0,0,0,0,0,0.4,0.3,0,0,0,0,0,0,0,0,0,0.1,0.1,0,0,0,0,0,0,0,0,0,0,0,0,0,0,0,0,0,0,0,0,0,0,0,0,0,0,0,0,0,0,0,0,0,0.5,2,0.5,0,0,0,0,0.5,4.6,0.7,49.6,38.9,1,9,2.8,0,0.5,19,6.2,0,0.2,1.6,1.2,0,0,0,1.3,2,0,6.3,1.8,2.9,6.1,0.5,0.3,0,0,0.2,0.2,0,2.3,25.2,46.2,34.9,1.8,3.2,2.3,3.5,7.4,0.1,1.6,0,0,0.2,0.3,0.9,0.5,1.8,0,0.2,0,0,0,0,0.6,0,0.3,0,0,1.9,0.5,3,2.1,10.6,2.7,2.9,0,20,73.5,31.1,13.9,4.8,9.5,23.7,24.7,2.5,0.9,0,0,0,0,0,0,0.1,0,0,0,0,0,0,0,0,0,0,3.9,3.2,32,2.1,0.7,0.5,0,0,0,0,0,0.4,0,0.5,0,0,0,0,0,0,0,0,0,0,0,0,0,0,0,0,0,0,0,0,0,0,0,0,0,0,0,0,0,0,0,0,0,0,0,0,0,0,0,0,0,0,0,0,0,0,0,0,0,0,0,0,0,0,0,0,0,0,2.1,0,0,0,0,0,0,0,0,0,0,0,0,0,0,2.9,6.2,10,0,0,0,0,0,0,0,0,0,0,0,0,0,0,0,0,0,0
20.5,75.5,146,0,0,0.7,0,0,0,0,6.7,26.2,0,0,0,0,0,0,0,0,0,0,0,0,0,0,0,0,0,3,0,0,0,0,0,0,0,0,0,0,0,0,0,0,0,0,0,0,0,0,0,0,0,0,0,0,0,0,0,0,0,0,0,0,0,0,0,0,0,0,0,0,0,0,0,0,0,0,0,0,0,0,0,0,0,0,0,0,0,0,0,0,0,0,0,0,0,0,0,0,0,0,0,5.8,0,0,0,0,0,0,0,0,0,0,0,0,0,0,0,0,0,0,0,0,0,0.6,0,0,0,0,0,0,0,0,0,0,0,0,0,0,0,0,0,0,0,0,0,0,0,0,0,0,0.2,0,0,0,0,5.1,0.6,2.2,0,0,0,0,0,0,0,0.4,39.4,0,5.7,0,3.8,0,0,0.8,0,12.7,3,3,0,0,0,2.1,1.2,1.6,4.4,0.5,3.2,0,1,0.8,0,1.5,7,0,0,36,62.2,62.9,3.2,0,1.2,52.9,7.6,1,0,1.1,0.6,0.4,1.2,1.7,5.1,0,0.2,6.2,16.3,0,0,0.6,1.5,1.1,0,0,0,0,13.9,4.1,1.6,22.1,7.6,4.4,19.7,11.4,38.8,30.8,3.1,4.7,7,13.3,15.3,3.4,2,2.4,2.5,0,0,0.4,1.4,3.8,0.5,0.2,6.5,0,0.3,0,0,0,0,0,0,0,0,0,0,0,0,0,0,0,0,0,0,0,0,0,0,0,0,0,0,0,0,0,0,0,0,0,0,0,0,0,0,0,0,0,0,0,0,0,0,0,0,0,0,0,0,0,0,0,0,0,0,0,0,0,0,0,0,0,0,0,0,0,0,0,0,0,0,0,0,0,0,0,0,0,0,0,0,0,0,0,0,0,0,0,0,0,10.8,21.4,0.9,0,0,0,0,0,0,0,0,0,0,0,0,0,0,0,0,0
21.5,75.5,147,0,0,0,0,0,0,0,3.1,1.6,0,0,0,0,0,0,0,0,0,0,0,0,0,0,0,0,0.5,0,0,0,0,0,0,0,0,0,0,0,0,0,0,0,0,0,0,0,0,0,0,0,0,0,0,0,0,0,0,0,0,0,0,0,0,0,0,0,0,0,0,0,0,0,0,0,0,0,0,0,0,0,0,0,0,0,0,0,0,0,0,0,0,0,0,0,0,0,0,0,0,0,0,0,0,0,0,0,0,0,0,0,0,0,0,0,0,0,0,0,0,0,0,0,0,0,0,0,0,0,0,0,0,0,0,0,0,0,0,0,0,0,0,0,0,0,0,0,0,0,0,0,0,0,0,0,0,0,0,0,0,0,0,0,0,0,0,6.7,6.9,0.3,2.5,0,0,0,0,5.7,0.9,0.2,0,0,0,0,2.7,1.4,1.1,8,17,2.6,1,0.6,0,0,0,4.3,2.8,0,0,0,21.1,34.9,3.6,0.6,0.9,10.8,10.3,0.3,10.8,0.4,4.9,0.9,27.7,24,17.5,6.1,5.7,1.5,1.6,0.3,0.3,0.5,0.3,0,0,0,0,0,6.9,25.4,9.9,15.5,2.9,2.3,7.2,1.8,6.6,22.5,5.8,0.7,3,11,9.1,15.3,7.3,10.2,2.3,0.2,0,3.5,3.6,0,2,0,0.1,0.2,1.2,0,0,0,0,0,0,0,0,0,0,0.3,0,0,0.2,0,0,0,0,0,0,0,0,0,0,0,0,0,0,0,0,0,0,0.6,0,0,0,1.2,0,2.3,0,0,0,0,0,0,0,0,0,0,0,0,0,0,0,0,0,0,0,0,0,0,0,0,0,0,0,0,0.2,1.8,0,0,0,0,0,0,0,0,0,0.3,1.8,0,0,0,0,0,0,0,0,0,0,0,0,0,0,20.7,0,0,0,0,0,0,0,0,0,0,0,0,0,0,0,0,0,0
22.5,75.5,148,0,1.6,0.4,0,0,1.4,0,0,0,0,0,0,0,0,0,0,0,0,0,0,0,0,0,0,1,0,1.7,0,0,0,0,0,0,0,0,0,0,0,0,0,0,0,0,0,0,0,0,0,0,0,0,0,0,0,0,0,0,0,0,0,0,0,0,0,0,0,0,0,0,0,0,0,0,0,0,0,0,0,0,0,0,0,0,0,0,0,0,0,0,0,0,0,0,0,0,0,0,0,0,0,0,0,0,0,0,0,0,0,0,0,0,0,0,0,0,0,0,0,0,0,0,0,0,0,0,0,0,0,0,0,0,0,0,0,0,0,0,0,0,0,0,0,0,0,0,0,0,0,0,0,0,0,0,0,0,0,0,0,0,0,0.9,0,0,1.1,0,0,0.9,0,0,4.9,6.8,7.8,0,0,12,0,3.2,7.2,0,0,0,0,3.3,0.9,0.9,12.9,1.3,0,0.7,0,0.5,0,0,0,9.4,21.1,28.8,0,6.1,29.4,14.6,3,1,0,1.1,5.2,17.4,20.3,16.1,7.3,7.1,9.7,2.1,55.1,0,0.3,0,0,0,0,0,0,0,2.2,4.4,1.3,2.8,12.1,5.2,5.8,0.3,8.5,11.2,2.9,1.6,11.4,7.9,5.4,3.9,3.4,1.2,1.9,0.4,0,1.6,10.5,0.6,0,0,0.8,0,0,1.1,0.7,0.9,0,0,0,0,0,3.8,0.6,0,0,0,0.6,2.8,0,0,0,0,0,0,0,0,0,0,0,0,0,0,0,0,0.2,0,0,0,1.8,0,4,0,5.2,0,0,0,0,0,0,0.2,0,0,0,0,0,0,0,0,0,0,0,0,0,0,0,0,0,0,0,0,0,0,0,0,0,0,0,0,0,0,0,0,2.5,0,0.1,0,0,0,0,0,0,0,0,0,0,0.2,0.9,3.3,0,0,0,0,0,0,0,0,0,0,0,0,0,0,0,0,0,0
23.5,75.5,149,0,2.3,5.5,0,0,0,0,0,0,0,0,0,0,0,0,0,0,0,0,0,0,0,0,0,1.2,0,0.1,0,0,0,0,0,0,0,0,0,0,0,0,0,0,0,0,0,0,0,0,0,0,0,0,0,0,0,0,0,0,0,0,0,0,0,0,0,0,0,0,0,0,0,0,0,0,0,0,0,0,0,0,0,0,0,0,0,0,0,0,0,0,0,0,0,0,0,0,0,0,0,0,0,0,0,0,0,0,0,0,0,0,0,0,0,0,0,0,0,0,0,0,0,0,0,0,0.2,0,0,0,0,0,0,0,0,0,0,0,0,0,0,0,0,0,0,0,0,0,0,0,0,0,0,0,0,0,0,0,0,0,0,0,0,0,0,0,0,0,0,0,0,0,0,0.4,7.5,0,0,0,0,0,0,0,0,0,0,0,0.9,0,0.6,5.8,0.1,0,0,0,0,0,0.2,15,1.1,23.5,32.2,0.7,10.4,6.6,15.9,2.5,0.4,3.3,4.1,3.5,16.2,32.8,13.8,6.3,4.8,0,0,0,0,0.7,0,0,0,0,0,0,0.6,6.9,18.2,0,8.9,11.9,2.4,4.4,3.5,25.7,20.6,17.1,19.5,19.2,43.6,0.1,5.6,1.3,0,0,0.1,11.7,19.4,23,0,3.1,20.1,5.4,0,0,0,0,0,0,0,0,0,0,0,0,0,3.4,2,0,0,0,0,0,0,0,0,0,0,0,0,0,0,0,0,0,0,0,0,0,0,0,0,0,0,0,0,0,0,0,0,0,0,0,0,0,0,0,0,0,0,0,0,0,0,0,0,0,0,0,0,0,0,0,0,0,0,0,0,0,0,0,0,0,0,0,0,0,0,0,0,0,0,0,0,0,0,0,0,0.3,0,0,0,0,0,0,0,0,0,0,0,0,0,0,0,0,0,0
24.5,75.5,150,2,0,1,0,0,0,0,0,0,0,0,0,0,0,0,0,0,0,0,0,0,0,0,0,0,0,0,0,0,0,0,0,0,0,0,0,0.2,0,0,0,0,0,0,0,0,0,0,0,0,0,0,0,0,0,0,0,0,0,0,0,0,0,0,0,0,0,0,0,0,0,0,0,0,0,0,0,0,0,0,0,0,0,0,0,0,0,0.5,0,0,0,0.2,0,0,0,0,0,0,0,0,0,0,0,0,0,0,0,0,0,0,0,0,0,0,0,0,0,0,0,0,0,0,0,0,0.1,0,0,0,0,0,0,0,0,0,0,0,0,0,0,0,0,0.4,0,0,0,0,0,0,0,0,0,0,0.2,0,3.3,4.9,0,0,0,0,0,1.4,0,0,2.6,0,0,0.1,0,0,0,2.3,11.4,0,0,0,0,0,0,0,0,0,0,1.8,5.5,4.9,15.1,6.2,1.8,0,0,0,0,0,0,0.7,0,0.4,9.3,2.9,11.2,4.4,11.9,0,2.3,0,0,2.3,27,40,63.3,52.1,52.9,1.3,0,0,0,0,0,0,0,0,0,0,0.4,2.7,1.8,0,10.4,4.8,0,0,0,8.3,8.2,1.2,8.2,19.9,1,28.6,17.1,1.5,0,0,0,17.3,21.2,9.7,29.4,28.9,14.4,2.4,0,0,0,0,0,0,0,0,0,0,0,0,0,1,1.7,0,0,0,0,0,0,0,0,0,0,0,0,0,0,0,0,0,0,0,0,0,0,0,0,0,0,0.3,0,0,0,0,0,0,0,0,0,0,0,0,0,0,0,0,0,0,0,0,0,0,0,0,0,0,0,0,0,0,0,0,0,0,0,0,0,0,0,0,0,0,0,0,0,0,0,0,0,0,0,0,0,0,0,0,0,0,0,0,0,0,0,0,0,0,0,0,0,0,0,0
25.5,75.5,151,0,0.3,4.1,0,0,0,0,0,0,0,0,0,0,0,0,0,0,0,0,0,0,0,0,0,0,0,0,0,0,0,0,0,0,0,0,0,0,0,0,0,0,0,0,0,0,0,0,0,0,0,0,0,0,0,0,0,0,0,0,0,0,0,0,0,0,0,0,0,0,0,0,0,0,0,0,0,0,0,0,0,0,0,0,0,0,0,0,0,0,0,0.7,0,0,0,0,0,0,0,0,0,0,0,0,0,0,0,0,0,0,0,0,0,0,0,0,0,0,0,0,0,0,0,0,0,0,0,0,0,0,0,0,0,0,0,0,0,0,0,0,0,4.1,0,0,0,0,0,0,0,0,0,0,0,0,0,0,0,0,0,0,0,0,0,0,0,0,0,0,0,0,0,0,3,0,0,0,0,0,0,0,0,0,0,0,2.7,26.9,103.4,0,0,0,0,0,0,0,0,0,0,7.6,18.4,24.8,0.4,1.6,0,0,0,0,0,4.8,29.8,0.5,2.6,20.8,76.3,0,0,0,0,0,0,0,0,0,0,0,0,0,0,0,0,0,0,0,0.9,48.4,16.3,2.4,0,25,0,9.5,0.8,5.8,0,0,0,0,7.8,32.5,2,7.8,31.4,0,0,0,0,0,0,0,0,0,0,0,0,0,0,4.2,0,1.2,2.1,0,0,0,0,0,0,0,0,0,0,0,0,0,0,0,0,0,0,1.1,0,0,1.8,0,0,0.5,0,0,0,0,0,0,0,0,0,0,0,0,0,0,0,0,0,0,0,0,0,0,0,0,0,0,0,0,0,0,0,0,0,0,0,0,0,0,0,0,0,0,0,0,0,0,0,0,0,0,0,0,0,0,0,0,0,0,0,0,0,0,0,0,0,0,0,0,0,0,0,0
26.5,75.5,152,0,0,0.6,0,0,0,0,0,0,0,0,0,0,0,0,0,0,0,0,0,0,0,0,0,0,0,0,0,0,0,0,0,0,0,0,0,0,0,0,0,0,0,0,6.3,0,0,0,0,0.4,0,0,0,0,0,0,0,0,0,0,0,0,0,0,0,0,0,0,0,0,0,0,0,0,0,0,0,0,0,0,0,0,0,0,0,0,0.1,0,0.2,0.2,1,5.3,0,0,0,0,0,0,0,0,0,0,0.3,0.1,0,0,0,0,0,0.6,0,0,0,0,0,0,0,0,0,0,0,0,0,0.7,0.1,0,0,0,0,0,0,0,0,0,0,0,0,0,0,0,4.1,1.4,0,0.3,0,0,0,0,0,0,0,0,0,0,0,0,0,0.9,0.2,0,0,0,0,0,0,0,0,0,0,0,2.5,0,0.2,1.5,0,0,0,0,0,0,0,0,0,0,0.3,3.7,54.4,7.9,0,0,0,0,0,0,0,0,0,0,0.7,20.2,4.5,6.2,0,0.2,0,0.1,0,3,5.1,8.5,0,5.5,11.7,0.3,0,0,0,0,0,0,0,0,0,0,0,0.1,0,0,0,0,0,0,0,2.5,27,5.2,7.3,13.3,0,0,19.3,0,0,0,0,0,6.6,6.1,2.7,1.8,7,0,0,0,0,0,0,0,0,0,0,0,0,0,0,0.4,0,0.2,0,0,0,0,0,0,0,0,0,0,0,0,0,0,0,0,0,1.2,0,0.5,0,0,0,1.9,1.7,0,0,0,0,0,0,0,0,0,0,0,0,0,0,0,0,0,0,0,0,0,0,0,0,0,0,0,0,0,0,0,0,0,0,0,0,0,0,0,0,0,0,0,0,0,0,0,0,0,0,0,0,0,0,0,0,0,0,0,0,0,0,0,0,0,0,0,0,0,0,0,0,0
27.5,75.5,153,0,0,0,0,0,0,0,0,0,0,0,0,0,6.9,0,0,0,0,0,0,0,0,0,0,0,0,0,0,0,0,0,0,0,0,0,0,0,0,0,0,0,0,0,0.2,0,0,0,0,0.3,0.9,0,0,0,0,0,0,0,0,0,0,0,0,0,0,0,0,0,0,0,0,0,0,0,0,0,0,0,0,0,0,0,0.3,0,0,0,0,0,0.3,0,0.2,0,0.2,0,0,0,0,0,0,0,0,6.9,0,0,0,0,0,0,0,0,0,0,0,0,0,6.2,0,0,0,0,0,0,0,0,0,0,0,0,0,0,0,0,0,0,0,0,0,0,0,0,0,0.3,0,0,0,0,0,0,0,0,0,0,0,0,0,0,0.3,0,0.3,0,0,0,0.4,0,0,0,0,0,0,0,13,0,0,0,0,0,0,0,0,6.9,0,0,0,0,0,1.7,7.5,0,0,0,0,0,0,0,0,0,15.9,13,0.8,2.6,12.1,0.3,0,0,0,0,0,14.7,0.8,0,0,0.7,0,0.9,0,0,0,1.7,0,0,0,0,0,0,0,0.1,0,0,0,0,0,0,0,0,31.5,4.5,17.4,3.9,0,36.4,3.1,0,0,0,0.2,0,1.4,17.2,3.3,0,1.1,0,0.9,0,0,0,0,0,0,0,0,0,0,0,0,5.2,0,1.7,0,0,0,0,0,0,0,0,0,0,0,0,0,0,0,0,0,0,0,6.1,0.9,0.4,0,0,0,0,0,0,0,0,0,0,0,0,0,0,0,0,0,0,0,0,0,0,0,0,0,0,0,0,0,0,0,0,0,0,0,0,0,0,0,0,0,0,0,0,0,0,0,0,0,0,0,0,0,0,0,0,0,0,0,0,0,0,0,0,0,0,0,0,0,0,0,0,0,0,0,0
28.5,75.5,154,0,0,3.9,0,0,0,0,0,0,0,0,0,0,0,0,0,0,0,0,0,0,0,0,0,0,0,0,0,0,0,0,0,0,0,0,0,0,0,0,0,0,0,0,0,0,0,0,0,0.3,2.5,0,0,0,0,0,0,0,0,0,0,0,0,0,0,0,0,0,0,0,0,0,0,0,0,0,0,0,0,0,0,0,0.4,0,0,0,0,0,0,7.9,2.6,3.1,1.8,0,0,0,0,0,0,0,0,0,0,0,0,0,0,0,1.5,0.7,0,0,0,0,0,0,0,0,0,0,0,0,0,0,0,0,0,0,0,0,0,0,0,0,0,0,0,0,0,0,0,7,8,3.8,0,0,0,0,0,0,0,1.8,0.1,0,0.9,0,0,4.7,1.4,0,0,0,0,0,0,0,0,0,0,0,0,0,0,0,0,0,0,0,0,0,0,0,0,0,0,1.8,2.6,0,0,0,0,0,0,0,0,0.6,0,2.2,0,6.3,43.7,0,0,0,11,0,0,0.3,0,0,7.9,1.7,0,2.9,0.3,0,0,0,0,0,0,0,7.9,0,1.1,0,0,0,0,0,0,0,0,0.5,1.5,0,2.2,2.6,0,3.2,2.2,1.5,0,0,2.4,0,0,1.5,0.4,0,0,0,0,0,0,0,0,0,0,0,0,0,0,1.5,0,0,0,0,0,0,0,0,0,0,0,0,0,0,0,0,0,0,0,0,0,0,0,0,0,23.6,0.3,0,0,0,0,0,0,0,0,0,0,0,0,0,0,0,0,0,0,0,0,0,0,0,0,0,0,0,0,0,0,0,0,0,0,0,0,0,0,0,0,0,0,0,0,0,0,0,0,0,0,0,0.2,0,0,0,0,0,0,0,0,0,0,0,0,0,0,0,0,0,0,0,0,0,0,0
29.5,75.5,155,0,0,0,0,0,0,0,0,0,0,0,0,0,0,0,0,0,0,0,0,0,0,0,0,0,0,0,0,0,0,0,0,0,0,0,0,0,0,0,0,0,0,0,12.6,0,0,0,0,0,1.5,0,0,0,0,0,0,0,0,0,0,0,0,0,0,0,0,0,0,0,0,0,0,0,0,0,0,0,3.9,0,0,0,0,0,0,0,0,0,0,0,2.5,0,5.9,0,0,0,0,0,0,0,0,0,0,0,0,0,0,0,0,0,0,0,0,0,0,0,0,0,0,0,0,0,0,0,0,0,0,0,0,0,0,0,0,0,0,0,0,0,0,0,0,0,0.3,0.8,0,0,0,0,0,0,0,0,0,0,0,0,0,0,0,0,0,0,0,0,0,0,0,0,0,0,0,0,0,0,0,0,0,0,0,0,0,0,0,0,0,0,0,0,0,0,0.3,0,0,0,0,0,0,0,14.9,4.7,0,0,3.9,0,0,0.4,0,15,0,0.6,0,0,0,0,0,0,0,0,0,0,0,0,3.2,0.5,0,0,0,0,0,0,0,0,0,0,10.2,0,0,37.2,1.1,0.2,0,0.3,0,0,0,0,1.4,4.7,0,0,0,0,0,0,0,0,0,0,0,0,0,0,0,0,0,0,0,0,0,0,0,0,0,0,0,0,0,0,0,0,0,0,0,0,0,0,0,0,0,0,0,0,0,0,0,0,0,0,0,0,0,0,0,0,0,0,0,0,0,0,0,0,0,0,0,0,0,0,0,0,0,0,0,0,0,0,0,0,0,0,0,0,0,0,0,0,0,0,0,0,0,0,0,0,0,0,0,0,0,0,0,0,0,0,0,0,0,0,0,0,0,0,0,0,0,0
30.5,75.5,156,0,0,10.6,0,0,0,0,0,0,0,0,0,0,0,0,0,0,0,0,0.2,0,0,0,0,0,0,0,0,0,0,0,0,0,0,0,0,0,0,0,0,0,0,0,14.5,0,0,0,0,0,19.2,0,0,0,0,0,0,0,0,0,0,0,0,0,0,0,0,0,0,0,0,0,0,0,0,0,0,0,0,0,0,0,0,0,0,0,0,0,0,0,10.2,4.3,1.3,0,0,0,0,0,0,0,0,0,0,0,0,0,0,0,0,4.1,0,0,0,0,0,0,0,0,0,0,0,0,0,7.4,0,0,0,0,0,0,0,0,0,0,0,0,0,0,0,0,0,0,5.4,8.7,0,0,0,0,0,0,0,0,0,0,0,0,0,0,0,0,0,0,0,0,0,0,0,0,0,0,0,0,0,0,0,0,0,0,0,0,0,0,0,0,0,22,0,0,0.6,0,0,34.9,0,0,0,0,0,0,24.1,32.4,0,5.5,0.2,0,0.4,5.7,0,1.7,0,33.3,29.3,7.5,0,0,0,0,0,0,0,0,3.9,0,0,32.1,0,0,0,0,2,0.6,0,0,0,3.7,10.4,0,0,33.8,2.9,4.1,0.2,3.2,0,0,0,0,0,0,0,0,0,0,0,0,0,0,0,0,0,0,0,0,0,0,0,0.7,0,0.4,0,0,0,0,0,0,0,0,0,0,0,0,0,0,0,0,0,0,2.8,0.2,0,0,0,0,0,0,0,0,0,0,0,0,0,0,0,0,0,0,0,0,0,0,0,0,0,0,0,0,0,0,0.5,0,0,0,0,0,0,0,0,0,0,0,0,0,0,0,0,0,0,0,0,0,0,0,0,0,0,0,0,0,0,0,0,0,0,0,0,0,0,0,0,0,0,0,0,0,0,0
31.5,75.5,157,0,0,2,1.4,0,0,0,0,0,0,0,0,0,0,0,0,0,0,0.7,8.1,0,0,0,0,0,0,0,0,0,0,0,0,1,0,0,0,0,0,0,0,0,0,4.1,15.1,0,0,0.2,0.7,4.8,5.4,0,0,0,0,0,0,0,0,0,0,0,0,0,0,0,0.1,8.4,0,0,0,0,0,0,0,0,0,0.1,0.7,3.2,0,0.7,0,0,0,0,0,0,0,6.1,8,19.6,4.2,0,0,0,0,0,0.8,0,0,0,0,0,0,0,0,0,0,0.2,6,0,0,1.3,2.7,0,0,0,0,0,0,0,0,0,0,0,1,5.6,0,0,0,0,0,0,0,0,0,0,0,0,0,3.8,18.1,18.5,0,0,0,0,0,0,0,0,0,0,0,1.8,0,0,0,0,0,0,0,0,0,0,0,0,0,0,0,0,0,0,0,0,0,0,0,0,0,0,2.1,0,0.3,0,0,0,0,0,16.6,53.3,0,0,0,0,0,5.1,7.5,2.8,5.7,8.7,4.2,29.9,29.8,14.6,0,2.1,19.1,23.9,1.9,0.6,14.7,0,0,3.2,15.5,6.2,0,0,0.5,0,12.3,0,4.3,0,0,0,13,2.1,0,0,0,12.1,33.7,1,0.6,3.1,1.5,0,16.3,0,0,0,0,0,0,0,0,0,0,0,0,0,0,0,0,0,0,0,0,0,0,0,0,0,0,0,0,0,0,0,0,0,0,0,0,0,0,0,0,0,0,0,0,0,2.3,6.8,0,0.3,9.6,0,0,0,0,0,0,0,0,0,0,0,0,0,0,0,0,0,0,0,0,0,0,0,0,0,0,0.4,8.9,0,0,0,0,0,0,0,0,0,0,0,0,0,0,0,0,0,0,0,0,0,0,0,0,0,0,0,0,0,0,0,0,0,0,0,0,0,0,0,0.6,0,0,0,0,0,0,0
32.5,75.5,158,0,0,3.7,4.3,0,0,0,0,0,0,0,0,0,0,0,0,0,3.6,15.6,65.3,0,0,2.1,0,0,0,0,0,0,0,0,0,0,0,13.8,4,0,0,0,0,0,0,0,42.4,5.7,0.7,4.5,5.6,13,17,0,0,0,0,0,0,0,0,0,0,0,0,0,0,0,4.3,6.2,0,0,0,0,0,0,0,0,0.6,6.8,5.5,18,0,2.9,4.6,0,4.6,0,0,0,0,0,16.4,60.6,8.1,0,0,0,3.5,1.9,1.8,0,0,0,3.6,5.5,0.5,0,0,1.5,1.9,4.2,13.1,0,0,0.7,13.3,0,0,0,0,0,0,0,0,0,0,0,4.9,11.8,4.7,2.6,0,0,0,0,0,0,0,0,0,0,0,7.6,30.3,28.5,5.8,0,0,0,0,0,0,0,0,0,0,0,0,0,0,0,0,0,0,0,0,0,0,0,0,0,0,0,10.4,0.9,1.1,0,0,0,0,0,5.6,0,17.6,7.3,0,1.2,2.7,0,0,1.5,2.7,3.8,0,0,0,29.5,6.5,0.9,24.3,24.1,15.9,0,34,31.4,16.7,8.1,31.1,4.3,19.7,23.4,6.1,26.5,79.7,0.2,5.8,1,1.2,2.7,0,0,0,0,28.8,11.7,8.7,0,0,2.2,0,2.5,0,0,11.3,5.7,27.7,3.2,5.8,9.9,28.4,3.4,19.4,4,0,2.6,0,2.6,0,0.2,0,0,0,0,0,0,0,0,0,0,0,0,0,0,0,2.6,2.1,2.2,0,0,0,0,0,0,0,0,0,0,0,0,0,12.3,1.8,0,0,0,0,1.5,1.5,17.8,0,0,0,0,3.2,0,0,0,0,0,0,0,0,0,0,0,0,0,0,0,0,0,0,0,0,0,0,0,0,2.5,16,0,0,0,0,0,0,0,0,0,0,0,0,0,0,0,0,0,0,0,0,0,0,0,0,0,0,0,0,0,0,0,0,0,0,0,0,0,0,9.5,2.7,0,0,0,0,0,0,0
33.5,75.5,159,0,0,19.1,1.2,4,0,0,0,0,0,0,0,0,0,0,0,0,0.2,20.2,78.4,0,9.3,12.2,3.2,0,0,0,0,0,6.7,0,0,3.8,16.1,53.7,26,2,0,0,0,0,0.6,6.3,24.2,10.7,0,10.7,41.6,39,52.4,9.8,0.4,0,0,0,0,0.9,0,0,0,0.5,0.4,0,0,0,0.6,36.3,13.7,3.6,0,0,0,0,0,0,0.4,48.2,27.1,2.2,0.3,2.7,3.3,1.2,1.2,0,10.9,0,0,0,4,34.7,3.1,0,8.8,2,2.5,28.8,23.2,42.9,0,0.1,3.5,27.1,6.8,0.7,2.1,2.5,12.5,10.2,10.3,0.8,0,11.4,36.4,16.8,2.7,0,0,0,0,0,0,0,0,0,12.4,30.2,14.7,4.6,3.4,0,1.7,9.7,0,0,0,0,3.7,0,0,1.4,43.9,91.2,17.9,4.9,0,0,0,0,0,0,0,0,0,0,2,16.7,11.6,0,7.9,7,0,0,0,0,0,0.8,0,0,0,0,0.4,0,0.3,0,0,0,0,0,0.2,0,0.9,1.8,0,0.4,3.5,0,0,0,2.9,2.9,0.6,0,0,1.5,0.3,0,7.6,9.5,8.5,0,1.7,0.8,1.1,0.1,5.1,0.3,7.5,18.1,7.3,1.3,2.2,0,1.6,0,0.5,0,0,0,0.2,0,0.9,2,0.6,0,2.7,0.5,0,0.1,0,0,1,1,4.7,3.9,12.9,6.9,1.8,0.8,3.6,0.2,0.6,0.1,0,0.1,0,0,0,0,0,0,0,0,0,0,0,0,0,0,0,0,12.4,0.1,0,0.4,0.5,0,0.3,0,0,0,0,0.2,0,0,17.9,2.5,0,0.6,6.8,0,0,0,0,0,0,1.6,0,0,0,0,0.6,0,0,0,0,0,0,0,0,0,0,0,0,0,0,0,0,4.6,34.3,0,0,0,0,0,0,0.1,32.7,1.5,0,0,0,0,0,0,0,0,0,0,0,2.2,0,0,0,0,0,0,0,0,0,0,0,0,0,0,0,0,0,0,0,0,0,0,0,0,0,0.5,33.9,23.6,0,0,0,0,0,0
34.5,75.5,160,0,0,19.5,1.3,4,0,0,0,0,0,0,0,0,0,0,0,0,0,20.8,81.3,0,9.8,12.8,3.7,0,0,0,0,0,6.6,0,0,3.8,15.8,54.8,27,2.1,0,0,0,0,0.5,6.5,24,10.6,0,10.4,41,40,54.4,10.4,0.4,0,0,0,0,0.9,0,0,0,0.5,0.4,0,0,0,0.4,38.4,14.5,3.6,0,0,0,0,0,0,0,51.4,28,2.2,0.3,2.6,3.6,1.2,0.9,0,10.7,0,0,0,3,32.2,2.9,0,9.1,2,2.6,30.1,24.5,44.9,0,0.2,3.5,29.1,6.2,0.7,2.5,2.8,12.7,10.1,9.8,0.8,0,12,36.8,17.8,2.7,0,0,0,0,0,0,0,0,0,12.8,31.7,14.9,4.7,3.9,0,1.8,10.6,0,0,0,0,4.4,0,0,1.1,44.9,94.2,17.8,5.3,0,0,0,0,0,0,0,0,0,0,2.1,18.3,11.7,0,8.3,8.2,0,0,0,0,0,1,0,0,0,0,0,0,0.1,0,0,0,0,0,0,0,0,1.9,0,0,4,0,0,0,2.8,3.2,0.6,0,0,0,0,0,7,8.2,8.1,0,0,0,0,0,3.3,0.1,6.1,16.9,7.4,0,1.9,0,1.3,0,0.5,0,0,0,0.2,0,0,0.3,0.7,0,3.2,0.4,0,0,0,0,0,1,3.6,2.7,12,7.8,0.4,0,3.5,0,0.7,0,0,0,0,0,0,0,0,0,0,0,0,0,0,0,0,0,0,0,13.8,0,0,0.4,0.5,0,0.3,0,0,0,0,0.2,0,0,18.5,2.5,0,0,6.6,0,0,0,0,0,0,0.9,0,0,0,0,0.5,0,0,0,0,0,0,0,0,0,0,0,0,0,0,0,0,5,36.9,0,0,0,0,0,0,0,31.3,1.5,0,0,0,0,0,0,0,0,0,0,0,2,0,0,0,0,0,0,0,0,0,0,0,0,0,0,0,0,0,0,0,0,0,0,0,0,0,0,34.7,25.3,0,0,0,0,0,0
35.5,75.5,161,0,0,16.2,2.4,1.8,0,0,0,0,0,0,0,0,0,0,0,0,0,24.1,89.2,0,9.9,13,6.2,0,0,0,0,0,3,0,0,2.2,6.2,48.4,26.2,2.4,0,0,0,0,0,6,25.4,8.2,0,5.6,21.8,36.1,55.4,11,0.8,0,0,0,0,0.8,0,0,0,1,0.8,0,0,0,0,41.4,15.6,1.9,0,0,0,0,0,0,0,60.9,25.6,1.9,0,1.6,4.4,1.2,0.4,0,4.1,0,0,0,1.6,16.6,1.4,0,7.2,0.6,3.8,29,25.5,43.3,0,0.3,4.2,34.3,1.6,0.6,4.6,4.8,10.2,5.4,7.4,1,0,12.2,31.2,18.4,1.6,0,0,0,0,0,0,0,0,0,12.8,34,15.7,4.8,7.2,0,1.6,13.7,0,0,0,0,8,0,0,0.8,43.8,88,17.8,6.6,0,0,0,0,0,0,0,0,0,0,1.6,24.2,8.4,0,8,14.9,0,0,0,0,0,1.8,0,0,0,0,0,0,0,0,0,0,0,0,0,0,0,3.4,0,0,7.2,0,0,0,3,5.8,1,0,0,0,0,0,3.7,1.8,3.7,0,0,0,0,0,0,0,1.8,4.5,7,0,2.1,0,0.8,0,1,0,0,0,0.4,0,0,0.3,1.2,0,5.8,0,0,0,0,0,0,1.8,0,2.1,10.2,12.4,0.8,0,6.4,0,1.2,0,0,0,0,0,0,0,0,0,0,0,0,0,0,0,0,0,0,0,20.1,0,0,0.6,0,0,0.6,0,0,0,0,0.4,0,0,16.3,2,0,0,2.2,0,0,0,0,0,0,0,0,0,0,0,1,0,0,0,0,0,0,0,0,0,0,0,0,0,0,0,0,6.2,43.8,0,0,0,0,0,0,0,8.8,1.1,0,0,0,0,0,0,0,0,0,0,0,0,0,0,0,0,0,0,0,0,0,0,0,0,0,0,0,0,0,0,0,0,0,0,0,0,0,0,28.2,29.4,0,0,0,0,0,0
36.5,75.5,162,0,0,13.3,1.9,1.6,0,0,0,0,0,0,0,0,0,0,0,0,0,19.1,71.3,0,7.9,10.4,4.8,0,0,0,0,0,2.7,0,0,1.9,5.8,39.5,21.1,1.9,0,0,0,0,0,4.9,20.4,6.8,0,4.9,19.1,29.3,44.5,8.8,0.6,0,0,0,0,0.7,0,0,0,0.8,0.6,0,0,0,0,33,12.4,1.7,0,0,0,0,0,0,0,48.2,20.8,1.6,0,1.4,3.5,1,0.4,0,3.8,0,0,0,1.5,14.8,1.3,0,5.9,0.6,3,23.4,20.4,34.9,0,0.2,3.3,27.1,1.7,0.5,3.5,3.7,8.4,4.7,6.2,0.8,0,9.8,25.6,14.7,1.4,0,0,0,0,0,0,0,0,0,10.3,27.2,12.6,3.8,5.5,0,1.3,10.8,0,0,0,0,6.1,0,0,1.4,35.3,71.3,14.4,5.2,0,0,0,0,0,0,0,0,0,0,1.3,19,7,0,6.4,11.4,0,0,0,0,0,1.4,0,0,0,0,0,0,0,0,0,0,0,0,0,0,0,2.6,0,0,6.2,0,0,0,2.4,4.5,0.8,0,0,0,0,0.9,4.9,4.3,3.4,2.5,6.3,3,0.4,0.2,0.3,0,3.1,7.7,5.9,0.2,1.7,0,0.7,0,0.8,0,0,0,0.3,0,0.1,0.5,0.9,0,4.4,0,0,0,0,0,0,1.4,0.4,1.9,8.5,9.6,5.7,9.5,6,0,0.9,0,0,0,0,0,0,0,0,0,0,0,0,0,0,0,0,0,0,0,15.6,0,0,0.5,0,0,0.5,0,0,0,0,0.3,0,0,13.3,1.7,0,0,2.1,0,0,0,0,0,0,0.2,0,0,0,0,0.8,0,0,0,0,0,0,0,0,0,0,0,0,0,0,0,0,4.9,34.6,0,0,0,0,0,0,0,8.9,0.9,0,0,0,0,0,0,0,0,0,0,0,0.2,0,0,0,0,0,0,0,0,0,0,0,0,0,0,0,0,0,0,0,0,0,0,0,0,0,0,23.2,23.3,0,0,0,0,0,0
8.5,76.5,163,0,0.4,0,0,15.8,0,0,0,0,0,0,0.4,0,0,0,0,0,0,0,0,0,0,0,0,0,0,0,0,0,0,0,0,0,0,0,0.3,0,0,0,0,0,0,0,0,0,0,0,0,0,0,0,0,0,0,0,0,0,0,0,0,0,0,2.2,1.1,0,0,0,0,0,0,0,0,0,0,0,0,0,0,2.7,0,0,0,0,0,0,0,1.6,0,2.3,15.9,0.5,15,0,0,0.2,0,0,0,0,0,1.2,0,0,0.5,14.5,2.2,0,0,0,2.5,1.4,0,0,7.4,0,1.2,10.7,4.8,7.5,3.2,4.3,8.4,3.8,1.7,3.1,13.3,7.2,2.2,0,0,0,0,0,0,0,0,0,0.3,32.5,0,31.2,2.4,5.2,1.5,36.3,9.3,2.4,20.9,10,6.9,6.6,1,0,0,0,4.9,12.4,19.7,19.1,47.6,24.6,8.2,5.1,0.7,6.4,6,3.9,4.6,6.7,46.1,27.3,44.2,4.9,1.6,1.3,5.5,10.3,4.9,5.7,7.9,3.3,16.2,7.3,7.2,3.8,3.8,2.1,2.1,1,0,0,2.2,1.2,4.1,0.7,2.2,1.1,6.6,4.9,2.5,0,1.5,0.4,4,0.8,2.2,1,0,1,14.5,32.1,35.6,3.5,4.1,2.9,1.5,3.6,3.9,1.2,2.7,2.9,17.3,3.7,35.4,36.4,12.2,6.5,3,1.8,2.9,3.1,2,4.6,0.9,1.3,2.7,7.9,2.4,1.7,3.4,2.4,9.2,4.4,0.8,0,0,0,0,0,0,0,0.1,0,1,7.8,0.8,0,0,0,0,1.1,0,2.7,0.3,0,0,0,2.1,0,0,7.4,2.1,3.7,3.5,3.6,0,0,9.6,0,0,0,11.7,0,0,0.6,9.7,0,0,22,6.1,12,14.1,25.7,8.6,1.7,33.3,98.8,6.5,0.1,0.2,0,0,0,17.3,6.3,2.4,16.2,11.3,3.9,1,0.3,0,0,11,4.1,3.2,0,0,0,0.1,0,0,0,0,0,0.2,6.5,20,8.8,7,0,0,0.2,0,0,1.5,4.9,81.6,1.8,0,16.6,37.2,24.8,29.1,4.8,0,0,0,0,0,0,0,0,0,0.9,0.8,0,0,0,0,0,0,0.6,0,0
9.5,76.5,164,0,0,1.2,0,2,2.2,0,0,0,0,0,0,0,0,0,0,0,0,0,0,0,0,0,0,0,0,0,0,0,0,0,0,0,0,0,0,0,0,0,0,0,0,0,0,0,0,0,0,0,0,1,0,0,0,0,0,0,0,0,0,0,0,1.3,8.1,0,0,0,0,0,0,0,6.3,0.6,0,0,0,0,0.6,0,0,0,0,0,0,5.4,0,0,0.3,3,17.1,0,0,0,0,0,13.6,0,0,0,0,0,0.2,0.3,0,3.5,12.1,1.8,0,0,0,0.9,0,0,13.3,0,1.5,6,6.2,2.2,0.2,2.1,2.5,1.4,4.2,1,28.8,1.9,3.1,0,0,0,0,0,1.1,0.2,2.4,3.1,0.9,21.4,0,8.5,0.1,1.3,4.2,71.4,23.9,3,5.5,55.4,27.9,5.1,13.3,1.9,0.4,14.5,4.4,39.7,37.8,9.4,23.2,27.1,9.8,14.9,0.1,1.6,5.2,3.7,5,63.6,50.5,32.7,35.5,9.9,0,0.2,3.6,15.2,14.6,11.8,6.8,8.9,66.7,5.9,9.5,1.7,9.2,0,0.1,0,3.3,5.8,0,3.3,1.1,0,7.1,13.8,10.4,13.7,9.4,3.3,13.6,2.7,3.4,8.5,39.1,18,0,0,1.2,17.8,38.1,2.6,22.2,2.5,1.5,2.2,2.2,18,2.3,4.4,23.9,12.8,20,30.4,3.3,8.9,1.9,8.3,4.5,3.5,20.2,18.3,0.3,6.9,9.9,5.8,5,1.3,5.2,2.1,12.6,4,7.5,1.9,7,5.4,4.1,0.6,0.4,0.3,0.8,0.5,5.1,3.8,0.9,0.2,1.1,0,0.5,46.5,0.5,3.4,28.2,0.2,0.1,0,2.4,11.3,4,45.7,0,0,0,2.6,0,11.8,28.6,0,0,0,0,0,0,0,0,0.3,2.8,2.7,10.2,14.2,32.5,10.7,20.5,2.9,2.8,4.7,0.9,0.1,1.9,1,0,0,2.4,1.7,15,4.8,2.9,2,11.5,2.6,4.6,1,12.5,1.4,0,0,0,0,0,0,0,0,2.6,0,12.1,0,11.1,3.7,23.2,0,0,0,0,0,0,4.3,2.2,23.3,6.2,12.7,29.7,63.9,9.1,0.4,0.2,0,0,0,0.1,6.7,0,0,0,0,0,0,0,0,0,0,0,0,0,0
10.5,76.5,165,0,0,0,0,0,0,0,0,0,0,0,0,0,0,0,0,0,0,0,0,0,0,0,0,0,0,0,0,0,0,0,0,0,0,0,0,0,0,0,0,0,0,0,0,0,0,0,0,0,0,0,0,0,0,0,0,0,0,0,0,0,0,0,0,0,0,0,0,0,0,0,0,0,0,0,0,0,0,0,0,0,0,0,0,0,0,0,0.9,1.3,0,0,0.3,0,0,0.8,1,0,0,0,0,0,0,0,0,0,27,7,2.6,0,2.2,23.2,0,0,15.3,0,0,0,5.5,17.6,0.7,0,0,0,1.8,17.5,2.5,0,0,0,0,0,0,0,2.6,0,0,0,0,2.5,15,0.1,3.3,0.1,7.5,69.2,4.9,1.2,0.9,5.9,6.8,3.6,4.2,1.5,0,6.1,11.5,10.8,12.7,20.3,33.9,20.1,5.1,7.7,4.4,26.6,10.6,5.3,35.7,68.8,44.7,10.7,38.2,16.4,12.5,8.3,2.5,18,31.5,6.5,6.1,18.6,14.2,15.8,15.3,2.4,2.2,0,0,0,0,0,0,2.6,8.8,25,32.3,34.2,20.6,24,29.8,6.8,13.8,0.4,2,1.3,21.8,12.8,0.4,20.2,17.3,17.7,35,3.7,11.2,5.9,6.9,0,0,0,0,0,2.3,4.3,3.5,35.4,1.2,7.6,9.4,22.1,6.8,4.9,10.2,19.6,22.1,8.1,14.4,20,0,0.5,0,1.5,11.3,21.5,33,11,1.1,0.7,11.4,0.4,0,5.4,0.4,0,0.7,0,0.2,0,0,0,1,2.9,10.2,8.3,7.4,0,0,0,0,15.7,9.5,0,0.4,4.8,0.2,0,0,0,0,0.6,0,0,0,0,0,0,0,0,8.9,21.4,66,34.9,9.7,0,0.2,0,2.1,25.7,1.8,0,11.4,0,0,0,0,3.8,0,28.1,8.1,1.9,3.8,0,0,5.1,8.3,0,0,0,0,0,0,0,0,0,0,0,0,13.2,37.2,4.3,0.8,0,0,0,0.1,0,3.8,2.2,0.7,3.1,0,0.4,26.7,34.1,3.3,0.2,0,0,0,0,0,0,0,0,0,0,0,0,0,0,0,0,0,0,0,0
11.5,76.5,166,0,0,0,0,0,0,0,0,0,0,0,0,0,0,0,0,0,0,0,0,0,0,0,0,0,0,0,0,0,0,0,0,0,0,0,0,0,0,0,0,0,0,0,0,0,0,0,0,0,0,0,0,0,0,0,0,0,0,0,0,0,0,0,0,0,0,0,0,0,0,0,0,0,0,0,0,0,0,0,0,0,0,0,0,0,0,0,0,0,0,0,0,0,0,0,12,25,0,0,0,0,0,0,0,0,0,0,0,0,0,9,1,0,0,0,0,0,0,0,0,8,0,0,0,2.2,14,6,4,0,0,0,0,0,6,0,0,0,0,3.3,0,0,0,0,0,20,0,0,0,0,0,0,0,0,7,8,0,3,22,1,14,9,7,1,4,14,3,47,9,5,2,3,7,4,14,2,4,5,3,1,3,0,9,6,38,12,6,0,0,0,0,0,0,0,39,3,110,127,95,68,11.5,18,80,2,30,40,18,8,0,0,19,58,28,4,4,2,0,0,0,0,0,49,0.7,1.8,0,1.1,0,2.1,0,0,1,0,4.3,9.6,7,5.4,0,2.2,0,0,1.2,0,7.2,0,6,39,4,4.2,0,0,0,0,0,0,0,0,0,0,0,0,0,20.8,18.2,0,0,17.2,0,0,23,0,0,0,0,6,0,0,0,0,0,0,0,0,0,0,0,0,0,0,0,0,0,32,0,0.5,0,0,0,12,0,0,0,0,0,0,0,0,0,0,0,0,0,0,0,0,0,0,0,0,0,0,0,0,0,0,0,0,0,0,25,0,13,0,0,0,0,0,0,0,0,5,0,0,3.5,23,16,0,0,0,0,0,0,0,0,0,0,0,0,0,0,0,0,0,0,0,0,0
12.5,76.5,167,0,0,0,0,0,0,0,0,0,0,0,0,0,0,0,0,0,0,0,0,0,0,0,0,0,0,0,0,0,0,0,0,0,0,0,0,0,0,0,0,0,0,0,0,0,0,0,0,0,0,0,0,0,0,0,0,0,0,0,0,0,0,0,0,0,0,0,0,0,0,0,0,0,0,0,0,0,0,0,0,0,0,0,0,0,0,0,0,0,2.2,0,0,0,0,0,10.9,0,0,0,0,0,0,0,0,0,0,7.4,0,9,25,1.2,0,0,0,0,0,0,0,0,0,3,0,0,0,0,10.4,6.9,5.6,0,0,0,0,0,0,0,0,0,1.6,0,7,4.2,3.8,1.4,0,0,0,0,0,0,0,0,0,0,0,0,0,0,0,0,0,0,0,0,0,0,0,1.2,0,1,0,0,0,0,0,0,0,0,0,0,0,0,0,0,2.1,0,0,0,0,0,0,0,0,0,0,0,5.5,0.5,0.7,1.1,0,4,0.9,0,0,0,0,0,0,0,0,0,0,0,0,0,0,0,0,0,0,2.4,11.8,1.1,1.4,2.6,0,1.1,0,0,1.2,0.9,15.9,1.1,0,0,0,0,0,1.1,0,0,0,0,0,0,0,0,0,0,0,0,0,0,0,8.4,0,1.7,1.8,0,2.8,7.6,5.5,1.4,0,0,0,0.9,8.4,0,0,0,0,0,0.9,0,0,0,0,0,0,0,0,0,0,0,0,0,0,0,0,1.5,0,0,0,0,6.2,5.9,0,0,0,0,0,0,0,0,0,0,0.8,0,0,0,2,0,0,0,0,0,0,0,0,0,0,0,0,0,0,0,5.6,0.9,0,0,0,0,0,3,0,0,0,0,0,0,4.2,0.9,2.1,0,0,1.4,0,0,0,0,0,0,0,0,0,0,0,0,0,0,0,0,0,0
13.5,76.5,168,0,0,0,0,0,0,0,0,0,0,0,0,0,0,0,0,0,0,0,0,0,0,0,0,0,0,0,0,0,0,0,0,0,0,0,0,0,0,0,0,0,0,0,0,0,0,0,0,0,0,0,0,0,0,0,0,0,0,0,0,0,0,0,0,0,0,0,0,0,0,0,0,0,0,0,0,0,0,0,0,0,0,0,0,0,0,0,0,0,0,0,0,0,0,0,0,0,0,0,0,0,0,0,0,0,0,0,0,0,0.5,0,0,0,0,0,0,0,0,0,0,0,0,0,0,0,0.1,2.3,6.6,0,0,0,0,0,0,0,0,0.9,0,0,0,4.1,0.3,12.3,0,0,0,0,0,0,0,0,0,0,2.8,4.1,2.5,2.1,0,1.8,21,3.8,2,0,0,4.1,0,0,0,0.5,0,0.6,0.8,0,0,0,0,0,0,0,7.2,0.7,0,5.1,0,0,0,0,0,0,0,0,0,0,0,0,0,0,0,0.6,0.3,0.2,0,0,0,0,1.5,0,0,0,0.4,0,0,0.1,0,0,0,0,0,0,0,1.6,0.3,1,0,2.3,7.2,0,0,0,0,0,0.4,0,7,0.7,0.7,0,0,0,0,0,0,0,0,0,0,0,0,0,0,0,0,5.7,0,32.7,0,0,0,0,0,1,52,0,0,0,0,0,0.1,24.2,0,0.5,0,1.8,0,0,0,0,0,0,0,0,0,0,0,0.1,0,0,0,0,0,0,0,0,0,0,0,3.1,0,0,0,0,0,0,0,0,0,0,0,0.7,0,0,0,0,0,0,0,0,0,0,0,0,0,0,0,0,0,0,1,41.2,0.4,0,0.2,0,0,0,0.1,0,0,0,0,0,0,0,0,0,0,0,0,0,0,0,0,0,0,0,0,0,0,0,0,0,0,0,0,0
14.5,76.5,169,0,0,0,0,0,0,0,0,0,0,0,0,0,0,0,0,0,0,0,0,0,0,0,0,0,0,0,0,0,0,0,0,0,0,0,0,0,0,0,0,0,0,0,0,0,0,0,0,0,0,0,0,0,0,0,0,0,0,0,0,0,0,0,0,0,0,0,0,0,0,0,0,0,0,0,0,0,0,0,0,0,0,0,0,0,0,1.3,0,0,0,0,0,0,0,0,0,0,0,0,0,0,0,0,0,0,0,0,0,0.1,1,0,0,0,0,0,0,0,0,0,0,0,0,0,5.6,0.4,70.9,5.2,0,0,0,0,0,0,0,0,0,0,0,0,0,4.8,0,0,0,0,0,0,0,0,0,0,0,0,1.7,0,0,2.5,0,0,3,0,0,0,0,0,0,0,0.4,0,0,0,0,0,0,0,0,0,0,0.4,0.5,0.3,0,0,0,0,0,0,0,0,0,0,0,0,0,0,0,0,0,0.4,0,0.5,0.4,0,0,0,0.6,0.4,0,0,0,0.4,0.7,0,0,0,0,0,0,0,0,0,4.8,4,20.9,1.2,0,3.2,0.8,20.9,2.3,0,0,1,26.4,5.9,0,0,0,0,0,0,0,0.3,0,0,0,0,0,0,0,0,0,0,0,0.2,0.2,0,0,0,0.8,16,3,0.4,0,16.3,0.4,0.2,0,0.3,0,0,0,0,0,0,0,0,0,0,0,0,0,0,0,0,0,0,0,0,0,0,0,0,0,0,0,0,0,0,0,0,0,0,0,0,0,0,0,0,0,0,0,0,0,0,0,0,0,0,0,0,0,0,0,0,0,0,0,0,37.5,0,0,0,0,0,0,0,0,0,0,0,0,0.5,11.6,0,0.3,2.3,0,0,0,0,0,0,0,0,0,0,0,0,0,0,0,0,0,0
15.5,76.5,170,0,0,0,0,0,0,0,0,0,0,0,0,0,0,0,0,0,0,0,0,0,0,0,0,0,0,0,0,0,0,0,0,0,0,0,0,0,0,0,0,0,0,0,0,0,0,0,0,0,0,0,0,0,0,0,0,0,0,0,0,0,0,0,0,0,0,0,0,0,0,0,0,0,0,0,0,0,0,0,0,0,0,0,0,0,0,0,0,0,0,0,0,0,0,0,0,0,0,0,0,0,0,0,0,0,0,0,1.6,0,0,0,0,0,0,0,0,0,0,0,0,0,0,0,0.5,0,0,0,0,0,0,0,0,0,0,0,0,0,0,0,0,0,0,1.2,0,0,0,0,0,0.2,0,0,0,0,1.6,0,0,0,8.7,11.1,0,0,0,3.8,2.1,15.5,0,0,0,0,0,5.1,0.9,0,0,0.3,17.8,1.2,4.6,1.1,3.9,5.1,0,0,0,0,0,0,0,0,0,0,0,0.2,2.1,2,12.3,1.2,3.6,18.1,1,0.7,0,0,3.4,0,14.8,9.4,0,0,0.2,0,0,0,0,0,0,0,0,0,0,2.4,34.6,12.6,8.5,0,0.3,0,0,0,0,0,20.2,0,16.5,0.4,0,0,0,0,0,0.4,6.5,10.5,2.4,0,0,0,0.3,0,0,2,0,0,0,0,0,0,0,4.1,46.7,19.4,37.8,37.8,65.1,6.8,0,0,1.2,0,0,0,0,0,0,0,0,0,0,0,0,0,0,0,0,0,0,0,0,0,0,0,0,0,0,0,0,0,0,0,0,0,0,0,0,0,0,0,0,0,0,0,0,0,0,0,0,0,0,0,0,0,0,0,0,0,0,0,1.3,0,2.5,0,0,0,0,0,0,0,0,0,0,0.4,5,3.1,3.8,6.8,0.7,8.8,0,0,0.4,0,0,0,0,0,0,0,0,0,0,0,0,0,0,0
16.5,76.5,171,0,0,0,0,0,0,0,0,0,0,0,0,0,0,0,0,0,0,0,0,0,0,0,0,0,0,0,0,0,0,0,0,0,0,0,0,0,0,0,0,0,0,0,0,0,0,0,0,0,0,0,0,0,0,0,0,0,0,0,0,0,0,0,0,0,0,0,0,0,0,0,0,0,0,0,0,0,0,0,0,0,0,0,0,0,0,0,0,0,0,0,0,0,0,2.5,0,0,0,0,0,0,0,0,0,0,0,0,0,0,0,0,0,0,0,0,0,0,0,0,0,0,0,0,0,0.3,0,0,0,0,0,0,0,0,0,0,0,0,0,0,0,0,0,0,0,0,0,0,0,0,0,0,0,0,0,1.5,13.3,4.3,5.4,0.5,1.3,0,0,16.1,24.2,2.2,0,23.7,4.3,4.9,0,0.8,0,0,0,0,8.2,17.1,6,10.5,2.1,0,0.8,0.8,8.2,0,0,0,0,0,0,0,0,8,24.3,16.6,1.6,0.2,0.9,1.7,8.1,11.9,12.8,1.7,0,6.3,0,0.5,0,0.1,1,0,0,0,0,0,0,0,0,0,0,22.7,5,26,6.8,0,0,0,13.1,7.8,0.6,7.6,2.4,7.4,3.2,6.9,3.3,0,0,0,0,3.6,2.6,0.5,0,0,0,0,0,0,0,0,7.3,0,0,0,0,1,38.7,10.9,36.8,16.6,47.3,63,8.7,3.7,0.9,0,0,0,0,0,0,0,0,0,0,0,0,0,0,0,0,0,0,0,0,0,0,0,0,0,0,0,0,0,0,0,0,0,0,0,0,0,0,0,0,0,0,0,0,0,0,0,0,0,0,0,0,0,0,0,0,0,0,0,0,0,0,0,0,0,0,0,0,0,0,0,0,0,0,0,0,0.7,11.3,5.6,5.7,2.4,0,0,0,0,0,0,0,0,0,0,0,0,0,0,0,0,0,0
17.5,76.5,172,0,0,0,0,0,8.1,0,0,0,0,0,0,0,0,0,0,0,0,0,0,0,0,0,0,0,0,0,0,0,0,0,0,0,0,0,0,0,0,0,0,0,0,0,0,0,0,0,0,0,0,0,0,0,0,0,0,0,0,0,0,0,0,0,0,0,0,0,0,0,0,0,0,0,0,0,0,0,0,0,0,0,0,0,0,0,0,0,0,0,0,0,0,0,0,0,0,0,0,0,0,0,0,0,0,0,0,0,0,0,0,0,0,0,0,0,0,0,0,0,0,0,0,0,0,0,0,0,0,0,0,0,0,0,0,0,0,0,0,0,0,0,0,0,0,0,0,0,0,0,0,0,0,0,1.6,0,0,0,0,0,2.2,3,0,0.8,0,4.2,1.6,0.3,0.2,0,0,0,0,0,0,0,27.4,2,0.4,0.2,0.2,0,0.5,13,0.3,0.8,0.1,0,0,0,0,0,0,9.9,8.7,58.1,20.9,4.9,0,22.6,31,8,30.1,7.7,0,0,7.6,0,0,0,0,0,0.1,0,0,0,0,0,0,0,0,0.5,5.2,0.7,1.5,0,0,0,32.9,19.4,0.5,31.6,12.2,10.1,5.3,39.3,2.2,19.1,0,0,0,0,0.3,0,0,0.1,0,0,0,0,0,0,0,0,0,0,0,0,57.6,23.5,32.4,35.8,53.1,33,1.4,0,0,0,0,0,0,0,0,0,0,0,0,0,0,0,0,0,18.3,0,0,0,0,0,0,0,0,0,0,0,0,0,0,0,0,0,0,0,0,0,0,0,0,0,0,0,0,0,0,0,0,0,0,0,0,0,0,0,0,0,0,0,0,0,0,0,0,0,0,0,0,0,0,0,0,0,0,0,0,0,0,7.2,0.9,0.3,0,0,0,0,0,0,0,0,0,0,0,0,0,0,0,0,0,0
18.5,76.5,173,0,0,0,0,0,0,0,0,0,0,0,0,0,0,0,0,0,0,0,0,0,0,0,0,0,0,0,0,0,0,0,0,0,0,0,0,0,0,0,0,0,0,0,0,0,0,0,0,0,0,0,0,0,0,0,0,0,0,0,0,0,0,0,0,0,0,0,0,0,0,0,0,0,0,0,0,0,0,0,0,0,0,0,0,0,0,0,0,0,0,0,0,0,0,0,0,0,0,0,0,0,0,0,0,6.6,0,0,3.9,0,0,0,0,0,0,0,0,0,0,0,0,0,0,0,0,0,0,0,0,0,0,0,0,0,0,0,0,0,0,0,0,0,0,0,0,0,0,0,0,0,0,0,0,0,5.4,0,0,0,0,0,18.6,0.8,8.6,2.3,10.9,17.1,0.5,2,3.5,0.3,0,0.4,11.7,3.9,2.8,1.2,33.6,6.7,19.1,0.5,8.8,1.7,1.2,21.3,3.9,3.2,0.5,0,0,0,0,0.7,0.2,18.1,43.2,33.8,38.3,0.2,1.1,12.3,7,6.2,2.7,3.1,0.9,0,0,0,0,0.2,0,0,0,0,0,0,0,0.3,4.5,0,0,0,6.7,7.3,0.4,0,5,0,10.1,6.8,5.6,14.2,6.9,4.7,29.4,8.4,28.8,2.3,5.7,0.5,1.7,0.5,0,0,0,2.7,0,0,0,0,0,0,0,0,3.5,5.4,0.7,12.8,12.9,4.8,6.7,2.6,0,20.4,15.1,0.6,0,0,0,0,0,0,0,0,0,0,0,0,0,0,0,0,0,0,0,0,0,0,0,0,0.2,0.9,0,0,0,0,0,0,0,0,0,0,0,0,0,0,0,0,0,0,0,0,0,0,0,0,0,0,0,0,0,0,0,0,0,0,0,0,0,0,0,0,0,0,0,0,0,0,0,0,0,0,0,0,0,4.5,4.1,0,0,0,0,0,0,0,0,0,0,0,0,0,0,0,0,0,0,0
19.5,76.5,174,0,0,0,0,0,0,0,0,0,0,0,0,0,0,0,0,0,0,0,0,0,0,0,0,0,0,0,0,0,0,0,0,0,0,0,0,0,0,0,0,0,0,0,0,0.2,0,0,0,0,0,0,0,0,0,0,0,0,0,0,0,0,0,0,0,0,0,0,0,0,0,0,0,0,0,0,0,0,0,0,0,0,0,0,0,0,0,0,0,0,0,0,0,0,0,0,0.5,0,0,0,0,0,0,0,0,0,1.8,0.4,0.2,0,0,0,0,0,0,0,0,0,0,0,0,1.1,0,0,0,0,0,0,0,0,0,0,0,0,0,0,0,0,0,0,0,0,0,0,0,0,0,0,0,0,0,0,0,0,0.3,0,0,0,0,0,2.5,5,4.4,15.8,6.2,3.6,0.8,0.7,0,0.7,8.1,1.2,0.3,6.5,3.5,5.6,8,9.3,3.9,1.8,0,0,4.7,11.9,35.8,24.7,2.1,0.3,0,0,0,3,0,2.1,1.5,21.5,62.5,20.5,0,0.9,3.4,2.1,5,3.6,1.6,0,0,1.6,2.2,0,0,0,0,0,1.6,0,0,6.7,0.3,0,0,0,2.7,3.1,15,0,4.1,15,2,4.8,2,12.6,37.2,18.9,14.8,15.7,10.9,26.8,21.9,3.1,0.6,2.2,1.9,0,3.2,0.5,1.9,0.2,0,0,0,0,0,0,0,1.2,0.2,1.9,1.9,0.2,1.9,9.1,0,34.4,10.2,0,0,0,0,0,0,0,0,0,0,0,0,0,0,0,0,0,0,0,0,0,0,0,0,0,23.1,0.3,0,0,0,0,0,0,0,0,0,0,0,0,0,0,0,0,0,0,0,0,0,0,0,0,0,0,0,0,0,0,0,0,0,0,0,0,0,0,0,0,0,0,0,0,0,0,0,0,0,0,0,0,1.2,1.6,3.6,0,0,0,0,0,0,0,0,0,0,0,0,0,0,0,0,0,0,0
20.5,76.5,175,0,0,1.2,0.6,0,0.6,0,7.7,51.1,0,0,0,0,0,0,0,0,0,0,0,0,0,0,0,0,0,5.7,0,0,0,0,0,0,0,0,0,0,0,0,0,0,0,2.4,0.7,0,0,0,0,0,0,0,0,0,0,0,0,0,0,0,0,0,0,0,0,0.3,0,0,0,0,0,0,0,0,0,0,0,0,0,0,0,0,0,0,0,0,0,0,0,0,0,0,0,0,0,0,0,0,0,0,0,0,0,0,0,0,0,0,0,0.3,0,0,0,0,0,0,0,0,0,0,0,0,0,0,0,0,0,0,0,0,0,0,0,0,0,0,0,0,0,0,0,0,0,0,0,0,0,0,0,0,0,0,0,0,0,0,4.4,0,0,0,0,0,13.3,0.4,0.1,0.3,6.1,0,5.5,0,0,0,8.1,9.7,2,2.4,0,0,0,0,0,0,3.9,11.1,2.7,5.4,1.6,0.2,0,0.8,0,1,0.7,0,0,0,51.4,87.2,3.5,6.8,0.3,30.9,11.1,6.5,4.6,14.9,2.3,1.5,14.3,5.7,2.2,1.7,3,2.5,1.7,0,0,0,5.1,0,0,0,0,2.7,2.4,0,1.8,6.6,0.1,30,3.9,8.1,53,78.6,9.7,10.3,6.9,6.3,8.1,13.4,1.5,2.1,2,0,0,3.8,2.1,1.8,0,0,10.5,0,0,0,0,0,0,0,0,0,0,0,0,0,1.3,0,0,0,0,0,0,0,0,0,0,0,0,0,0,0,0,0,0,0,0,0,0,0,0,0,0.7,0,0.5,0.1,0,0,0,0,0,0,0,0,0,0,0,0,0,0,0,0,0,0,0,0,0,0,0,0,0,0,0,0,0,0,0,0,0,0,0,0,0,0,0,0,0,0,0,0,0,0,0,0,0,0,0,0,0,2.8,0.1,0,0,0,0,0,0,0,0,0,0,0,0,0,0,0,0,0
21.5,76.5,176,0,1.2,0.4,0,0,0,0.2,1.1,3.2,0,0,0,0,0,0,0,0,0,0,0,0,0,0,0,0,0,0,0,0,0,0,0,0,0,0,0,0,0,0,0,0,0,0,0,0,0,0,0,0,0,0,0,0,0,0,0,0,0,0,0,0,0,0,0,0.3,0,0,0,0,0,0,0,0,0,0,0,0,0,0,0,0,0,0,0,0,0,0,0,0,0,0,0,0,0,0,0,0,0,0,0,0,0,0,0,0,0,0,0,0,0,0,0,0,0,0,0,0,0,0,0,0,0,0,0,0,0,0,0,0,0,0,0,0,0,0,0,0,0,0,0,0,0,0,0,0,0,0,0,0,0,0,0,0,0,0.6,0.7,0,0,0,5.1,0,0,0,0.5,0,4.6,3.1,11.2,0,0,13.8,9.2,23.8,5,0,0,0,0,0,0,0,1.9,0.9,1.1,9.4,0.6,0,0,0.4,0,0.7,0,0,0,0.9,20.4,40.4,0.3,0.1,24.3,15.3,17.9,3.7,1,1,7.9,4.4,20,19.9,3.5,1.2,4.5,1.2,0,2.4,0.6,1.2,0.7,0,0,0,0,0,0,22.1,4.4,7.5,12,4,0,0,15,30.9,0.8,4.9,7,103.8,2,4.2,3.5,5.1,0.2,0,1.6,11.8,36.4,1.6,2.5,2.3,0,2.1,0,0,0,1.5,0,0,0,0,0,0,0,0,0,0.3,0,0,0,0,0,0,0,0,0,0,0,0,0,0,0,0,0,0,0,0,0,0,0,0.7,0,0,0,0,0,0,0,0,0,0,0,0,0,0,0,0,0,0,0,0,0,0,0,0,0,0,0,0,0,0,0,0,0,0,0,0,0,0,0,0,0,0,0.9,0,0,0,0,0,0,0,0,0,0,0,0,0,9,8.9,0.4,0,0,0,0,0,0,0,0,0,0,0,0,0,0,0,0,0
22.5,76.5,177,0,0,1.3,0,0,0,0,0,0,0,0,0,0,0,0,0,0,0,0,0,0,0,0,0,0,0,0,0,0,0,0,0,0,0,0,0,0,0,0,0,0,0,0,0.2,0,0,0,0,0,0,0,0,0,0,0,0,0,0,0,0,0,0,0,0,0,0,0,0,0,0,0,0,0,0,0,0,0,0,0,0,0,0,0,0,0,0,0,0,0,0,0,0,0,0,0,0,0,0,0,0,0,0,0,0,0,0,0,0,0,0,0,0,0,0,0,0,0,0,0,0,0,0,0,0,0,0,0,0,0,0,0,0,0,0,0,0,0,0,0,0,0,0,0,0,0,0,0,0,0,0,0,7.7,4.2,0,0,0,0,0,0,0.3,0,0,0,0,0,1.2,0.9,1,0,0,1,14.1,29.1,0,0,0,0,0,0,0,0,15,8.6,6.4,2.3,12.7,0.2,0,0,0.5,0,1.2,0,0,7.2,10.8,1.4,8.6,0.6,7.4,3.6,10.7,1.1,0.6,0,5.8,10.7,28,40.8,18.8,9.7,2.3,0,0,0,0.3,0,0,0,0,0,0,0,10.4,4.8,0.2,16.8,1.5,2.1,2.1,1.5,12.5,9,17.6,2.6,23.2,9.2,16.1,3.2,2.8,9.2,0,0,2.3,19.2,58,16,0,0,4.2,4.8,5.3,0,5.8,1,0,0,0,0,0,0.7,0,0,0,0,0,0,0,0,0,0,0,0,0,0,0,0,0,0,0,0,0,0,0,0,0,0,0,0,0.4,0,0,0,0,0,0,0,0,0,0,0,0,0,0,0,0,0,0,0,0,0,0,0,0,0,0,0,0,0,0,0,0,0,0,0,0,0,0,0,0,1.1,1.8,0,0,0,0,0,0,0,0,0,0,0,0,0,5.2,18.4,0,0,0,0,0,0,0,0,0,0,0,0,0,0,0,0,0,0
23.5,76.5,178,0,0.3,3.3,0,0,0,0,0,0,0,0,0,0,0,0,0,0,0,0,0,0,0,0,0,3.3,0,0,0,0,0,0,0,0,0,0,0,0,0,0,0,0,0,0,0,0,0,0,0,0,0,0,0,0,0,0,0,0,0,0,0,0,0,0,0,0,0,0,0,0,0,0,0,0,0,0,0,0,0,0,0,0,0,0,0,0,0,0,0,0,0,0,0,0,0,0,0,0,0,0,0,0,0,0,0,0,0,0,0,0,0,0,0,0,0,0,0,0,0,0,0,0,0,0,0,0,0,0,0,0,0,0,0,0,0,0,0,0,0,0,0,0,0,0,0,0,0,0,0,0,0,0,1.2,0,0,0,0,0,0,0,0,0.4,0,0,0,0,0,1.4,0,0,1.7,34.2,37.4,21.8,2.1,0,0,0,0,0,0,0,0,0,1.7,3.4,1.5,1.2,0.1,0,0,0,0.5,0,0.4,3.4,1.7,2.3,4.8,0,0,2.3,34.7,2.6,1.1,0,0,1.4,6.6,95.5,52.3,4.4,5.5,0.5,0,0,0,0,0,0,0,0,0,0,10.3,3.5,0,0.4,5,0.3,0,0,1.9,1.4,4.9,5.7,0.7,15.4,2.1,20.7,1.8,0,0,0,0,0,34.1,9.7,0,0.2,4.2,4.6,0,0,0,0,0,0,0,0,0,0,0,0,0,0,0,0,0,0,0,0,0,0,0,0,0,0,0,0,0,0,0,0,0,0,0,0,0,0,0,0,0,0,0,0,0,0,0,0,0,0,0,0,0,0,0,0,0,0,0,0,0,0,0,0,0,0,0,0,0,0,0,0,0,0,0,0,0,0,0,0,0,0,0,0,0,0,0,0,0,0,0,0,0,0,0,3.5,0,0,0,0,0,0,0,0,0,0,0,0,0,0,0,0,0,0
33.5,76.5,179,0,0,4.9,4.7,0.5,0,0,0,0,0,0,0,0,0,0,0,0,3.4,29.9,12.2,0,1.9,2.6,0,0,0,0,0,0,0.9,0,4.7,6.8,31.8,55.3,6,2.9,0,0,0,0,1.7,12.4,50.7,3.4,0.7,16.9,21.5,17.5,9.6,2.5,0.8,0,0,0,0,0,0,0,0,0,0.6,0,0,0,26.2,10.8,3.2,0.4,0,0,0,0,0,0,9.5,52.8,21.8,9.1,6,3.2,2.8,7,10.3,0.8,2.6,0,0,0,20.4,27.1,4.3,0.7,0.9,0.3,5.4,10.1,4.6,3.7,0,3.9,3.6,3.1,1.1,4,0,1.4,26.8,9.3,6.9,4.7,0,17.8,20.8,13.9,0.3,0,0,0,0,0,0,0,0,0,33,12.7,7.8,3.5,0,0,0.2,0.5,0.2,0,0,0,0,0,0,21.4,49.1,43.1,7.6,0.3,0,0,0,0,0,0,0,0,0,0,4,0.9,1.4,0,0.7,0,0,0,0,0,0,0,0,0,0,0,8.2,2.9,3.8,0,0,0,0,0,4.4,4.9,16.6,8.7,0.1,0.5,0.4,0,0,1.4,19.4,7,0,0,0,28.3,20.1,15.2,9.5,19.5,8.3,0.8,32.1,51,13.6,4.8,33.6,12.5,27.1,8.9,7.6,27.2,14.6,3.7,13.6,4.2,2.2,0,0,0,0,0,0.3,3.6,0.5,0,0.5,4.2,0,2.4,0,0,23.4,30.3,6.7,2.6,4,5.2,26.8,4.9,4.3,3.8,0,15.1,6.2,6,10.6,7,1.4,0,0,0.1,0,0,0,0,0,0,0,0,0,0,0.5,2.5,4,0.1,0,0,0,0,0,0,0,0,0,0,1.7,0.3,0,14.8,1,0,0.8,0,0,1.4,3,1.3,0,0,0.2,0,3,9.5,0,0,0,0,0,0,0,0,0,0,0,0,0,0,0,3.4,2.3,0,0,0,0,0,0,2.4,10,0.2,0,0,0,0,0,0,0,0,0,1.2,0,0.4,0,0,0,0,0,0,0,0,0,0,0,0,0,0,0,0,0,0,0,0,0,0,0,0,0,13.7,18.4,3.4,0,0,0,0,0,0
34.5,76.5,180,0,0,20.4,1,4.5,0,0,0,0,0,0,0,0,0,0,0,0,0,20,79.3,0,9.7,12.8,3,0,0,0,0,0,7.5,0,0,4.2,18.1,56.4,27.2,2.1,0,0,0,0,0.7,6.7,23.7,11.1,0,11.6,45.7,41,54.2,10.2,0.3,0,0,0,0,0.9,0,0,0,0.4,0.3,0,0,0,0.5,37.7,14.2,4,0,0,0,0,0,0,0,49,28.6,2.3,0.3,2.8,3.4,1.3,1.1,0,12.3,0,0,0,3.4,36,3.3,0,9.5,2.3,2.3,30.4,24.3,45.3,0,0.1,3.4,27.9,7.3,0.7,2,2.3,13.4,11.3,10.3,0.8,0,12,38.2,17.6,3,0,0,0,0,0,0,0,0,0,12.8,31.2,14.7,4.7,3.1,0,1.8,9.8,0,0,0,0,3.5,0,0,1.1,45.2,95.7,17.7,5,0,0,0,0,0,0,0,0,0,0,2.2,16.9,12.6,0,8.3,6.5,0,0,0,0,0,0.8,0,0,0,0,0,0,0.2,0,0,0,0,0,0,0,0,1.5,0,0,3.3,0,0,0,2.7,2.5,0.5,0,0,0,0,0,7.9,9.8,9.2,0,0,0,0,0,4.1,0.2,7.1,20,7.5,0,1.9,0.1,1.5,0,0.4,0,0,0,0.2,0,0,0.3,0.5,0,2.5,0.5,0,0,0,0,0,0.8,4.5,2.9,12.4,6.7,0.3,0,2.8,0,0.5,0,0,0,0,0,0,0,0,0,0,0,0,0,0,0,0,0,0,0,12.3,0,0,0.4,0.6,0,0.3,0,0,0,0,0.2,0,0,19.1,2.7,0,0,7.7,0,0,0,0,0,0,1.1,0,0,0,0,0.4,0,0,0,0,0,0,0,0,0,0,0,0,0,0,0,0,4.7,35.2,0,0,0,0,0,0,0,36.8,1.6,0,0,0,0,0,0,0,0,0,0,0,2.5,0,0,0,0,0,0,0,0,0,0,0,0,0,0,0,0,0,0,0,0,0,0,0,0,0,0,36.3,24.3,0,0,0,0,0,0
35.5,76.5,181,0,0,18.3,1.7,3.2,0,0,0,0,0,0,0,0,0,0,0,0,0,22,84.3,0,9.8,12.9,4.6,0,0,0,0,0,5.3,0,0,3.2,12.2,52.4,26.7,2.2,0,0,0,0,0.3,6.3,24.6,9.7,0,8.6,33.7,38.5,54.8,10.6,0.6,0,0,0,0,0.9,0,0,0,0.7,0.6,0,0,0,0.2,39.5,14.9,2.9,0,0,0,0,0,0,0,55,27.1,2.1,0.2,2.2,3.9,1.2,0.7,0,8.2,0,0,0,2.5,26.3,2.3,0,8.4,1.4,3.1,29.7,24.9,44.3,0,0.2,3.8,31.1,4.5,0.7,3.3,3.6,11.8,8.3,8.9,0.9,0,12.1,34.7,18,2.3,0,0,0,0,0,0,0,0,0,12.8,32.6,15.2,4.7,5.2,0,1.7,11.8,0,0,0,0,5.7,0,0,1,44.5,91.8,17.8,5.8,0,0,0,0,0,0,0,0,0,0,1.9,20.5,10.5,0,8.2,10.7,0,0,0,0,0,1.3,0,0,0,0,0,0,0,0,0,0,0,0,0,0,0,2.4,0,0,5.2,0,0,0,2.9,4.2,0.8,0,0,0,0,0,5.8,5.8,6.5,0,0,0,0,0,2,0,4.4,12.2,7.2,0,2,0,1.1,0,0.7,0,0,0,0.3,0,0,0.3,0.9,0,4.2,0.2,0,0,0,0,0,1.3,2.3,2.5,11.3,9.6,0.6,0,4.6,0,0.9,0,0,0,0,0,0,0,0,0,0,0,0,0,0,0,0,0,0,0,16.2,0,0,0.5,0.3,0,0.4,0,0,0,0,0.3,0,0,17.7,2.3,0,0,5,0,0,0,0,0,0,0.6,0,0,0,0,0.7,0,0,0,0,0,0,0,0,0,0,0,0,0,0,0,0,5.5,39.5,0,0,0,0,0,0,0,22.8,1.4,0,0,0,0,0,0,0,0,0,0,0,1.3,0,0,0,0,0,0,0,0,0,0,0,0,0,0,0,0,0,0,0,0,0,0,0,0,0,0,32.3,26.9,0,0,0,0,0,0
8.5,77.5,182,0,0,0,0,0,0,0,0,0,0,0,0,0,0,0,0,0,0,0,0,0,0,0,0,0,0,0,0,0,0,0,0,0,0,0,0,0,3.9,0,0,0,0,0,0.4,0.7,9.6,0.4,0,0,0,4.1,0,0,0,0,0,0,0,0,0,0,5.9,0,0,0,0,0,0,0,0,0,0,0,0,0,0,0,0,6.3,28,0,0,0,0,0,5.2,2.2,0,0,5.1,2.5,9.7,0,0.5,9.3,5.9,0,0,2.8,0,0,0,0,0,0.5,6.8,0,1.9,25.3,1.9,2.1,9.7,0,21.2,0,2,9.7,19.8,9.4,0,11.3,6.8,8.7,28.2,8,0,0,2.9,0,0,0,0,0,0,11.8,34.4,3.6,0.8,12.2,0,5.2,0,3.1,0,22,0,0,0,0,0,0,0,0,0,3.1,6.9,8.4,8.5,0.4,31.3,0.4,3.2,3.9,0,3,14,0.8,0.2,22.6,51.8,7.3,13.9,5.9,0.2,0,0,0.1,0,0,0.8,0,0,0,0,0,0,0,0,0,0,0,0,0,0,0,6.2,3.1,8.5,9.9,0,0,0,0,0,0,0,0,0,0,11.2,23.4,5.6,0,0,0,0,0,3.3,0,2.1,0,0,1.7,2,1.2,5,1.4,0,0,0,0,2.2,0.9,0,0,0,1.6,0.7,0.4,1.6,0,0,0,0,0,0,0,0,0,0,0,0,0,0,4.6,0,0,3.8,0,0,0,0,0,0,0,1.4,0,0,0,11.4,0,0,7.3,0,3.9,7.1,3.5,18,5.6,0,0,3.7,0,1.8,31.9,2.1,1,12.6,3.4,2.9,11.8,9.8,0.7,1.4,0.9,23.5,125.7,2.5,0,0.3,0,2.7,0,0,2.8,0,3.6,23.5,5.5,13.3,0,0,16.9,11.7,18.3,37.5,0,0,0,0,0,0,0,0,0,3.9,12.8,12.6,25.7,8.9,3.5,0.6,3.4,10.1,5.9,8.6,25.4,60.3,4.2,5.3,64.9,32.9,33.8,19.4,1.4,0,0,0,0,0,0,0,0,5.1,16.8,12.1,1.4,0,0,1.1,5.7,1.8,2.9,0,0
9.5,77.5,183,0,0,0,0,0,0,0,0,0,0,0,0,0,0,0,0,0,0,0,0,0,0,0,0,0,0,0,0,0,0,0,0,0,0,0,0,0,0,0,0,1.5,0,0,0,0,4.9,0,0,0,0,0,0,0,0,0,0,0,0,0,0,0,9,3.6,0,0,0,0,0,0,0,0,0,0,0,0,0,0,0.3,9.9,3.2,3,0,0,0,1.5,0,0,0,0,0,0,0,0,6.5,0.2,0,0,0,0,0,0,0,0,0,3.2,0,7.4,0.5,0,0.2,0,0,0,0,0,0,0,1.2,1,30.3,7.9,0,3,0,4.9,17.3,0.3,3.5,0,3,0,0,0,0,4,0,3.6,0,7.7,0,2.2,3.9,0,0,11.6,0,0,0,0,0,0,0,0,0,2.2,1.1,0,0,0,0,0,0,0,0,0,0,0,0,0.7,0,0,0,0,0,0,0,0,0,0,0,0,0,0,0,0,0,0,0,0,0,0,0,0,2.2,2.5,0.7,1.4,0.2,0.2,4.3,0,0,0,0,0,0,0,0,0,0,2.6,0,0,0,0,0,4.8,0,0,5.4,0,0,2.1,8.7,19,0,1.1,0,0,0,0,0,0,0,0,0,0,0,0,19.4,0.9,0,0,0,0,0,0,0,0,0,0,0,0,0,0,0,0,5.5,0,0,0,0,0,0,0,14.8,2.4,17.9,7.2,20.2,0,0,2,1.4,1.9,0,4.9,43.9,22.6,4,0,0,0,0,0.3,0,0,0.3,13.9,2.5,36.3,43.8,1.2,1.5,6.1,22.5,2,6,7.2,0,0,0,0,0,0,0,0,0.6,9.9,13,0,0,0,0.1,0,0,0,0,0,0,0,0,0,0,0,0,11.2,55.6,1,14.6,0.5,0,0.5,13.1,2.8,14.2,10.6,3.3,1.6,5.5,0.9,13.7,8.1,1.6,0,0,0,0,0,0,0,0,0,0,0,0,0,0,0,0.4,1.5,0,0,0,0
10.5,77.5,184,0,0,0,0,0,0,0,0,0,0,0,0,0,0,0,0,0,0,0,0,0,0,0,0,0,0,0,0,0,0,0,0,0,0,0,0,0,0,0,0,0,0,0,0,0.6,0,0,0,0,0,0,0,0,0,0,0,0,0,0,0,0,0,0,0,0,0,0,0,0,0,0,0,0,0,0,0,0,0,0,0,0,0,0,0,17,0,0,0,0,0,2.9,0,0,0,1.5,5.9,0,0,0,0,0,0,0,0,0,0,0,0.2,3.3,4.2,0,1.3,0,0,0,0,0,0,0.3,4,0.4,0,0,0,6.2,1.3,0.5,0,0,0,0,0,17,0,0,0,0,0,0,0,0,1.4,0,13.9,1.7,0,0,0,0.2,0,0,0,0,0,1.8,0,0,7.4,0,0,0,0,0,0,0,0,0,0,0,0,0,0,0,0,0,0,0,0,0,0,0,0,0,0,0,0,0,0,0,0,0,0,0,0,0,0,0,0,0,0,0,0,0,0,0,0,0,0,0,0,0,0,0,0,0,0,0,0,0,0,0,4.6,6.8,5.3,10.5,0.1,0,0,0,0,0,0,0,0,0,0,0,0,0.2,0.3,7,0,0,0,0,0,0,0,0,0,0,0,0,0,0,0,0,1.2,0,1.1,2.3,0,0,0,0,2.3,32,4.3,4.2,17.2,1.8,0,13.7,0.1,0,0,1.9,0,0,0.2,0,0,0,0,0,0.7,4.9,11.3,0,3.3,21,35.8,4.8,0,1.3,4.5,8.4,0,19.6,1.8,0,0,0,0,0,0,0,4.7,0.3,0,0,0,0,6.2,0,0,0,0,0,0,0,0,0,0,0,0,0.8,1,8.5,0.6,0,0.2,13.1,11.3,26.2,28.7,13.9,44.5,38.3,21.5,12.1,4.5,0.8,0.8,0,0,0,0,0,0,0,0,0,0,0,0,0,0,0,1.4,0,1.5,0,0,0
11.5,77.5,185,0,0,0,0,0,0,0,0,0,0,0,0,0,0,0,0,0,0,0,0,0,0,0,0,0,0,0,0,0,0,0,0,0,0,0,0,0,0,0,0,0,1,0,0,0,0,0,0,0,0,0,0,0,0,0,0,0,0,0,0,0,0,0,0,0,0,0,0,0,0,0,0,0,0,0,0,0,0,0,0,0,0,0,0,1,0,0,0,0,0,5.7,0,1.9,0,1.2,5.9,0,0,0,0,0,0,0,0.3,0,2.9,0.2,0,2.5,18,0,4.1,0,0,0,0,0,0,2.7,0,0,0,0,2.7,0,25.7,0,0.6,0,0,0,0,0,0.2,7.9,0,0,0,0,0.6,2.7,0,0,1.2,9.8,0,0,0,0,0,0,0,0,0,0,1.5,0,2.8,0,0,0,0,5.2,0,0.4,0,0,0,0,0,0,0,0,0,0,0.7,0,0,0,0,0,0,0.1,6.3,0,1.3,0.5,0,0,0,0,0,0,0,0,1.5,1.5,0,1.7,0,0,0,0,0,0,1.9,0,0,0,0,0,3.7,0,0,0,6.3,1.5,0,1.2,0.7,16.7,6.7,8.7,0.6,9.6,0.5,1,7.3,0,0,4.9,12.3,20.2,0,0,0,0.1,0.2,0.2,31.3,7,0.1,9.5,0,0,0,0,0,0,0,0,0,1.5,1,18,19.8,21.6,0,0,0.6,13.1,21.7,0,0,1.7,0,0,0.9,32.8,8.4,0,0.2,1.4,0.7,6.8,0,1,14,0.7,0,0,0,0,0,0,7.9,0,6.3,13.6,3.3,17.4,18.2,24.8,2,0,0.4,5.9,1.5,0,0,0,0,0,0,0,0,0,0.3,2.6,0,0.3,0,0,2.4,0,0,0,0,0,0,0,0,0,0,0,0,0.9,67.9,0.2,1.1,0.4,0,0,3.9,1.9,6.7,0.2,3.6,6.2,2.2,4.1,3.1,8.6,4.4,0,0,0,0,0,0,0,0,0,0,0,0,0,0,0,0,0,0,0,0,0
12.5,77.5,186,0,0,0,0,0,0,0,0,0,0,0,0,0,0,0,0,0,0,0,0,0,0,0,0,0,0,0,0,0,0,0,0,0,0,0,0,0,0,0,0,0,0,0,0,0,0,0,0,0,0,0,0,0,0,0,0,0,0,0,0,0,0,0,0,0,0,0,0,0,0,0,0,0,0,0,0,0,0,0,0,0,0,0,0.3,1.2,1,0,2.4,0,1.2,0,0,0,0,0.3,4.7,0,0,0,0,0,0,0,0,0,0,0,0,19.5,13.4,0,0,0,0,0,0,0,0,0,0,0,0,0,1.1,0,0.6,0,0.4,0,0,0,0,0,0,0,0,0,1.4,1.9,0.8,12.9,0,1.3,0,0,2.8,0,0,0,0,0,0,0,7.4,0,0,0,0,0,1.9,1.1,0,0.2,11.7,0,0,0,0,0,0,0,0.3,0,0,0,0,0,0,0,0.6,0,0,1.1,0.4,0,0.2,0,0,0,0,0,0,0,0,0,0.1,1.3,3.8,1.5,5.6,0.4,0,0,0,1.4,23.5,0.6,0,0,0,0,0,0,0,0.9,0.6,0,0,0,0,0,17.1,18.5,19.6,3.2,8.8,0,0,0,0,2.6,4.7,1.9,4.9,2,0,0,0,2.4,9.8,1.5,3.4,1.1,5.2,0,0,0,0,0,0,0,0,0,0,0,1.1,0,0,0,0,3.7,1.3,10.6,1.5,0.1,0,0,1.2,0.1,1.9,0,0,0,0,0,0,0,0,0,0,0,0,0,0,0,0,2.4,0,0.4,0,0,0,0,0,0.4,2.3,4.8,0,0,0,0,0,0,0,0,0,0,4.9,0.1,5.7,0,0,0,0,0,0,0,0,0,0,0,0,0,0,0,0,0,0,4.9,4.8,9.5,0,0,0.4,0,0,0,1.4,1,0.4,0.4,5.9,27.1,4.6,0,0,0,0,0,0,0,0,0,0,0,0,0,0,0,0,0,0,0,0,0
13.5,77.5,187,0,0,0,0,0,0,0,0,0,0,0,0,0,0,0,0,0,0,0,0,0,0,0,0,0,0,0,0,0,0,0,0,0,0,0,0,0,0,0,0,0,0,0,0,0,0,0,0,0,0,0,0,0,0,0,0,0,0,0,0,0,0,0,0,0,0,0,0,0,0,0,0,0,0,0,0,0,0,0,0,0,0,0,0,0,0,0,0,0,0,0,0,0,0,0,0,0,0,0,0,0,0,0,0,0,0,0,2.3,7.7,3.4,0,10.1,0,0,0,0,0,0,0,0,0,0,0,0.5,0,0.2,0,0,0,0,0,0,0,0,1.4,0,28.5,0,0,0,0,0,0,0,0,0,0,0,0,0,0,0.5,0,2.7,0,0,1.6,0,0,0,1.5,0,0,6.5,3.9,0,0,0,0,0,0,0,0,0,0,0,1.4,0,0,0,0,0.3,5.6,0,0,0,0,0,0.2,0,0,0,0,0,0,0,0,0,0.2,0,0.3,0,0.6,0.5,0,0,0,0.3,0,0,0,0,1.3,0,0,0,0,0.5,0,0,0,50.2,8.2,0,3.1,0.5,5.1,0,0,0,0.2,8.2,3.9,8.3,4.5,11.4,0.8,0,4.9,0.5,0.4,0,0,0,0,0,0,0,0,0,0,0,0,0,0,0,0,0,0.7,0.9,6.6,18.1,7.9,0.3,0,0,0,0,3.4,0,0,0,0,0,0,0,0,0,0,0,0,0,0,0,0,0,0.9,0,1.4,2.6,0,0,0,0,0,0,0,0,0,0,0,0,0,0,0,0,0,0,0,0,0,0,0,0,0,0,0,0,0,0,0,0,0,0,0,0,0,0.5,4.9,0.4,0,0,0.5,0,0,0,0,0,0,0,0,0,0,1.7,0,0,0,0.4,0,0.7,0,0,0,0,0,0,0,0,0,0,0,0,0,0,0
14.5,77.5,188,0,0,0,0,0,0,0,0,0,0,0,0,0,0,0,0,0,0,0,0,0,0,0,0,0,0,0,0,0,0,0,0,0,0,0,0,0,0,0,0,0,0,0,0,0,0,0,0,0,0,0,0,0,0,0,0,0,0,0,0,0,0,0,0,0,0,0,0,0,0,0,0,0,0,0,0,0,0,0,0,0,0,0,0,0,0,0,0,0,0,0,0,0,0,0,0.3,0,0,0,0,0,0,0,0,0,0,0,0,1.6,5.6,7.1,0,0,0,0,0,0,0,0,0,0,0,0,0,0.3,3.9,1.2,0.7,0,0,0,0,0,0,0,0,0,0,0,0,1.6,0,0,0,0,0,0,0,0,0,0,0,0,0.3,1.1,4.1,2.4,0.5,15.1,0,0,0,0.6,0.3,5.9,0,0,0,0,0,0,0,0,0,0,0,0,0,1.3,4.3,0,0,0.7,0,0,0,0,0,0,0,0,0,0,0,1,0.2,0.9,0.4,0.2,0,1.6,0,0,0,0,0.4,7.5,0,0,0,0.1,2.2,0.6,1.3,0,0,0,0,0,3.5,3.9,18.7,21.6,0,0.7,26.9,3.8,0,3.5,1.9,0,1.2,20.9,14.4,0,0,0.3,0,1.1,0,0,0,2.2,1.2,0.3,0,0,0,0,0,1.2,0,0,1.3,0,1,0,0,3.2,10.3,39,19.3,15.8,9.9,0.2,0,5.4,0,0,0,0,0,0,0,0,0,0,0,0,0,0,0,0,0,0,0,0,0,0,0,0,0,0,0,0,0,0,0,0,0,0,0,0,0,0,0,0,0,0,0,0,0,0,0,0,0,0,0,0,0,0,0,0,0,0,0,0,0,0,0,0,1.1,0,0,0,0,0,0,0,0,0,2.5,6,15.6,0.6,19.3,0.5,0,0,0,0,0,0,0,0,0,0,0,0,0,0,0,0,0,0
15.5,77.5,189,0,0,0,0,0,0,0,0,0,0,0,0,0,0,0,0,0,0,0,0,0,0,0,0,0,0,0,0,0,0,0,0,0,0,0,0,0,0,0,0,0,0,0,0,0,0,0,0,0,0,0,0,0,0,0,0,0,0,0,0,0,0,0,0,0,0,0,0,0,0,0,0,0,0,0,0,0,0,0,0,0,0,0,0,0,0,0,0,0,5.8,0,0,0,0,0,0.2,0,0,0,0,0,0,0,0,0,0,0,0,12.4,2.6,0,0,0,0,0,0,0,0,0,0,0,0,0,2.9,7.5,0,7,0,0,0,0,0,0,0,0,0,0,0,0,0,0,0,0,0,0,0,0,0,0,0.3,0,0,0,0,1.7,13.5,0.3,0,44.5,5.7,7.3,0,0,6.4,22.1,0.3,0,0,0,0,0,0,0,0,0.6,4.4,3.7,3.7,15.8,1.2,4.8,0.2,1.4,1.5,0,0,0,0,0,0,2,0,6.8,18.2,27.3,4.5,1.1,0,0,0,0.4,4.9,3.7,0.6,2.4,5.9,0.7,0.4,2,0,0,0,0.1,0,0.4,0.5,0,0,0,0.6,5.3,28.1,27.7,0,1.8,0,6.4,0,13.3,0.3,0,1.3,36.3,8.4,18.4,0,0,0,0.4,0,0,0,1.2,153.7,0,0,0,0,0,0,0,0.8,2.9,0,0,0,0,4.6,2,3.6,37.3,15,24.9,12.2,2.3,2.7,4.7,0,0,0,0,0,0,0,0,0,0,0,0,0,0,0,0,0,0,0,0,0,0,0,0,0,0,0,0,0,0,0,0,0,0,0,0,0,0,0,0,0,1.5,0,0,0,0,0,0,0,0,0,0,0,0,0,0,0,0,0,0,0,0,0,0,0,0,0,0,0,0,0,0,0,0,0,0,2.4,18.2,9.3,0,0,0,0,0,0,0,0,0,0,0,0,0,0,0,0,0,0,0
16.5,77.5,190,0,0,0,0,0,0,0,0,0,0,0,0,0,0,0,0,0,0,0,0,0,0,0,0,0,0,0,0,0,0,0,0,0,0,0,0,0,0,0,0,0,0,0,0,0,0,0,0,0,0,0,0,0,0,0,0,0,0,0,0,0,0,0,0,0,0,0,0,0,0,0,0,0,0,0,0,0,0,0,0,0,0,0,0,0,0,0,0,0,0,0,0,0,0,0,0.1,0,0,0,0,0,0,0,0,0,0,0,0.2,0.4,0,0,0,0,0,0,0,0,0,0,0,0,0,0,0,0,0,0,0,0,0,0,0,0,0,0,0,0,0,0,0,0,0,0,0,0,0,0,0,0,0,0,0,0,0,0,4.5,9.5,0.3,0,0,2.5,0,0.3,0.1,16.5,0,0,0,0.2,0,0,0,0,0,0,4.8,2.1,2.2,2.8,0.3,0,0,0,9.6,21.3,0,0,0,0,0,5,7.5,10,9.9,15.3,0.3,0,8,0,34.4,7.4,0.2,0,0,0,0.1,0,0,0,3.5,0,0,0,0,0,0,0,0,0,0,0,0,0,0,0,0,0,0,0,0,0,6.8,25.3,0,5.5,0,0,0,0,0,10.5,0,5.7,2.7,0,0,0,0,0,0,11.2,0.1,0,0,0,0,17.5,0,29.5,10.2,9.7,125.5,11.2,0.2,0,0,0,0,0,0,0,0,0,0,0,0,0,0,0,0,0,0,0,0,0,0,0,0,0,0,0,0,0,0,0,0,0,0,0,0,0,0,0,0,0,0,0,0,0,0,0,0,0,0,0,0,0,0,0,0,0,0,0,0,0,0,0,0,0,0,0,0,0,0,0,0,0,0,0,0,0,0,0,0,0,0,0,0,0,0,0,0,0,0,0,0,0,0,0,0,0,0,0,0,0
17.5,77.5,191,0,0,2.2,0,0,0,0,0,0,0,0,0,0,0,0,0,0,0,0,0,0,0,0,0,0,0,0,0,0,0,0,0,0,0,0,0,0,0,0,0,0,0,0,0,0,0,0,0,0,0,0,0,0,0,0,0,0,0,0,0,0,0,0,0,0,0,0,0,0,0,0,0,0,0,0,0,0,0,0,0,0,0,0,0,0,0,0,0,0,0,0,0,0,0,0,0.2,0,0,0,0,0,0,0,0,0,0,13.2,0,26.4,0,0.1,0,0,0,0,0,0,0,0,0,0,0,0,0,0,0,0,0,0,0,0,0,0,0,0,0,0,0,0,0,0,0,1.2,0,0,0,0,0,0,0,0,0,0,0,0,0,0,0.3,0,13.2,27.6,0.4,11.1,37.8,0.1,0,0,52.8,3,0,0.1,0,0.6,14.2,23.8,7.3,4,0.5,6.6,0.5,0.2,2.7,27.9,15.3,3.9,0,0,0,0,0.7,0,0,9.3,6.4,71.2,6.3,0.4,0,0.6,42.5,9.6,2.1,1.6,0,0.5,0,0.4,0,0,0,28.6,0,0,0,0,0.3,0,0,0.2,0,15.4,0.1,0,0,0,0,0,5.5,1.4,0.2,0,0,37.5,1.2,6.8,30.1,12.9,0,0,0,0,0.1,4.1,0,0.8,0,0,0,0,5.5,0,0,0,0,2.2,0,0,35.2,0.5,0.5,12.3,84.3,22,0.6,0,11.8,0,0,0,0,0,0,0,0,0,0,0,0,0,0,0,0,0,0,0,0,0,0,0,0,0,0,0,0,0,0,0,0,0,0,0,0,0,0,0,0,0,0,0,0,0,0,0,0,0,0,0,0,0,0,0,0,0,0,0,0,0,0,0,0,0,0,0,0,0,0,0,0,0,0,0,0,0,0,0,0,0,0,0,0,0,0,0,0,0,0,0,0,0,0,0,0,0,0,0
18.5,77.5,192,0,0,1,3.3,0.6,0,0,0,0,0,0,0,0,0,0,0,0,0,0,0,0,0,0,0,0,0,0,0,0,0,0,0,0,0,0,0,0,0,0,0,0,0,0,0,0,0,0,0,0,0,0,0,0,0,0,0,0,0,0,0,0,0,0,0,0,0,0,0,0,0,0,0,0,0,0,0,0,0,0,0,0,0,0,0,0,0,0,0,0,0,0,0,0,0,0,0,0,0,0,0,0,0,0,0,0.4,0,0,0.3,4.2,0,6.8,0,0,0,0,0,0,0,0,0,9.7,0,1.3,0,0,0,0,0,0,0,0,0,0,0,0,0,0,0,0,0,0,0,0,0,0,0,0,0,0,0,0,0,0,0,0,0.1,0,0.5,0,1.3,2.7,0.3,36.3,0,8.7,74.1,2,3.5,52.2,0,2.6,3.6,4.1,13.2,4.8,2.8,2.6,18.2,0,1,0.4,6.5,32.4,7.2,10.4,0.4,0.8,0,0,6.2,0,2,10.2,24,34.9,89.3,42.2,0.2,0.2,8.3,40,1.9,0,0.8,11.1,0.2,0.3,0,0,0.2,0,0,0,0,0,0.3,0,0,0,0.3,0.9,5,0,0,0,0,0.1,49,4.9,0,0,2,12.6,1.4,21.1,43.4,36.3,0.2,0,2.9,0,0.5,3.3,3.2,14.8,3.4,0,0,0,0,10.3,0,0,0,0,0,0,10,0,1,1.9,2.4,18.6,70.4,10.5,0,0,0,0,0,0,0,0,0,0,0,0,0,0,0,0,0,0,0,0,0,0,0,0,0,0,0,0,0,0,0,0,0,0,0,0,0,0,0,0,0,0,0,0,0,0,0,0,0,0,0,0,0,0,0,0,0,0,0,0,0,0,0,0,0,0,0,0,0,0,0,0,0,0,0,0,0,0,0,0,0,0,6.9,0,0,0,0,0,0,0,0,0,0,0,0,0,0,0,0,0
19.5,77.5,193,0,0,0,1.2,0.5,0,0.2,1.8,0,1.2,0,0,0,0,0,0,0,0,0,0,0,0,0,0,0,1.3,0,0,0,0,0,0,0,0,0,0,0,0,0,0,0,0,0,0.5,0,0,0,0,0,0,0,0,0,0,0,0,0,0,0,0,0,0,0,0,0,0,0,0,0,0,0,0,0,0.8,0,0,0,0,0,0,0,0,0,0,0,0,0,0,0,0,0,0,0,0,0.6,0,0,0,0,0.1,0,0,0.6,1.2,0,0.3,0,0,2.4,0,0,0,0,0,0,0,0,0,0,0,1.8,0,0,1.2,0,0,0,0,0,0,0,0,0,0,0,0,0,0,0,0,0,0,0,0,0,0,0,0,0,0,0,0,0,0,0,0.4,0,0,0,0,2.1,1.3,5.3,23,0.3,13.4,0,0.3,12.3,1.6,0,7.2,23.9,14.3,0,1.2,63.7,0,0.7,0.4,0.5,1.2,22.1,24.5,32,3.4,0,0,0,0,0,0.4,0,11.8,17.5,91.4,100.4,1.5,4,3,6.5,9.2,16.7,5.1,1.4,2.6,5.1,5.3,0.4,0.8,0,0,1.5,1.6,11,0,0.4,0,0,0,0,0,0.2,9,13,0,4.1,12,12.4,2.8,0,6,28.2,24.3,7.7,27.1,6.2,11.7,9.1,0,0,4.5,0.5,2,39.1,1.2,1.8,1.5,3.8,0.6,0,0,0,0,0,0,0,0,1.3,0,0,0,0,54.9,6.2,0,0,0,0,0,0,0,0,0,0,0,0,0,0,0,0,0,0,7.5,0,0,0,0,0,1.4,0,0,0,0,0,0,0,0,0,0,0,0,0,0,0,0,0,0,0,0,0,0,0,0,0,0,0,0,0,0,0,0,0,0,0,0,0,0,0,0,0,0,0,0,0,0,0,0,0,0,0,0.1,0,0,0,0,0,0,0,0,0,0,0,0,0,0,0,0,0,0,0,0,0,0,0
20.5,77.5,194,0,3.6,0.6,0,0,0,1.9,12.9,29.5,0,0,0,0,0,0,0,0,0,0,0,0,0,0,0,0,0,0,0,0,0,0,0,0,0,0,0,0,0,0,0,0,0,0,6.8,0,0,0,0,0,0,0,0,0,0,0,0,0,0,0,0,0,0,0,0,0,0,0,0,0,0,0,0,0,0,0,0,0.1,0,0,0,0,0,0,0,0,0,0,0,0,0,0,0,0,0,0,0,0,0,0,0,0,0,0.2,9.3,0,4.6,0,0,11,2.1,0,0,0,0,0,0,0,0,1.9,0,0,0.2,0,0,0,0,0,0,0,0,0,0,0,0,0,0,0,0,0,0,0,0,0,0,0,0,0,0,0,0,0,0,0,0,0,0.4,0,0,0,0,0.6,0.2,1,3.5,3.6,0,0,1.2,26.2,0,0,6.7,20.1,0,0,0.1,5.2,0,0,0,0,0.7,11.3,0,1.3,0,0.5,0,0,0,0,0,3.2,3.1,0,47.2,41.4,0,1.4,0,22.3,0.2,0.4,10.7,0,0.9,0.6,4.5,6.5,0.4,0,0.6,0.1,0.2,11.2,0,35.8,0,0,0,0,2.5,0,1.8,5.6,0,31.5,33.6,2.8,7.9,0,8,31.8,0,0.9,31.8,13.1,9.5,4.3,0.2,0,0,0.3,0,4.7,0.1,1.9,0.5,0,0,0,0,0,0,0,0,0,0,0,0,3.3,0,0,31.6,1.3,0,0,0,0,0,0,0,0,0,0,0,0,0,0,0,0,0,0,0,0,0,0,0,0,0,0,0,0,0,0,0,0,0,0,0,0,0,0,0,0,0,0,0,0,0,0,0,0,0,0,0,0,0,0,0,0,0,0,0,0,0,0,0,0,0,0,0,0,0,0,0,0,0,0,0,0,0,0,0,0,0.3,0,0,0,0,0,0,0,0,0,0,0,0,0,0,0,0,0,0,0
21.5,77.5,195,0,0,0.2,0,0,2.7,4.6,0,2.9,0,0,0,0,0,0,0,0,0,0,0,0,0,0,0,0,0,0,0,0,0,0,0,0,0,0,0,0,0,0,0,0,0,0,6.8,0,0,0,0,0,0,0,0,0,0,0,0,0,0,0,0,0,0,0,0,0,0,0,0,0,0,0,4.3,0,0,0,0,0,0,0,0,0,0,0,0,0,0,0,0,0,0,0,0,0,0,0,0,0,0,0,0,2.9,0,1.5,5.2,0,0,0,0,0,0,0,0,0,0,0,0,0,0,0,0,0,0,0,0,0,0,0,0,0,0,0,0,0,0,0,0,0,0,0,0,0,0,0,0,0,0,0,0,0,1.2,0,0,0,0,1.1,0,0,0,0,0,0.4,5.6,4.4,4,14.3,0,0,0.2,10,0,26.2,6.6,0.5,6.2,0,5.4,0,0,0,0,0,18.8,2.2,0,8.3,0,0.1,8.1,0,0,1.5,0,2.1,10.2,6,10.4,18.4,0,0,1.4,22.8,27.4,4.8,0,0,4.7,13.2,27.1,7.2,3.5,7.7,0,0.1,0,0,0,4.9,0,0,0,0,0,6.5,2.1,6.9,21,1.1,14.8,0,3,0,15.6,34.5,7.6,10.5,21.3,17.9,14.1,0.9,3.5,1.9,0,0,17.5,67.4,1.3,0.1,0.1,1.7,0,5.2,2.2,0,0,0,0,0,0,0,0,0,0,0,7.2,0,0,5.8,0,0,0,0,0,0,0,0,0,0,0,0,0,0,0.2,0,0.4,0,0,0,0,0.6,1.4,0,0,0,0,0,0,0,0,0,0,0,0,0,0,0,0,0,0,0,0,0,0,0,0,0,0,0,0,0,0,0,0,0,0,0,0,0,0,0,0,0,0,0,0,0,0,0,0,0,0,0,0,0,0,0,0.7,0.4,0,0,0,0,0,0,0,0,0,0,0,0,0,0,0,0,0,0
22.5,77.5,196,0,0,0,0,0,0,0,0,0,0,0,0,0,0,0,0,0,0,0,0,0,0,0,0,0,0,0,0,0,0,0,0,0,0,0,0,0,0,0,0,0,0,0,0,0,10.7,0,0,0,0,0,0,0,0,0,0,0,0,0,0,0,0,0,0,0,0,0,0,0,0,0,0,0,0,0,0,0,0,0,0,0,0,0,0,0,0,0,0,0,0,0,0,0,0,0,0,0,0,0,0,0,0,0,0,0,0,0,0,0,0,0,0,0,0,0,0,0,0,5.8,0,0,0,0,0,0,0,0,0,0,0,0,0,0,0,0,0,0,0,0,0,0,0,0,0,0,0,0,0,0,0,0,0,0,0,0,0,0,0,1.9,8.1,0,1.9,0,12.3,5.6,0,0,0,0,0,0,1,38.2,0.6,0,0,0,0,0,0,0,0,5.4,0.4,14.9,8.7,0.2,3.9,0,0,0,0,0,7.6,5.5,1,0,17.4,0.4,0,3.6,19,0.2,9.4,2.1,0.1,4,26,181.6,52,0.3,0.2,0,0,3.7,0,0,0,0,0,0,0,0,0,0,0,0,7.8,6.2,0,0,0,36.1,2.9,6.1,2.9,23.5,2.1,2.2,3.1,2.6,0,8.4,0,40.2,50.7,25.5,0.1,9.4,0.2,10.3,8.9,0,0.2,0,0,0,0,0,0,0,0,0,0,0.4,0,0,0,0,0,0,0,0,0,0,0,0,0,0,0,0,0,0,0,0,0,0,0,0,0,0,0,0,0,0,0,0,0,0,0,0,0,0,0,0,0,0,0,0,0,0,0,0,0,0,0,0,0,0,0,0,0,0,0,0,0,0,0,0,0,0,6.3,0,0,0,0,0,0,0,0,0,0,0,0,0,0,54.9,1.2,0,0,0,0,0,0,0,0,0,0,0,0,0,0,0,0,0
23.5,77.5,197,0,0,2,0.3,0,0,0,0,0,0,0,0,0,0,0,0,0,0,0,0,0,0,0,0,0,0,0,0.6,0,0,0,0,0,0,0,0,0,0,0,0,0,0,0.5,2.9,0,0,0,0,0,0,0,0,0,0,0,0,0,0,0,0,0,0,0,0,0,0,0,0,0,0,0,0,0,0,0,0,0,0,0,0,0,0,0,0,0,0,0,0,0,0,0,0,0,0,0,0,0,0,0,0,0,0,0,0,0,0,0,0,0,0,0,0,0,0,0,0,0,0,0,0,0,0,0,0.4,0.2,0,0,0,0,0,0,0,0,0,0,0,0,0,0,0,0,0,0,0,0,0,0,0,0,0,0,0,0.6,0,0,4.2,0,0,0,0,0,0,1.1,2,0.9,0.5,0,19,0.1,0,0,9.9,10.7,0.7,0,0,0,0,0,0,0,0,12.4,14,19.1,3.5,0,0.2,0,0,0.9,0,0.7,1.2,5.3,0.2,0,6.2,0.2,0,10.1,3.6,0.1,15.2,0,0,1.4,85.3,207.9,209.9,7.1,6.2,3.8,0.6,0.6,0,0,0,0,0,0,0,0,0.2,0.5,8.6,0,9.1,2.7,0.7,0.2,1.5,5.7,5.4,2.4,7.8,37.6,21.9,3.5,3.8,5.8,0,0.6,0,57.9,42.5,6,0.8,4.8,1,8,3.3,0,0,2.5,0,0,0,0,0,0.4,2.5,0,0,0,0,0,0,0,0,0,0,0,0,0,0,0,0,0,0,0,0,0,0,3.4,0,0,0,0,0,0,0,3.9,0,0,0,0,0,0,0,0,0,0,0,0,0,0,0,0,0,0,0,0,0,0,0,0,0,0,0,0,0,0,0,0,0,0,0,0,0,0,0,0,0,0,0,0,0,0,0,0,0,0,0,0,1.3,29.8,0,0,0,0,0,0,0,0,0,0,0,0,0,0,0,0,0,0
33.5,77.5,198,0,0,0,0.6,0,0,0,0,0,0,0,0,0,0,0,0,0,0,38.7,1,0,2.9,3.9,0,0,0,0,0,0,0,0,11.6,15.4,72.2,92.1,0,0.2,0,0,0,0,3.9,28.9,51.3,0.3,0,27.9,18,15.6,3.5,3.9,1.9,0,0,0,0,0,0,0,0,0,0,0,0,0,53.9,14.7,4.9,0,0,0,0,0,0,0,23.1,110.7,31.6,1,14.4,0,0.2,11.8,14.4,1.9,0.1,0,0,0,29,0.9,0.4,0.2,0,0,4.8,14.5,0.3,0,0,9.6,0,0,0,9.6,0,0,57.9,8.3,11.7,0.4,0,39.5,21.7,10.2,0,0,0,0,0,0,0,0,0,0,60,23.3,9.7,0.3,0,0,0,0,0,0,0,0,0,0,0,37.6,59.4,40.9,9.9,0,0,0,0,0,0,0,0,0,0,0,5,0,0,0,0,0,0,0,0,0,0,0,0,0,0,0,0.2,1.8,0.8,0,0,0,0,0,0,0.5,2.6,0.7,2.9,0,0,0,0,3,9.6,5.3,0,0,0,1.3,5.4,5.4,3.7,5.6,0.8,0.1,3.3,5.7,0.9,2.6,2.2,9.3,9.4,3.4,4.9,2.3,5.4,9.2,11.9,1.8,0,3.1,1.9,2,0,1.3,2.1,1.1,0,0.2,0,0,0,0,0,3.8,0.6,5.7,4.3,9.2,6.1,3.5,0,4.4,3.3,2.9,0,22.3,13.8,9.9,24.9,8.6,0,0.6,0,0,0,2.2,0,0,1.5,0,0,0,0,2.7,2.3,0,2.2,0,0.7,0,1.2,0,0.2,0,0,0,0,0,0,0,0,7.7,0,0,1.9,0,0,0,0.1,0.2,0,0,0,0,0,1.3,0,0,0,0,0,0,0,0,0,0,0,0,0,0,2.3,6.6,0,0,0,0,0,0,0,5.1,0.3,0,0,0,0,0,0,0,0,0,0,3.5,0,0,0,0,0,0,0,0,0,0,0,0,0,0,0,0,0,0,0,0,0,0,0,0,0,0,0,9,13.8,0.2,0,0,0,0,0,0
34.5,77.5,199,0,0,10.2,0.8,2.3,0,0,0,0,0,0,0,0,0,0,0,0,0,29.3,40.2,0,6.3,8.3,1.5,0,0,0,0,0,3.8,0,5.8,9.8,45.2,74.2,13.6,1.1,0,0,0,0,2.3,17.8,37.5,5.7,0,19.7,31.8,28.3,28.8,7.1,1.1,0,0,0,0,0.5,0,0,0,0.2,0.2,0,0,0,27.2,26.2,9.6,2,0,0,0,0,0,0,11.6,79.9,30.1,1.7,7.4,1.4,1.8,6.5,7.8,1,6.2,0,0,0,16.2,18.5,1.8,0.1,4.8,1.2,3.6,22.5,12.3,22.7,0,4.9,1.7,14,3.7,5.2,1,1.2,35.7,9.8,11,0.6,0,25.7,29.9,13.9,1.5,0,0,0,0,0,0,0,0,0,36.4,27.2,12.2,2.5,1.6,0,0.9,4.9,0,0,0,0,1.7,0,0,19.4,52.3,68.3,13.8,2.5,0,0,0,0,0,0,0,0,0,0,3.6,8.4,6.3,0,4.2,3.3,0,0,0,0,0,0.4,0,0,0,0,0.1,0.9,0.5,0,0,0,0,0,0,0.3,1.3,1.1,1.4,0,1.6,0,0,1.5,6.2,3.9,0.3,0,0,0.7,2.7,2.7,5.8,7.7,5,0,1.7,2.9,0.5,1.3,3.1,4.7,8.2,11.7,6.2,1.2,3.6,4.7,6.7,0.9,0.3,1.5,0.9,1,0,0.6,1,0.7,0.3,0.1,1.3,0.3,0,0,0,1.9,0.3,3.2,4.4,6,9.3,5.1,0.2,2.2,3,1.4,0.3,11.2,6.9,4.9,12.5,4.3,0,0.3,0,0,0,1.1,0,0,0.7,0,0,0,0,1.4,7.3,0,1.1,0.2,0.7,0,0.7,0,0.1,0,0,0,0,0,9.5,1.3,0,3.9,3.9,0,1,0,0,0,0,0.7,0,0,0,0,0.2,0.7,0,0,0,0,0,0,0,0,0,0,0,0,0,0,1.2,5.7,17.6,0,0,0,0,0,0,2.5,18.6,0.8,0,0,0,0,0,0,0,0,0,1.8,0,1.3,0,0,0,0,0,0,0,0,0,0,0,0,0,0,0,0,0,0,0,0,0,0,0,0,0,4.5,25.1,12.3,0,0,0,0,0,0
35.5,77.5,200,0,0,14.3,1.3,2.7,0,0,0,0,0,0,0,0,0,0,0,0,0,25.7,62.2,0,8.1,10.6,3.1,0,0,0,0,0,4.5,0,2.9,6.5,28.7,63.3,20.2,1.7,0,0,0,0,1.3,12.1,31,7.7,0,14.2,32.8,33.4,41.8,8.8,0.9,0,0,0,0,0.7,0,0,0,0.5,0.4,0,0,0,13.7,32.9,12.2,2.5,0,0,0,0,0,0,5.8,67.4,28.6,1.9,3.8,1.8,2.9,3.9,4.2,0.5,7.2,0,0,0,9.4,22.4,2.1,0,6.6,1.3,3.3,26.1,18.6,33.5,0,2.5,2.7,22.5,4.1,2.9,2.2,2.4,23.7,9.1,9.9,0.7,0,18.9,32.3,16,1.9,0,0,0,0,0,0,0,0,0,24.6,29.9,13.7,3.6,3.4,0,1.3,8.3,0,0,0,0,3.7,0,0,10.2,48.4,80,15.8,4.1,0,0,0,0,0,0,0,0,0,0,2.7,14.5,8.4,0,6.2,7,0,0,0,0,0,0.8,0,0,0,0,0,0.4,0.3,0,0,0,0,0,0,0.1,0.6,1.8,0.7,0,3.4,0,0,0.7,4.5,4,0.5,0,0,0.3,1.4,1.4,5.8,6.7,5.7,0,0.8,1.4,0.2,0.6,2.6,2.4,6.3,12,6.7,0.6,2.8,2.4,3.9,0.5,0.5,0.8,0.5,0.5,0.2,0.3,0.5,0.5,0.6,0,2.7,0.2,0,0,0,0.9,0.2,2.3,3.3,4.3,10.3,7.3,0.4,1.1,3.8,0.7,0.6,5.6,3.5,2.5,6.2,2.1,0,0.1,0,0,0,0.6,0,0,0.4,0,0,0,0,0.7,11.7,0,0.6,0.3,0.5,0,0.6,0,0,0,0,0.2,0,0,13.6,1.8,0,1.9,4.4,0,0.5,0,0,0,0,0.6,0,0,0,0,0.5,0.3,0,0,0,0,0,0,0,0,0,0,0,0,0,0,0.6,5.6,28.6,0,0,0,0,0,0,1.3,20.7,1.1,0,0,0,0,0,0,0,0,0,0.9,0,1.3,0,0,0,0,0,0,0,0,0,0,0,0,0,0,0,0,0,0,0,0,0,0,0,0,0,2.2,28.7,19.6,0,0,0,0,0,0
8.5,78.5,201,0,0,0,0,0,0,0,0,0,0,0,0,0,0,0,0,0,0,0,0,0,0,0,0,0,0,0,0,0,0,0,0,0,0,0,0,0,0,0,0,0,0,1.8,1.4,2.5,15,0,0,0,0,0,0,0,0.9,0,0,0,0,0,0,5.2,8.9,0,0.4,0,0,0,0,0,0,1.5,0,0,0,0,0,0,0,0,0,0,0,0,0,0,0,0,0,0,0,0,0,0,0,0,0,0,0,0,0,0,0,0,3.3,0.4,6.8,0,9,1.8,0.1,11.2,3.9,0,3.4,0,9.7,0,2.6,0,0,0,0,2.3,1.9,4.9,0,0,0,0.3,3.9,4.4,0,0,0,0,0,0,6.5,3.7,1.7,0,12.1,0,0,0,0,0.9,0,0,0,0,0,0,0,1,0.1,4.4,1.2,0,0,0,0,0,0,0,0,0,0,0,0,0,0,0,0,0,0,0,0,0,0,0,0,0,0,0,0,0,0,0,0,0,0,0,0,0,0,0,0,0,0,0,0,0,0,0,0,0.6,0,0,0,4.6,0.2,0,0,0,0,0.4,0.7,0,0,0,0,0,10.1,29.3,1.5,5.9,0,0,0,0,0,0,0,0,0,0,0,2,2.9,0,0,0.7,0,0,0,0,0,0,0,0,0,0,0,0.5,0.2,1,3,0,0,0,0,0,0,0,0,0,0,6.3,0.2,0,1.6,3.1,0,0,0,0,0,4.8,0,0,0,0,3.5,19.2,20.3,0,33.5,3.9,8.9,7.7,0.3,2.2,0,0,11.1,27.6,17.1,11.8,0.4,0,0,0,0.3,0,0,0,0.6,7.9,0,11,5.2,1,27.6,40.3,49.5,0,0,0,0,0,0,0,0,0,0.5,3.5,29.1,19.9,43.2,0.9,0.3,11.3,13.1,16.3,26.4,37,36.6,1.1,32.5,17.6,28.2,21.7,3.8,7.9,0,0,0,0,0,0.7,0,0,12.1,49,5.1,0,0,0,1.3,3.8,0.2,1.5,0,0
9.5,78.5,202,0,0,3.4,0,0,0,0,0,0,0,0,0,0,0,0,0,0,0,0,0,0,0,0,0,0,0,0,0,0,0,0,0,0,0,0,0,0,0,0,0,0,0,0,0,5.1,7.1,0.6,0,0,0,0,0,0,0,0,0,0,0,0,0,0,0,0,0,0,0,0,0,0,0,0,0,0,0,0,0,0,0,0,0,9.1,0,0,0,0,0,0,0,0,0,0,0,0,0,0,8.5,0,0,0,0,0,2.3,0,0,12.3,6.5,0.6,7.3,0.3,26.2,8.2,6.1,0,5.1,0,0,0,1,6.5,0,0,1.1,0,0,0,0,0,0.7,0,0,0,0,0,0,46.7,3.6,0,5.3,0,0,0,0,0,0,0,0,0,0,0,0,0,0,0,0,2.5,0,3.6,0,0,0,0,0,0,0,0,0,0,0,0,0,0,0,0,0,0,0,0,0,0,0.4,0,0,0,1.7,4.3,1.4,0,0,6.3,0,0,0,0,0,0,0,0,0,0,0,0,0,0,0,0,0,0,0,0,0,26.1,0,0,0,0,0,1.2,0,0,0,0,9.6,29.1,23.5,3.6,8.9,2.6,0.6,0,1.5,0,0,0,0,0.4,0,0,12,2.3,0,5.1,0,0,0,0,0,0,0,0,0,0,0,0,0,1.7,0,2.8,0,0,0,0,0,0,0,0.2,0,0,6.8,6.7,1.1,0,1.1,0,0,9.1,0,1.1,0,5.8,0,0.3,0,0,0,0,1.6,0,4.1,29.4,4.9,21.8,16.5,5.6,1.7,0,2.6,12.2,7.4,1.1,0,0,0,0,0,2.7,3.1,0,0,10.6,3.3,1.7,0,0,0,0.8,12.2,0,0,0,0,0,0,0,0,2.9,12.2,2,48.9,6.9,5.2,0,0,0.4,22.6,7.7,13.3,44.5,8.4,7.3,7.9,17.4,8.4,0,5.5,1.5,0,0,0,0,0,1.6,0,0,1.8,4,0,0,0,0,0,0,0,0.2,0,0
10.5,78.5,203,0,0.5,0,0,0,0,0,0,0,0.2,0.4,0,0,0,0,0,0,0,0,0,0,0,0,0,0,0,0,0,0,0,0,0,0,0,0,0,0,0,0,0,0,0,0,0,1.1,1.3,0,0,0,0,0,0,0,0,0,0,0,0,0,0,0,0,1.9,0,0,0,0,0,0,0,0,0,0,0,0,0,0,0,0,0,0,0,0,0,0,0,0,0,0,0,5.4,0,2.6,0,0,0,0,0,0,0,0,0,0,0,6.8,27.7,0,13.3,1.9,8.2,2.3,0.9,0,0,0,0,0,0,0,0.1,0,0,0,0,0,0,0,0,0,1.1,0,0,0,0,0,4.7,0,0,0,4.4,0,0,0.3,15.5,3,0,0,0,0,0,0,18.2,0,0,0,0.1,3.8,7.7,0,0,0,0,0,0,0,0,0,0,0,4.2,8,0,0,0,0,0,0,0,2.7,5.8,0,0,2.1,4.2,1.7,0,0,5.4,4.8,22.3,0,0,0,0,0,0,0,0,0.1,6.5,0,3.7,0,3.6,0.6,14,0,0,0,0,12.7,0.7,0,1.5,0,0,10.1,36.7,5.8,1.4,10.9,5.3,11,31.3,28.4,27.8,6.2,3.6,0.2,0,0,1,1.6,0,0,0,3.3,0.2,9.6,11,32.7,5,0,0,0,0,0,0.5,0,0,0,0,0,1.8,2.1,33,6.3,9.2,0,0,1.2,3.2,0,1,0.2,0.5,13.9,4.3,13.2,6.1,0.1,5.2,18.3,4.4,10.2,0,1.2,0.3,0,0,0,0,0,0,10.1,0,8.7,0,11.4,8.8,30,32.8,21.9,4.9,0,7.2,9.3,10.8,11.3,0,0,0,0,0,0.3,0,0.4,0,0.7,7.8,5.6,0,0,3.3,2.3,0,0,0,0,0,0,0,0,0,0,0,8.5,21.5,13,7.7,1.6,0.9,4.3,8.3,17.9,17.2,17.5,23.1,48,17.4,8.1,7.8,0.2,5.1,15.7,0.9,0.3,0,0,0,1.5,0,0,0,0,0,0,0,0,2.6,7.9,1.2,0,0,0
11.5,78.5,204,0,0.4,0,0,0,0,0,0,0,0,0,0,0,0,0,0,0,0,0,0,0,0,0,0,0,0,0,0,0,0,0,0,0,0,0,0,0,0,0,0,0,0,0,0,0,0,0,0,0,0,0,0,0,0,0,0,0,0,0,0,0,0,0,0,0,0,0,0,0,0,0,0,0,0,0,0,0,0,0,0,0,0,0,0,0.4,0,0,0,0,0,12.6,0.1,1.8,0,3.5,18.8,0,0,0,0,0,0,0,0,0,0,0,0,0,7.7,0.2,0.3,6,0,0,0,0,0,0.6,0,0,31.5,0,0,0,0.1,0,0,0,3.5,0,0,0,0,0,0,0,0,0,0,1.4,0,14,0,1.5,0,0,0,0,0,0,0,0,0,13.8,0,0,0,0,0,0,0,0,0,0,0,0,0,3.1,0,0,0.3,0,0,0,0,0,0,0,0,0,0,0.1,9.4,0,0.1,0,0,23.4,0.3,0,0,0,0,0,0,0,0.9,5.3,0,0,0,0,0,0,0,0,0,0,0,2.5,5.1,0,0,2.5,0.5,36.2,0.3,0.9,0,0,0.3,7,2.5,36.7,48,0,5.3,0,0,2.1,0,0,0,0,0,0,0.6,0,0.5,0.6,0,0,0,0,0,0,0,0,0,0,0,0.2,18.2,0.2,4.7,1.7,0,0,0,2.5,0.1,0,0,19.3,0,0,0.2,18.8,0,0,0,0,0.2,0,0,0.2,0.4,0,0,0,0,0,0,0,0,2.1,0.1,15.6,0,0.4,69.5,24.4,21.6,0,0.5,1.1,5.6,0,0,0,0,0,0,0,0,0,5.1,3.4,0.2,0,0,0,0.3,0,0,0,0,0,0,0,0,2.3,0,0,3.6,6.7,45.2,1.3,10.8,0,0.1,0,19.2,1.8,35.9,1,15.9,28.2,12.1,29.1,8.2,9.4,0,0,0,0.8,0,0,0,0,0,0,0,0,0,0,0,0,0,6.8,0,6,0,0
12.5,78.5,205,0,0,0,0,0,0,0,0,0,0,0,0,0,0,0,0,0,0,0,0,0,0,0,0,0,0,0,0,0,0,0,0,0,0,0,0,0,0,0,0,0,0,0,0,0,0,0,0,0,0,0,0,0,0,0,0,0,0,0,0,0,0,0,0,0,0,0,0,0,0,0,0,0,0,0,0,0,0,0,0,0,0,0,0,9.4,0,0,0,0,0,2.6,0.4,0,0,0,1.3,0,0,0,0,0,0,0,0,0,0,0,0,0,24.4,0,3.1,0,0,0,0,0,0,0,0,0,0,0,0,0,0,0,0,0,15.3,0,0,0,0,0,0,0,0.3,0,0,0,1.3,13.5,0,0,0,0,0,0,0,0,0,35.1,0,0.6,0.2,0,0.1,0,0,0,0,1.1,11.3,0,0,0,0,0,1.8,0,0,0,0,0,0,0,0,0,37.5,2.7,1.7,0,15.3,6.8,4,0,0,0,0,0,0,0,0,0,0,0,0,0,0,0,0,0,0,0,0,0,0,0,0,0,0,0,0,6.8,3,0.2,0,4.2,0.9,0,19.3,8.7,0,12.1,0.4,0,22.6,0.6,2.5,43.7,3.3,0,21.1,0,0,0,0.4,8.2,0,110.4,15.9,0,0,0,0,0,0,0,0,0,0,0,0,0,42.9,0,48.7,0,0,109.6,0,0,0.8,0,0,0.3,35,0,0,0,0,0.5,1.7,0,0,0,0,0,0,0,0,0,0,0,0,0,0,2.4,6.5,0,26,13.6,0,0,0,0.5,0,0,0,0,0,0,0,0,0,0,5.5,2.4,0,0.2,0,0,0.1,0,0,0,0,0,0,0,0,1.8,0,0,0,20.2,0.3,3.2,1.2,0,0,0,2,0,0,0,9.7,24.8,3.7,23.5,1.9,27.3,0,0,0.8,0,0,0,0,0,0,0,0,0,0,0,0,0,0,0,0,0,0,0
13.5,78.5,206,0,0,0,0,0,0,0,0,0,0,0,0,0,0,0,0,0,0,0,0,0,0,0,0,0,0,0,0,0,0,0,0,0,0,0,0,0,0,0,0,0,0,0,0,0,0,0,0,0,0,0,0,0,0,0,0,0,0,0,0,0,0,0,0,0,0,0,0,0,0,0,0,0,0,0,0,0,0,0,0,0,0,0,0,0,0,0,0,0,11.6,0,0,0,0,0,9.8,0,0,0,0,0,0,0,0,0,0,0,3.7,6.5,10,11.2,0,0,0,0,0,0,0,0,0,0,0,0,0,0,0,0,0,0,0,0,0,0,0,0,0,0,0,0,0,8.1,0,0,0,0,0,0,0,0,0,0,0,0,2.4,0,4.5,0.5,0,1.9,0,0,0,0,2.5,6.7,0,0,0,0,0,2.5,0,0,0,0,0,0,0,0,0,2.2,0,1.9,2.7,0,0,0,0,0,0,0,0,0,0,2.1,1.1,4.1,0,0,0.2,0,0,0,0,0,7.4,0,0,0,0,0,0,0,0,0,0,0,0,5.7,2.5,1.9,4.3,9.4,0,24,0.1,3.5,9.5,3.7,18.3,8.8,0.2,0,18.5,1.4,0,0,0,22.7,0,0,0,16.5,0,0,0,0,0,0,0,0,0,0,0,0.1,12.2,0,0.6,0,0,11.9,1.8,0,0,0,0,0,0,0,0,0,0,2.5,0,0,0,0,0,0,0,0,0,0,0,0,0,1.3,0,11.2,3,0.1,0,0,0,0,0,0,0,0,0,0,0,0,0,0,0,0,3.3,0,8.7,0.3,0,0,0,0,0,0,0,0,0,0,0,1.5,0,0,0,0,2.5,56.2,0,0,0,0,5.7,0,4.3,0,8.2,3.8,0,0.1,5.2,8.8,2.5,0.3,0,2.1,1.3,0,0,0,0,0,0,0,0,0,0,0,0,0,0,0,0,0
14.5,78.5,207,0,0,0,0,0,0,0,0,0,0,0,0,0,0,0,0,0,0,0,0,0,0,0,0,0,0,0,0,0,0,0,0,0,0,0,0,0,0,0,0,0,0,0,0,0,0,0,0,0,0,0,0,0,0,0,0,0,0,0,0,0,0,0,0,0,0,0,0,0,0,0,0,0,0,0,0,0,0,0,0,0,0,0,0,0,0,0,0,1.4,3.7,0,0,0,0,0,7.8,0,0,0,0,0,0,0,0,0,0,0,0,0,0,24.4,0,0,0,0,0,0,0,0,0,0,0,0,0,0.3,0,0,0,0,0,0,0,0,0.1,0,0,0,0,0,0,14.8,0,0,0,0,0,0,0,0,0,0,0,0,0,0,0,0,6.6,0,0,0,0,0,0,11,0,0,0,0.3,0,0,0,0,0,0,0,1.1,0,0,0,0,0,0.4,10.9,1.5,0,0,0,0,0,0,0,0,5.2,40.4,0.4,0,0,0,0,1.3,0,0,0,0,0,3.7,0,0,0,0,0.8,0.2,0,0,0,0.8,0,0,1.6,7.9,20.6,3.5,0,10.5,0,30.8,0,2.4,26.3,0,25.9,16.6,1.7,0,0,5,5.1,9.9,0,0,0,0.7,0.4,0,0,0,0,0,0,0,0,0,0,0,20.8,0,0,3.1,0.7,28.8,39.5,16.3,15.7,0.1,1.6,0,0,0,0,0,0,0,0,0,0,0,0,0,0,0,0,0,0,0,0,0,0,0,0,0,0,0,0,0,0,0,0,0,0,0,0,0,0,0,0,0,1.2,1.6,1.3,2.5,0,0,0,0,0,0,0,0,0,0,0,0,0,0,0,1.8,0,0.7,0,0,0,0,0.6,0,0.7,0,0,0,0,0,2.5,3,1.1,1.4,0,0,0,0,0,0,0,0,0,0,0,0,0,0,0,0,0,0,0,0
15.5,78.5,208,0,0,0,0,0,0,0,0,0,0,0,0,0,0,0,0,0,0,0,0,0,0,0,0,0,0,0,0,0,0,0,0,0,0,0,0,0,0,0,0,0,0,0,0,0,0,0,0,0,0,0,0,0,0,0,0,0,0,0,0,0,0,0,0,0,0,0,0,0,0,0,0,0,0,0,0,0,0,0,0,0,0,0,0,0,0,0,0,0,0,0,0,0,0,0,0,0,0,0,0,0,0,0,0,0,0,0,5.5,0,4.2,0,0,0,0,0,0,0,0,0,0,0,0,0,0,0,0,0,0,0,0,0,0,0,0,0,0,0,0,0,0,0,0,0,0,0,0,0,0,0,0,0,0,0,0,0,0,0,0,0,0,0,0,0,0,0,0,0,0,0,0,0,0,0,0,0,0,2.5,7.8,0,0,0,0,2,10.5,6,1,0,0,0,0,0,0,36,31,10.2,52.5,1.5,4,0,2,2.5,1,0,0,0,0,0,0,0,0,0,0,0,0,0,0,6.9,0,0,0,36.6,2.8,10.2,0,4.8,0,4.1,0,0,0,0,0,35.1,9.4,31.5,0,0,1.5,15.5,2.8,0,0,23.4,0,0,0,0,0,0,0,0,0,10.2,0,0,0,0,3.3,6.9,3.1,27.6,26.3,50.8,6.6,0,0,0,0,0,0,0,0,0,0,0,0,0,0,0,0,0,0,0,0,2,18,0,0,0,0,1.8,0,0,0,0,0,0,0,0,0,0,0,0,0,0,0,0,0,1,0,0,0,0,0,0,0,0,0,0,0,0,0,0,0,0,0,0,0,0,0,0,10.2,0,0,0,0,0,0,0,0,0,0,0,0,0,0,0,0,0,0,0,0,0,0,0,0,0,0,0,0,0,0,0,0,0
16.5,78.5,209,0,0,0,0,0,0,0,0,0,0,0,0,0,0,0,0,0,0,0,0,0,0,0,0,0,0,0,0,0,0,0,0,0,0,0,0,0,0,0,0,0,0,0,0,0,0,0,0,0,0,0,0,0,0,0,0,0,0,0,0,0,0,0,0,0,0,0,0,0,0,0,0,0,0,0,0,0,0,0,0,0,0,0,0,0,0,0,0,0,0,0,0,0,0,0,0,0,0,0,0,0,0,0,0,0,0,0,0,0,0,0,0,0,0,0,0,0,0,0,0,0,0,0,0,0,0,0,0,0,0,0,0,0,0,0,0,0,0,0,0,0,0,0,0,0,0,0,0,0,0,0,0,0,0,43,24.8,4.3,1,0.2,0,0,0,4,8.9,0,0.1,0,6.6,0,0,0,0,4.8,0,0,9.2,15.3,2.5,4,0,0,1.6,64.2,0.6,0,0,0,0,0,0,0,0,8.5,17.6,20.6,1.5,13,14.4,20.7,20.7,4.3,0.7,1.2,5.2,3.1,10.1,0,0,0,0.4,1.3,7,0,0,0,0,0,0,0,0,4.4,0.5,0,0.2,1.3,0,0,4.3,0,0,0,36.2,1.4,1.2,27.3,0,0,1.4,0,0,0,0,4.2,5.1,0,0,0,0,0,0,0,5.6,1.2,0,12.4,3.6,0,8.1,2.7,12.3,4.7,89.6,12.2,0.4,0,17.9,0,0,0,0,0,0,0,0,0,0,0,0,0,0,0,0,0,0,0,0,0,0,0,0,0,0,0,0,0,0,0,0,0,0,0,0,0,0,0,0,0,0,0,0,0,0,0,0,0,0,0,0,0,0,0,0,0,0,0,0,0,0,0,0,0,0,0,0,0,0,0,0,0,0,0,0,0,0,0,0,0,0,0,0.7,3.8,0,0,0,0,0,0,0,0,0,0,0,0,0,0
17.5,78.5,210,0,0,0,0,0.9,0,0,0,0,0,0,0,0,0,0,0,0,0,0,0,0,0,0,0,0,0,0,0,0,0,0,0,0,0,0,0,0,0,0,0,0,0,0,0,0,0,0,0,0,0,0,0,0,0,0,0,0,0,0,0,0,0,0,0,0,0,0,0,0,0,0,0,0,0,0,0,0,0,0,0,0,0,0,0,0,0,0,1.6,0,1.8,0,0,0,0,0,0.5,0,0.3,0,0,0,0,0,0,0.3,0,0,0,0,0.3,0.9,0,0,0,0,0,0,0,0,0,0,0,7.1,0,1.4,0,0,0,0,0,0,0,0,26.4,0,0,0,0,0,0,0,0,0,0,0,0,0,0,0,0,0,0,0,0,0,0,0.2,1.3,0,0,0,0,0.1,0,1.3,11.8,0,2.8,0.5,0.5,0,7.3,0,0,0.2,21,4.6,2.8,1.3,2.8,0,0.1,17.2,49.5,9.2,1.1,0,0,0,0,0,5.9,43.9,38.7,33.8,104.7,0.3,0.3,0.3,13.4,38.7,5.8,4.7,0,2.5,11.1,0.4,0,0,0,0,0.7,1.6,5.7,1.5,10.7,0,16,0,0.1,6.6,0,2.2,0,0,0,0,2.9,8.7,0.2,0,0,0.8,7.7,0,0.7,1.9,1.4,0,0.7,0,1.8,1.6,12,2.6,0,1.3,1,0,0,4.1,0,0,0,0.2,0,3.1,4.3,0,0,17.3,1.3,107.1,75.3,2.2,0,0,0,0,0,0,0,0,0,0,0,0,0,0,0,0,0,0,0,0,0,0,0,0,0,0,0,0,0,0,0,0,0,0,0,0,0,0,0,0,0,0,0,0,0,0,0,0,0,0,0,0,0,0,0,0,0,0,0,0,0,0,0,0,0,0,0,0,0,0,0,0,0,0,0.3,0,0,0,0,0,0,0,0,0,0,0,0,0,0,0,0,0,0,0,0,0,0,0,0,0
18.5,78.5,211,0,0,2.9,0.3,0.7,0,0,0,0,0,0,0,0,0,0,0,0,0,0,0,0,0,0,0,0,0,0,0,0,0,0,0,0,0,0,0,0,0,0,0,0,0,0,0,0,0,0,0,0,0,0,0,0,0,0,0,0,0,0,0,0,0,0,0,0,0,0,0,0,0,0,0,0,0,0,0,0,0,0,0,0,0,0,0,0,0,0,0,0,0,0,0,0,0,0,0,0,0,0,0,0,0,0,0,0,0,0,0,0,12.7,0,0,0,0,0,0,0,0,0,0,0.5,0,0,0.6,0,0,0,0,0,0,0,0,0,0,0,0,0,0,0,0,0,0,0,0,0,0,0,0,0,0,0,0,0,0,0,0,0,0,0,0,0,0,0.4,0.7,0,12.2,0,41.9,2.5,0,14.9,1.9,9,0.3,0.8,8.1,7.1,0,0,0.6,0.3,17,11.8,5.4,7.9,0.9,0,0,0,0.5,0,7.2,18.7,15.8,78.8,32.6,0,0,2.8,43.4,20.8,0.9,10.8,1.3,1.4,5.5,0,0,2.2,7.1,0.7,4.2,0,0,4.6,0,0,1,0,5.8,3.9,0,0,0,0,0,0.7,44.1,14.4,1.1,0.7,3.8,45.5,0.7,54.5,23.3,0.8,0.8,0,0,1.6,6.6,21.1,26,8.1,0,0,0,2.7,0,2.5,0,0,0,0,0,0.6,0,0,0,0,32,75.5,66.6,2.9,0,0,0,0,0,0,0,0,0,0,0,0,0,0,0,0,0,0,0,0,0,0,0,0,0,0,0,0,0,0,0,0,0,0,0,0,0,0,0,0,0,0,0,0,0,0,0,0,0,0,0,0,0,0,0,0,0,0,0,0,0,0,0,0,0,0,0,0,0,0,0,0,0,0,0,0,0,0,0,0,0,0,0,0,0,0,0,0,0,0,0,0,0,0,0,0,0,0,0,0
19.5,78.5,212,0,0,0,2.5,2.5,1.8,0.3,0,0,0,0,0,0,0,0,0,0,0,0,0,0,0,0,0,0,0,0,0,0,0,0,0,0,0,0,0,0,0,0,0,0,0,0,0,0,0,0,0,0,0,0,0,0,0,0,0,0,0,0,0,0,0,0,0,0,0,0,0,0,0,0,0,0,0,0,0,0,0,0,0,0,0,0,0,0,0,0,0,0,0,0,0,0,0,0,0,0,0,0,0,0,0,0,0,0,0,0,0,0,0,0,0,0,0,0,0,0,0,0,0,0,0,0,0,0,0,0,0,0,0,0,0,0,0,0,0,0,0,0,0,0,0.5,0,0,0,0,0,0,0,0,0,0,0,0,0,0,0,0,0,0,0,4.4,4.1,0.8,2.8,1.9,0,30,37.2,0,7.2,3.5,5.7,1.5,0,1.4,9.2,0,0,0,0.5,11.1,10.3,33.3,4.1,2.5,0,0,0,0,0.5,6,10.4,16.9,32.4,75.5,18.2,0,6.8,19.7,25.9,0,11.2,15,2.6,8.9,7.7,15.6,0,0.5,0,0.3,4.1,4.1,9.7,0,0,4.5,0,0.8,0,0,0,0,0,2.8,0,0,12.8,0,11.8,5.2,14,0.5,14.8,31.1,45,2.8,3.2,0,3.3,5.8,11.1,5.6,38.4,0,3.4,2.3,5.4,0,0,0,0,0,0,0,0,0.3,0,0,5.1,0,5,74.5,69.7,0,0,0,0,0,0,0,0,0,0,0,0,0,0,0,0,0,0,0,0,0,0,0,0,0,0,0,0,0,0,0,0,0,0,0,0,0,0,0,0,0,0,0,0,0,0,0,0,0,0,0,0,0,0,0,0,0,0,0,0,0,0,0,0,0,0,0,0,0,0,0,0,0,0,0,0,0,0,0,0,0,0,0,0,0,0,0,0,0,0,0,0,0,0,0,0,0,0,0,0
20.5,78.5,213,0,0,1.1,0.1,0.3,4.6,4.4,0,0.2,0,0,0,0,0,0,0,0,0,0,0,0,0,0,0,0,0,0,0,0,0,0,0,0,0,0,0,0,0,0,0,0,0,0,10.8,0,0,0,0,0,0,0,0,0,0,0,0,0,0,0,0,0,0,0,0,0,0,0,0,0,0,0,0,0,1.8,0,0,0,0,0,0,0,0,0,0,0,0,0,0,0,0,0,0,0,0,0,0,0,0,0,0,0,0.3,7.1,4.8,8.7,8.6,2.8,0.7,1.5,3.7,0,0,0,0,0,0.9,0,0,0,0,0.9,0,0.5,0.7,0,0,0,0,0,0,0,0,0,0,0,0,0,0,0,0,0,0,0,0,0,0,0,0,0,0,0,0,0.5,0,0,0.3,0,0,0,0,0.8,3.6,2.4,26.4,0.4,0,0.9,28.6,25.5,6.1,4.2,4.7,19.8,1.7,4.3,2.2,1.3,0,1.2,2.8,0,1,27.1,30.7,21.6,0,0,0,0,0,11.7,4.1,7,10.1,14.6,10.6,29.4,4.5,10.6,10.5,40.4,4,0.9,8,1.7,0.5,1.5,11.7,3.4,7.7,2.8,3.8,0.2,1,0,0,0.2,3.3,0,0,0,0,0,2.5,0,8.5,0,19.6,12.7,6,7.1,14.7,2.3,22.8,1.9,22.8,1.7,13.3,3.7,0,1.5,0.9,39.3,31.5,18.9,0.1,0.2,0,1.5,0,2,9.4,0,0,0,0,0,0,2.1,0,0,0,10.6,63.5,7.7,0.5,0,0,1.5,0,0,0,0,0,0,0,0,0,0,0,0,0,0.3,0,0,0,0,0,0,0,0,0,0,0,0,0,0,0,0,0,0,0,0,0,0,0,0,0,0,0,0,0,0,0,0,0,0,0,0,0,0,0,0,0,0,0,0,0,0,0,0,0,0,0,0,0,0,0,0,0,0,0,0,0,0,0,0,0,0,0,0,0,0,0,0,0,0,0,0,0,0,0,0,0,0
21.5,78.5,214,0,0,0.9,0,6.7,0,14.2,0.6,0,5,0,0,0,0,0,0,0,0,0,0,0,0,0,0,0,0,0,0,0,0,0,0,0,0,0,0,0,0,0,0,0,1.7,0,3.6,0,0,0,0,0,0,0,0,0,0,0,0,0,0,0,0,2.3,0,0,0,0,0.2,0,0,0,0,3.2,0.8,0.4,0,0.4,0.1,0.1,0,0,0,0,0,0,0,0,0,0,0,0.6,0,0,0,0,0,0,0,0,0,0,0,0,0,0.4,0.4,0.2,0,0,6.7,0,1.2,0,0,0,0,0,0,0,0,2.6,0,0,0,0,0.3,0,0,0,0,0,0,0,0,0,0,0,0,0,0,0,0,0,0,0,0,0,0,0,0,0,0,0,0.1,0,0,2.1,0.1,0,0,0,0,0.3,3.1,0.2,3.8,4.5,7.4,11.6,20.5,6,7.2,3.6,7.5,8.6,18.3,0,2.7,14.6,0.5,0.3,0,2.5,0.7,4.1,11.3,8.6,1.9,0,0.2,2.6,0,4.2,2.8,9.9,2.7,0,8.1,19.8,6.9,0,0,6.7,26.3,2.8,0.2,0,2.3,16.5,10.7,1.5,2.7,5,0,0.8,0.4,0.3,0.7,0,2.1,0,0,0,0,1.5,3.9,22.8,5.1,11.7,12.4,5.8,0,0,0,36.8,2.1,7.1,18.5,6.7,26.1,2.5,1.6,0.9,0,0.3,12.2,26.9,19.1,4.1,0,0.8,0,2.3,0.6,8.4,1.7,0,0,0.1,0,0,0,0.6,0,0,36.8,11.3,0.5,0,0,0,0,0,0,0,0,0,0,0,0,0,0,0,0,0,0,0,0,0,0,0,0,0.4,2.1,0,0,0,0,0,0,0,0,0,0,0,0,0,0,0,0,0,0,0,0,0,0,0,0,0,0,0,0,0,0,0,0,0,0,0,0,0,0,0,0,0,0,0,0,0,0,0,0,0,0,0,0,0,0.5,0,0,0,0,0,0,0,0,0,0,0,0,0,0,0,0,0,0,0
22.5,78.5,215,0,0,0,1.2,0,0,1.4,0.6,0,0,0,0,0,0,0,0,0,0,0,0,0,0,0,0,0,0,0,0,0,0,0,0,0,0,0,0,0,0,0,0,0,0,0,1.5,0,0,0,0,0,0,0,0,0,0,0,0,0,0,0,0,0.9,0,0,0,0,0.3,0,0,0,0,0.3,0.2,0,0,0,0,0.5,12.3,0,0,0,0,0,0,0,0,0,1.2,0.6,0,0,0,0,0,0,0,0,0,0,0,0,0,0,0.2,0.1,0,0,0,3.7,0.2,0,0,0,0,0,0,0,0,0,0,0,0.2,0.2,0,0,0,0,0,0,0,0,0,0,0,0,0,0,0,0,0,0,0,0,0,0,0,0,0,0,0,0,0,0,0,0,0.1,0,11.8,0,0,0,6.2,0,0,0,1.5,1.2,2.3,17.5,5.9,0,10.5,0.5,2.4,0,1.2,3.1,1.8,0,0,0,6.8,13.5,39.3,29.3,8,0.6,0,0,0,1.2,1.5,2.6,17.1,0,0.2,7.1,7.2,0.2,8.5,24.5,8.7,1.4,0.6,0,1.4,33.7,54.6,44.3,5.6,1,0.5,0.7,0.7,0,0,0,0,0,0,0,0,0,0.1,2.2,1.1,0.5,29.1,7,0.2,4.3,7.7,1,4.8,2.8,12.3,3.3,4.7,1.9,7.9,2,3.4,4.6,53.8,44.3,22.7,3.9,2.1,2.2,8.1,6.8,2.9,0,0,0,0,0,0,0,0,0,0,0,0,4.4,0.9,0,0,0.2,0,0,0,0,0,0,0,0,0,0,0,0,0,0,0,0,0,0,0,0,0,0,0.1,2.5,0,0,0,0,0,0,0,0,0,0,0,0,0,0,0,0,0,0,0,0,0,0,0,0,0,0,0,0,0,0,0,0,0,0,0,0,0,5,0,0,0,0,0,0,0,0,0,0,0,0,0,0,7,3.5,0,0,0,0,0,0,0,0,0,0,0,0,0,0,0,0,0,0
23.5,78.5,216,0,0,1.5,1.1,0,0,0,0,0,0,0,0,0,0,0,0,0,0,0,0,0,0,0,0,0,0,0,0,0,0,0,0,0,0,0,0,0,0,0,0,0,0,1,1.5,0,0,0,0,0,0,0.7,0,0,0,0,0,0,0,0,0,0,0,0,0,0,0,0,0,0,0,0,0,0,0,0,0,0,0.2,0,0,0,0,0,0,0,0,0,0.9,0,0,0,0,0,0,0,0,0,0,0,0,0,0,0,0,0,0,0,0,1.7,1.5,0,0,0,0,0,0,0,0,0,0,0,0,0,0,0,0,0,0,0,0,0,0,0,0,0,0,0,0,0,0,0,0,0,0,0,0,0,0,0,0,0,0,4.8,0,0,2.9,0,0,0,0,0,1.5,0,0.6,0,2.6,0.1,0,2.5,7.9,0,0.9,3.7,0.4,7.1,0,2.1,0.6,0,0,0,1.5,42.4,2.3,13.4,7.3,0,7,0,0,0.3,0.3,7.2,0.1,7,0,0,12.4,1.5,0,9.6,3.9,1.7,15.4,0,2.3,8.2,112.4,34.3,83.2,6.9,4.5,4.8,0,0,0,0,0,0,0,0,0,0,0.2,1.2,2,0.6,5.8,8.2,0,1.9,0.8,17.9,2.6,14.9,12.5,7.7,48.9,5.4,4.1,1.9,5.8,17.5,0.8,81,49.5,7.7,6.1,9.1,8.6,23.6,27,2.6,0,2.8,0,0,0,0,0,0,0.6,0,0,0,5.1,0,0,0,0,0,0,0,0,0,0,0,0,0,0,0,0,0,0,0,0,0,0,0,0,0,6.8,0.5,0,0,0,0,0,0,0,0,0,0,0,0,0,0,0,0,0,0,0,0,0,0,0,0,0,0,0,0,0,0,0,0,0,0,0,0,0,0,0,0,0,0,0,0,0,0,0,0,0,0,0,0,0,33.8,0,0,0,0,0,0,0,0,0,0,0,0,0,0,0,0,0,0
33.5,78.5,217,0,0.2,0,0,0,0,0,0,0,0,0,0,0,0,0,0,0,0,38.8,0.7,0,3,3.9,0,0,0,0,0,0,0,0,11.7,16.3,73.5,92.2,0.7,0,0,0,0,0,3.9,29.3,51.1,0,0,28.9,18,16,3.2,3.9,2.2,0,0,0,0,0,0,0,0,0,0,0,0,0,54.7,14.6,4.9,0,0,0,0,0,0,0,23.5,112.1,31.5,0,15,0,0,11.7,14.7,1.9,0,0,0,0,29.2,0,0,0,0,0,4.9,14.7,0.3,0,0,9.9,0.5,0,0.1,10.4,0,0,58.3,8,12,0,0,40.3,21.8,10,0,0,0,0,0,0,0,0,0,0,60.6,23.3,9.7,0.1,0,0,0,0,0,0,0,0.3,0,0.2,0.2,38.1,60.7,39.8,9.7,0,0,0,0,0,0,0,0,0,0,0,4.1,0,0,0,0,0,0,0,0,0,0,0,0,0,0,0,0.3,2.2,0.8,0,0,0,0,0,0,0,3.4,0,3.8,0,0,0,0,3.9,9.1,4.1,0,0,0,1.7,5.8,5.7,5.2,7.3,0.3,0,4.4,4,0.3,2.9,2.5,9.3,8.5,3.5,5.2,1.9,3.7,9.4,13.5,2.2,0,3.8,2.4,2.6,0,1.7,2.4,1.1,0,0.3,0,0,0,0,0,5,0,5.7,5.7,12,7,3.3,0,5.6,3.9,3.8,0,19.6,13.4,10.3,26,8.1,0,0.8,0,0,0,2.9,0,0,2,0,0,0,0,3.6,3.1,0,2.6,0,1,0,1.4,0,0.3,0,0,0,0,0,0,0,0,7.8,0,0,1.9,0,0,0,0,0,0,0,0,0,0,0,0,0,0,0,0,0,0,0,0,0,0,0,0,0,3.1,6.3,0,0,0,0,0,0,0,6.7,0,0,0,0,0,0,0,0,0,0,0,3.7,0,0,0,0,0,0,0,0,0,0,0,0,0,0,0,0,0,0,0,0,0,0,0,0,0,0,0,8.2,11.5,0,0,0,0,0,0,0
34.5,78.5,218,0,0,5.1,0.4,1.1,0,0,0,0,0,0,0,0,0,0,0,0,0,34.1,20.4,0,4.6,6.1,0.8,0,0,0,0,0,1.9,0,8.7,13,59.3,83.2,7.2,0.6,0,0,0,0,3.1,23.6,44.3,2.8,0,24.3,24.9,22.2,16,5.5,1.7,0,0,0,0,0.2,0,0,0,0.1,0,0,0,0,40.9,20.4,7.2,1,0,0,0,0,0,0,17.5,96,30.8,0.8,11.2,0.7,0.9,9.1,11.2,1.5,3.1,0,0,0,22.7,9.2,0.9,0,2.4,0.6,4.2,18.6,6.3,11.3,0,7.4,1.1,7,1.9,7.8,0.5,0.6,47,8.9,11.5,0.3,0,33,25.9,12,0.8,0,0,0,0,0,0,0,0,0,48.5,25.3,11,1.3,0.8,0,0.5,2.5,0,0,0,0.1,0.9,0.1,0,28.7,56.5,54,11.8,1.2,0,0,0,0,0,0,0,0,0,0,3.9,4.3,3.2,0,2.1,1.6,0,0,0,0,0,0.2,0,0,0,0,0.2,1.5,0.6,0,0,0,0,0,0,0.1,2.3,0.5,2.6,0,0.8,0,0,2.7,7.6,4,0.1,0,0,1.2,4.3,4.2,5.5,7.5,2.7,0,3,3.4,0.4,2.1,2.8,7,8.4,7.6,5.7,1.6,3.7,7.1,10.1,1.6,0.1,2.7,1.7,1.8,0,1.2,1.7,0.9,0.1,0.2,0.6,0.1,0,0,0,3.4,0.2,4.5,5,9,8.1,4.2,0,3.9,3.5,2.6,0.1,15.4,10.2,7.6,19.2,6.2,0,0.5,0,0,0,2,0,0,1.4,0,0,0,0,2.5,5.2,0,1.9,0.1,0.8,0,1.1,0,0.2,0,0,0,0,0,4.8,0.7,0,5.8,1.9,0,1.5,0,0,0,0,0.3,0,0,0,0,0.1,0.3,0,0,0,0,0,0,0,0,0,0,0,0,0,0,2.1,6,8.8,0,0,0,0,0,0,4.6,9.3,0.4,0,0,0,0,0,0,0,0,0,2.7,0,0.6,0,0,0,0,0,0,0,0,0,0,0,0,0,0,0,0,0,0,0,0,0,0,0,0,0,6.3,18.3,6.2,0,0,0,0,0,0
35.5,78.5,219,0,0,9.7,0.8,1.9,0,0,0,0,0,0,0,0,0,0,0,0,0,29.9,41.3,0,6.4,8.3,1.9,0,0,0,0,0,3.2,0,5.8,9.8,44,73.3,13.7,1.1,0,0,0,0,2.2,17.8,37.7,5.3,0,19.2,28.8,27.8,28.9,7.1,1.3,0,0,0,0,0.4,0,0,0,0.3,0.2,0,0,0,27.3,26.6,9.7,1.7,0,0,0,0,0,0,11.7,81.7,29.7,1.4,7.5,1.3,1.9,6.5,7.7,1,5.1,0,0,0,16,15.8,1.5,0,4.5,0.9,3.8,22.3,12.4,22.4,0,5,1.9,14.8,3,5.4,1.3,1.5,35.3,9,10.7,0.5,0,26,29.1,14,1.3,0,0,0,0,0,0,0,0,0,36.5,27.6,12.4,2.5,2.1,0,0.9,5.4,0,0,0,0,2.3,0,0,19.5,52.4,67,13.8,2.7,0,0,0,0,0,0,0,0,0,0,3.3,9.4,5.8,0,4.1,4.3,0,0,0,0,0,0.5,0,0,0,0,0.1,1,0.4,0,0,0,0,0,0,0.1,1.5,1.2,1.7,0,2.1,0,0,1.7,6.1,4,0.3,0,0,0.7,2.8,2.8,5.6,7.1,4.2,0,1.9,2.4,0.3,1.4,2.7,4.7,7.4,9.8,6.2,1.1,3.3,4.7,7,1,0.3,1.7,1.1,1.2,0.1,0.7,1.1,0.7,0.4,0.1,1.7,0.2,0,0,0,2.2,0.2,3.4,4.2,6.6,9.2,5.8,0.2,2.5,3.7,1.7,0.3,10.5,6.8,5,12.7,4.2,0,0.3,0,0,0,1.3,0,0,0.9,0,0,0,0,1.6,8.5,0,1.2,0.2,0.6,0,0.8,0,0.1,0,0,0.1,0,0,9.2,1.3,0,3.9,3.2,0,1,0,0,0,0,0.5,0,0,0,0,0.3,0.3,0,0,0,0,0,0,0,0,0,0,0,0,0,0,1.4,5.8,18.7,0,0,0,0,0,0,2.9,15,0.7,0,0,0,0,0,0,0,0,0,1.8,0,1,0,0,0,0,0,0,0,0,0,0,0,0,0,0,0,0,0,0,0,0,0,0,0,0,0,4.3,23.5,12.9,0,0,0,0,0,0
36.5,78.5,220,0,0,12.4,1.2,2.2,0,0,0,0,0,0,0,0,0,0,0,0,0,26.5,55.7,0,7.4,9.7,2.9,0,0,0,0,0,3.7,0,3.6,7.2,31.4,63.9,17.9,1.5,0,0,0,0,1.5,13.3,32.2,6.6,0,14.8,29.2,30.7,37.3,8.2,1,0,0,0,0,0.6,0,0,0,0.4,0.4,0,0,0,17.1,30.6,11.3,2.1,0,0,0,0,0,0,7.3,70.6,28,1.6,4.7,1.5,2.6,4.5,5.1,0.6,5.9,0,0,0,10.9,18.6,1.7,0,5.7,1.1,3.5,24.3,16.5,29.5,0,3.2,2.5,20.3,3.3,3.6,2.1,2.2,26.1,8.4,9.7,0.7,0,20.4,30.2,15.1,1.6,0,0,0,0,0,0,0,0,0,27.3,28.7,13.1,3.2,3.2,0,1.2,7.6,0,0,0,0,3.6,0,0,12.6,48.3,73.9,14.9,3.7,0,0,0,0,0,0,0,0,0,0,2.7,13.3,7.2,0,5.4,6.7,0,0,0,0,0,0.8,0,0,0,0,0,0.6,0.3,0,0,0,0,0,0,0,0.9,1.7,1,0,3.4,0,0,1.1,4.8,4.1,0.5,0,0,0.5,1.7,1.8,5.6,6.5,4.8,0.3,2,2,0.3,0.9,2.3,3,6.2,10.4,6.4,0.7,2.8,3,4.7,0.6,0.5,1.1,0.7,0.7,0.2,0.5,0.7,0.6,0.5,0,2.6,0.2,0,0,0,1.3,0.1,2.6,3.2,4.9,9.7,7.1,1,2.7,4.1,1,0.5,6.6,4.3,3.1,7.9,2.6,0,0.2,0,0,0,0.8,0,0,0.5,0,0,0,0,1,11.2,0,0.7,0.3,0.5,0,0.7,0,0,0,0,0.2,0,0,11.9,1.6,0,2.4,3.6,0,0.6,0,0,0,0,0.5,0,0,0,0,0.4,0.2,0,0,0,0,0,0,0,0,0,0,0,0,0,0,0.8,5.6,25.8,0,0,0,0,0,0,1.8,16.6,0.9,0,0,0,0,0,0,0,0,0,1.1,0,1,0,0,0,0,0,0,0,0,0,0,0,0,0,0,0,0,0,0,0,0,0,0,0,0,0,2.7,25.8,17.6,0,0,0,0,0,0
9.5,79.5,221,0,4.2,1.2,0,0,0,0,0,0,0,0,0,0,0,0,0,0,0,0,0,0,0,0,0,0,0,0,0,0,0,0,0,0,0,0,0,0,1.3,0,0,0,0,0.4,20.7,16.6,26,0,0,0,0,0,0,0,0,0,0,0,0,0,0,0,20.9,0,0,0,0,0,0,0,0,0,0,0,0,0,0,0,0,0,0,0,0,0,0,0,0,0,0,0,0,10.1,0,0,0,0,0,0,0,0,0,0,0,0,0,1.7,17.5,1.5,0,0,1.7,3.2,0.3,0,0.4,0,0,0,0,1.2,10,0,0,0,0,0,0,0,1.3,0,14.2,0,0,0,0.4,0,0,0,0,0,0,0,0,0,0,4.8,0,0,0,0,0,0,0,0,0,0,0,0,0,0,0,0,0,6.1,0,0,0,0,0,0,0,0,0,0,0,0,0,0,0,0,0,0,0,0,0,0,0,0,0,0,0,0,0,0,0,0,0,0,0,0,0,0,0,0,0,0,0,0,0,0,0,3.5,0.1,0,0,0,0,1.8,2.1,3,0,0,0,0,9.6,3.9,0,0,15.6,0,0,0,0.1,0,0,0,0,0,0,1,1.7,0.7,0,0.1,0,0,0,0,0,0,0,0,0,0,0,0,0,0,0,0,0,0,0,0,0,0.3,0,1.9,0,37.8,13.7,0,4.7,0.9,0,21.4,4.3,0,0.2,0,0,0,0,0,0,8.5,22,0.2,19.2,37.9,13.5,38.5,17.5,1.7,0.9,0.6,0,14.4,6.3,0,0,0,0,0,3.2,6.2,3.8,1.5,0,5.3,5.9,2.6,0,3.4,79.3,30,29.8,4,0,0,0,0,6.9,0,1.9,0,13.4,2.9,23.3,9.4,5.9,5.3,8.2,10.1,21.9,21.1,7.1,45.5,18.2,48.9,54.9,24.9,14.2,17.6,0.8,0.4,1.4,0,0,0,0,0,19.7,0,7.1,79.1,27.8,0,0,0,0,2.9,13.5,0,0,0
10.5,79.5,222,0,0,0,0,0,0,0,0,0,0,0,0,0,0,0,0,0.5,0,0,0,0,0,0,0,0,0,0,0,0,0,0,0,0,0,0,0,0,0.3,0.5,0,0,0,0,4.5,9.8,15.8,0,0,0,0,0,0,0,0,0,0,0,0,0,0,0,0,0,0.3,0,0,0,0,0,0,0,0,0,0,0,0,0,0,0,3.9,0,0,0,0,0,0,0,0,0,4.5,0.8,4.8,0,0.1,0,0,0,0,0,0,0,0,0,0,0,0,0,0,0,1.9,0,9.4,0.2,0,0,0,0,0,0,0,5.4,0,0,0,0,0,0,0,6,18.7,0,0,0,0,0,0,0,0,9,0,0,0,0,0,38.1,0,0,0,0,0,0,0,0,0,0,1.1,3.1,3.9,0,0,0,0,4.2,0,0,0.7,0,0,0,0,1.5,4.2,0,0,0,0,0,0,0,0,0,0,0,0.5,12.9,0,0,0,5.8,1,0,0,0,0,0,0,0,0,0,3.3,0,0,0,0,0,0,3.1,0,0,0,6,2.7,0,0,0,2.8,8.1,3.5,0,12.9,2.1,0,2.6,19.3,3.3,10.2,1.4,30.2,2.2,0,8.7,0,22.5,0,0,0,1.3,17.2,8.6,4.2,0,0,0,0,0,0.2,0,0,0,0,0,0,0,1.6,1.2,5,0,0,0,0,0,1.6,0,0.7,2.2,6.2,6.7,12.7,2.9,0,0.1,0,3.5,8.3,1.9,0,0,2.6,0,0,0,0,0,4.7,7.8,0,0,8.2,96.2,5.5,2.2,14.8,6.2,19.3,0.5,0,5.6,22.3,0,0,0,0,0,0,13.6,1.1,0,0,1.3,0.1,1.7,0,2.2,16.3,4.8,6.1,0,0,0,0,2.4,0.9,10,2.1,0,2,0,20.7,6.2,8.9,2.4,16.3,49,43,38.5,52,81.1,53.7,79.8,106.6,60.4,2.3,1.9,15.4,10.1,19.5,9.5,0,0,1.8,0,0,0,0,0,0,0,0,0,1.3,33.6,0.2,0,0,0
11.5,79.5,223,0,10.5,0,0,0,0,0,0,0,0,2.4,0,0,0,0,0,0,0,0,0,0,0,0,0,0,0,0,0,0,0,0,0,0,0,0,0,0,0,0,0,0,0,0,0,0.7,0,13.5,0,0,0,0,0,0,0,0,0,0,0,0,0,0,0,13.5,0,0,0,0,0,0,0,0,0,0,0,0,0,0,0,0,0,0,0,0,0,0,0,0,0,0,0,0,0,0,0,0,0,0,0,0,0,0,0,0,0,0,6.5,4.6,0,3.6,3.3,0,0,0,0,0,0,0,0,0,0,0,0,0,0,0,0,0,0,0,5.9,0,0,0,2.5,0,0,0,0,0,0,0,0,3.7,0,2.8,0,0,0,4.6,0,0,0,0,0,0,0,4.5,8.1,0,0,0,0,0.8,0,4.3,8.4,0,3.4,0,4.2,0,0,0,0,0,0,0,3,0,3.7,0,0,0,0,0,1.9,0,0,23,0.7,0,0,0,0,0,0,0,0,0.5,3.3,0,3.7,0,0,8.8,11.5,2.9,0,0,0,11.1,4,18.6,0,28.6,0,17.8,7,1.1,2.6,0,9.8,4.2,66,0.5,0.5,0,9.5,0,0,8.3,0,0.2,0,0,0,0,12.9,3.7,8.2,1.7,0,8.8,0,0,0,0,0,0,0,0,0,0,1.5,0.7,30.2,0,3.8,0,0,22.6,0,2.1,0,0.5,0,0,27.5,3.4,0,0,0,0,0,0,0,0,0,0,0,0,0,0,0,0,0,4.2,5.8,8.8,1.4,6.9,77.5,2.7,1.3,0,4.8,0.5,1.9,0,0,0,0,0,0,0.2,0.4,0.6,9.2,0,0,1.4,0,22.6,31.6,1.5,0,0,0,0,0.2,0,2.7,1,0.7,0,1.4,5.1,41.8,22.3,13.4,1.1,0,21.9,18.4,18.9,60,8.7,80.8,161.8,56.7,88,16.6,8.2,4.2,1.4,0,0,0,0,0,0,0,0,0,0,0,0,0,0,0,31.9,14.2,0.7,0,0
12.5,79.5,224,0,0.5,0,0,0,0,0,0,0,0,0,0,0,0,0,0,0,0,0,0,0,0,0,0,0,0,0,0,0,0,0,0,0,0,0,0,0,0,0,0,0,0,0,0,0,0,0,0,0,0,0,0,0,0,0,0,0,0,0,0,0,0,0,0,0,0,0,0,0,0,0,0,0,0,0,0,0,0,0,0,0,0,0,0,0,0,0,0,0,0,0,0,0,0,0,0,0,0,0,0,0,0,0,0,0,0,0,0,0.5,0,4.3,0,0.3,0,0,0,0,0,0,0,0,0,0,0,0,0,0,0,0,0,0,0,0,0,0,0,0,0,0,0,0,4.5,0,0,0,0,0,0,0,0,0,0,1,0,0,0,23,8.9,0.8,5.2,0,0,0,2.5,2,0,0,0,0,0.2,0,0,0,0,0,0,0,0.2,0.9,2.4,0,0,1.1,1.7,0,0,0,0,2.1,0,0,0,0,0.3,0,0,0,0,0,0.9,0,0,0.4,1,3.7,1.4,0.8,0,0,0,0.9,5.5,1.3,61.9,0,7.8,429.9,1.7,70.6,3.4,0,0.6,0.6,6.6,6.5,0,2.8,67.9,3.2,118,4.9,1,3.8,0.9,0,0.7,0,4.7,4.8,64.4,17.2,238.9,5.7,1.7,0,0,0,0,0,0,0,0,0.4,0,9.9,40.5,0.2,4.9,0,9,27.2,4.9,5.8,14.4,5,23.2,1.1,8.7,0.5,0,0,0,0,0,0,0,0,0,0,0,0,0,0,0,0,0,2.9,23.6,21.7,8.7,0,1.1,0.2,0,0,1.3,3,0,0,0,0,0,0,0,0,1.3,5,3.4,2.1,0.7,0.2,4.6,2.3,1.2,0,0,0,0,0,0,0.1,2.1,1.2,0,0,0.6,4.7,3.4,3.3,1.1,2,2.1,7.7,4.4,0,0.1,5.6,16.1,12.1,24.6,25.9,4.2,6.8,3.8,0,0,0,0,0,0,0,0,0,0,0,0,0,0,0,0,4.6,1.7,0,0,0
13.5,79.5,225,0,0,0,0,0,0,0,0,0,0,0,0,0,0,0,0,0,0,0,0,0,0,0,0,0,0,0,0,0,0,0,0,0,0,0,0,0,0,0,0,0.4,0,0,0,0,0,0,0,0,0,0,0,0,0,0,0,0,0,0,0,0,0,0,0,0,0,0,0,0,0,0,0,0,0,0,0,0,0,0,0,0,0,0,0,0,0,0,0,0,0,9.4,0,0,0,14.8,0,0,0,0,0,0,0,0,0,0,0,0,0,0,27.5,18,17.3,0,0,0,0,0,0,0,0,0,0,0,0,2.5,0,0,0,0,0,0,0,0,0.8,5.3,0,0,0,0,0,0,0,0,0,0,0,0,0,0,0,0.4,0,0,0.2,0.7,3.9,8.2,1.8,0,0,0,0,0,0,0,0,0,0,0,0,0,0,0,0,0,0,0,0,0,1,0,0.6,3.2,1.8,0,0,0,0,0,0,0,0,0,0.5,1.5,0,1.9,0,2.4,1.5,23.3,8,3.5,0,0,23,3.4,0,0,0,0,5,18.9,0,3.1,0,43.6,0,10.6,4,1.3,0.5,0.1,33.7,6.7,0,0,0,24.2,10.3,9.9,13.8,34.3,3,0,0,0,1,1.9,12.5,0,0,3.3,0,0,0,0,0,3.7,0,0,0,41.7,0,0.9,12.4,0,0,0.1,0,8.8,0.6,0,0,0,0.3,0,0,0,10.5,0,0,3.3,0,0,0,0,0,0,0,0,0,0,0,0,0,0,0,14.4,0.2,0,0,0,0,0,0,0,0,0,0,0,0,0,0,0,0,0,29.9,4.1,27.3,19.8,2.5,17.3,3.1,0,0,0,0,0,0,3.4,9,10.5,0,0,0,18.3,8.7,18.5,0,3.7,0,10.2,29.3,0.2,0.2,0,16.6,8.1,17.3,3.3,18.7,14.5,13.1,0,0.2,0,0,0,0,0,0,0,0,0,0,0,0,0,0,0,0,0,0,0
14.5,79.5,226,0,0,0,0,0,0,0,0,0,0,0,0,0,0,0,0,0,0,0,0,0,0,0,0,0,0,0,0,0,0,0,0,0,0,0,0,0,0,0,0,0.2,2,0.4,0,0,0,0,0,0,0,0,0,0,0,0,0,0,0,0,0,0,0,0,0,0,0,0,0,0,0,0,0,0,0,0,0,0,0,0,2.6,0,0,0,0,0,0,0,0,0,0,34.6,0,0,1.2,0.9,0,0,0,0,0,0,0,0,0,0,0,0,0,0,10.7,15.8,0,0,0,0,0,0,0,0,0,0,0,0,0,1.9,0,0,0,0,0,0,0,0,1.9,0,0,0,0,0,0,1.5,0,0,0,0,0,0,0,0,0,0,0,0,0.7,0,0,0,11.3,0,0,0,0,0,0,0.9,0,0,0,0,0,0,0,6.5,0,4.7,0,0,0,0,0.2,0,0,0.1,22.9,0.8,0,0,0,0,0,0,0,0,3,7.8,0,1.4,0.4,0,1,7.2,0,0,0.2,0,0,0.3,0,0,0,0,0.1,0,0.8,3.3,13.1,3.4,0.1,0,1,11.4,1.5,0.2,0,10,0,0.1,24.9,3.6,0,0.6,0,31.3,0,0,1.1,5.9,8.7,5.7,0,0,5.4,4,0,0,0,0,0,0,0,0,0,18.4,0,0,9,1.4,2.4,0,13.7,6.4,16.7,14.7,0,0,0,0,0,0,0,0,0,22.6,0,0,0,0,0,0,0,0,0,0,0,0,1.4,1,11.9,8,3.8,4.2,2,0,0,4.9,0,0,0,0,0,0,0,0,0,0,0,0,10.4,2.7,3,2.9,0,7.2,0,0,0,0,0,0,0,0,1.2,0,0,0,0,61.8,8.1,33.3,10.8,1.3,0.5,1.7,8.4,0,1.3,0,2,3.9,0,0,71.5,167.8,37.7,0,0,0,0,0,0,0,0,0,0,0,0,0,0,0,0,0,0,0,0,0
15.5,79.5,227,0,0,0,0,0,0,0,0,0,0,0,0,0,0,0,0,0,0,0,0,0,0,0,0,0,0,0,0,0,0,0,0,0,0,0,0,0,0,0,0,0,0,0,0,0,0,0,0,0,0,0,0,0,0,0,0,0,0,0,0,0,0,0,0,0,0,0,0,0,0,0,0,0,0,0,0,0,0,0,0,0,0,0,0,0,0,0,0,0.5,0,14,0.7,0,0,0,17.5,0,0,0,0,0,0,0,0,0,0,0,0,0,0,31.3,0,0,0,0,0,0,0,0,0,0,0,0,0,39.9,0,0,0,0,17.9,0,0,0,0,0,0,0,0,0,0,7.5,0,0,0,0,0,0,0,0,0,0,0,0,0,0,1.2,0,23.7,1.9,0,0,0,0,0,38.2,0,0,0,8.5,0.2,0,0,0,0,0,0,0,0.1,0,0,0.3,0,0,37.7,5.3,0,0,0,0,0,0,0,0.1,3,4.1,6,2.2,0,3.9,0.5,7.2,1.6,0,0,0,7,0,0,0,0,0,0,0,0,1.9,0.3,8.6,0,0,0,0,6.6,0,0,0,0,0,12.6,0,31.5,0.3,0.3,43.3,0,0,0,3.6,2.5,44.4,0,0,0.1,3.7,0,0,0,0,0,0,0,1,0,3.6,0,0,0.4,21,0.6,1.5,17.7,3.2,40.1,2.4,0,0,0,0,0,0,0,0,0,0,0,0,0,0,0,0,0,0,0,0,0,0.4,0,0,11.8,0.3,20.5,0,0,0,1.6,4.7,2.3,0,0,0,0,0,0,0,0,0,0,0,0,2.2,5.6,0,0,0,0,0,0,0,0,0,0,0,0,0,0,0,0,0,0.4,0.4,4.5,0,0,0,0,0,0,0,0,0,0,0,5,20,28.4,17.5,0,0,0,0,0,0,0,0,0,0,0,0,0,0,0,0,0,0,0,0
16.5,79.5,228,0,0,0,0,0,0,0,0,0,0,0,0,0,0,0,0,0,0,0,0,0,0,0,0,0,0,0,0,0,0,0,0,0,0,0,0,0,0,0,0,0,0,0,0,0,0,0,0,0,0,0,0,0,0,0,0,0,0,0,0,0,0,0,0,0,0,0,0,0,0,0,0,0,0,0,0,0,0,0,0,0,0,0,0,0,0,0,0.4,0,0,2.7,0,0,0,0,0,0,0,0,0,0,0,0,0,0,0,0,0,0,0,0.2,0,0,0,0,0,0,0,0,0,0,0,0,0.3,0.5,0,0,0,0,0,0,0,0.2,0,0,0,0,0,0,0.1,0.1,0,0,0,0,0,0,0,0,0,0,0,0,0,1.8,12.1,2.1,0,4.2,0,0,0,0,1.3,4.5,0,0,0,0,0,0,0,0.1,3.6,0.1,1.5,0.5,0.9,1,0,0,0,1.1,20.1,4.1,0,0,0,0,0,0,0.6,9.8,13.3,15.5,31.4,0,0,10.8,16.5,7.8,3.6,5.9,0.4,0,0.6,0,0,0,0,4.8,0,0,0.2,0,4.2,2.2,0,0,4,6.8,20,23.3,0,0,0,0.8,31.9,29.4,1.9,0,0.2,0.3,11.9,0,26,0,0.2,14.2,0,0,0,0.1,20.3,0.9,0,0,0,0,0,0.1,0.1,25,0.4,0.2,0,0.2,2,8.3,0.9,1.1,5.6,3.9,0,0,0,0,0.6,0,0,0,0,0,0,0,0,0,0,0,0,0,0,0,0,23.3,0,0,0,0,0,0,0,0,0,0,0,0,0,0,0,0,0,0,0,0,0,0,0,0,0,0,0,0,0,0,0,0,0,0,0,0,0,0,0,0,0,0,0,0.2,0,0,0,0,0,0,0,0,0,0,0,0,0,0,0,0.6,0,0,0,0,0,0,0,0,0,0,0,0,0,0,0,0,0,0,0,0
17.5,79.5,229,0,0,0,0,0,0,0,0,0,0,0,0,0,0,0,0,0,0,0,0,0,0,0,0,0,0,0,0,0,0,0,0,0,0,0,0,0,0,0,0,0,0,0,0,0,0,0,0,0,0,0,0,0,0,0,0,0,0,0,0,0,0,0,0,0,0,0,0,0,0,0,0,0,0,0,0,0,0,0,0,0,0,0,0,0,0,0,0.9,1.8,4.1,1.4,0,0,0,0,0,0,0,0,0,0,0,0.2,0,0,0,0,0,0,6.8,0.4,0,0,0,0,0,0,0,0,0,0,0,0,1.3,0,0,0,0,0,0,0,0,0,0,0,0,0,0,0,0,0,0,0,0,0,0,0,0,0,0,0,0,0,0,3,4.4,1.1,0.6,0,0,0,1.6,0,9.1,5.6,0.6,0,4.8,0.6,0,1.4,0.2,9.1,3.4,9.4,1.6,3.6,1.8,0,0,4.8,2.1,4.9,2.8,0.2,0,0,0,0,0,0,8.5,14,38.2,48.7,40.2,0,0.9,9.3,23.7,12.2,3.5,0,0.1,7.9,10.2,2.3,0,0,0,0,0,5.8,0,0,11.1,0.3,5.3,0,1.2,0.9,1.9,2,0,0,0,3.7,6.7,3.6,0,0.6,9.2,12.4,22.3,9.8,7.3,2.4,9.3,0,0.4,1.4,11,1.7,16.6,2.4,0,0,0,0,0,0,0,3.4,0,0.6,1.2,0,6.1,0.2,9.7,0,20,42.9,3.2,3.8,0,0,0,0,0,0,0,0,0,0,0,0,0,0,0,0,0,0,5.7,0,0,0,0,0,0,0,0,18.3,0,0,0,0,0,0,0,0,0,0,0,0,0,0,0,0,0,0,0,0,0,0,0,0,0,0,0,0,0,0,0,0,0,0,0,0,0,0,0,0,0,0,0,0,0,0,0,0,0,0,0,0,0,0,0,0,1.3,0,0,0,0,0,0,0,0,0,0,0,0,0,0,0
18.5,79.5,230,0,0,0,3,2.5,3,0,0,0,0,0,0,0,0,0,0,0,0,0,0,0,0,0,0,0,0,0,0,0,0,0,0,0,0,0,0,0,0,0,0,0,0,0,0,0,0,0,0,0,0,0,0,0,0,0,0,0,0,0,0,0,0,0,0,0,0,0,0,0,0,0,0,0,0,0,0,0,0,0,0,0,0,0,0,0,0,0,1.6,2.1,0,0,0.7,0,0,0,0,0,0,0,0,0,0,0,0,0.6,0,0,0,0,4.9,1.8,0,0,0,0,0,0,0,0,0,0,0,0,0,0.9,0,0,0,0,0,0,0,0,0,0,0,0,0,0,0,0,0,0,0,0,0,0,0,0,0,0,0,0,0,0,7.3,5.2,1.9,0,0.7,0,0,0.4,3.4,2.1,0,0,1,14.8,11.8,1.6,6.4,10.9,0.3,1.8,4.4,4.6,1.6,0.6,1.2,0.7,5.1,10.6,6.3,4.8,1.6,7.9,0,0,3.2,3.1,3.2,15,18.8,39.2,48.7,2.2,0.4,1.7,18.1,64.7,10.1,1.7,12.6,0,4.1,5.2,9.8,0,1.8,1.1,0,0,0,2.9,0,0,0,0,0.3,0,1.4,2.4,0,0,0,2.8,12.1,27.2,0.5,0,8,2.4,5.4,13.1,32.3,20.6,5.9,0,2.3,0,2.6,38.5,52.6,44.7,0.2,0,0,17.1,4.2,0.9,6.8,0,0,0,0.7,3.6,0.6,0,0,0,6.1,29.5,16,35,0.7,0,0,0,0,0,0,0,0,0,0,0,0,0,0,0,0,0,0,0,0,0,0,0,0,0,0,0,0,0,0,0,0,0,0,0,0,0,0,0,0,0,0,0,0,0,0,0,0,0,0,0,0,0,0,0,0,0,0,0,0,0,0,0,0,0,0,0,0,0,0,0,0,0,0,0,0,0,0,0,0,0,0,0,0,0,0,0,0,0,0,0,0,0,0,0,0,0,0,0
19.5,79.5,231,0,0,0,18.7,4.9,0.2,0,0,0,0,0,0,0,0,0,0,0,0,0,0,0,0,0,0,0,0,0,0,0,0,0,0,0,0,0,0,0,0,0,0,0,0,0,0,0,0,0,0,0,0,0,0,0,0,0,0,0,0,0,0,0,0,0,0,0,0,0,0,0,0,0,0,0,0,0,0,0,0,0,0,0,0,0,0,0,0,0,0,0,0,0,0,0,0,0,0,0,0,0,0,0,0,0,0,0,0,0,0.5,0,0.2,0,0,0,0,0,0,0,0,0,0,0,0,0,0,0,0,0,0,0,0,0,0,0,0,0,0,0,0,0,0,0,0,0,0,0,0,0,0,0,0,0,0,0,0,0,0.2,0,0,0,0,0,0,0.1,0,0,0,0,5.1,13.9,0,31.8,23.7,37.9,21.4,1.1,0.7,0.7,0,0,0,0.3,40.5,24.3,1,0.6,0.4,0,0,0,0,0,3,2.4,42.4,17.5,30.1,21.1,14.9,0,0,4.2,19.2,8.8,1.5,5.3,0,0.2,7.2,13.4,0,2.6,5.9,0.6,2.2,0.6,0.5,0,0,0,0,0,3.5,0,0,0,0,0.4,17.3,1,0,3.6,41.9,0,25,38.4,13.9,0.7,0.1,0,0,0,32.9,56.8,34.4,9,0.4,0.2,0,0.1,0,0,0,0,0,0,0,0,0,4.2,0,0,6.6,21.2,84.5,22.1,0.2,0,1.7,0.1,0,0,0,0,0,0,0,0,0,0,0,0,0,0,0,0,0,0,0,0,0,0,0,0,0,0,0,0,0,0,0,0,0,0,0,0,0,0,0,0,0,0,0,0,0,0,0,0,0,0,0,0,0,0,0,0,0,0,0,0,0,0,0,0,0,0,0,0,0,0,0,0,0,0,0,0,0,0,0,0,0,0,0,0,0,0,0,0,0,0,0,0,0,0,0,0
20.5,79.5,232,0,0,1.6,4.1,0.3,3.9,0,4,0,0,0,0,0,0,0,0,0,0,0,0,0,0,0,0,0,0,0,0,0,0,0,0,0,0,0,0,0,0,0,0,0,0,0,0.1,0,0,0,0,0,0,0,0,0,0.3,0,0,0,0,0,0,0,0,0,0,0,0,0,0,0,0,0,0,0,0,0,0,0,0,0,0,0,0,0,0,0,0,0,0,0,0,0,0,0,0,0,0,0,0,0,0,0,0,6.5,0,0,0,0,16,2.8,6.8,0,0.2,0,0,0,0,0,0,0,0,0,0,0.1,0.6,0,0,0,0,0,0,0,0,0,0,0,0,0,0,0,0,0,0,0,0,0,0,0,0,0,0,0,0,0,0,0,0,1.1,0,0,0,0,4,26.6,0,12.6,16.8,0.1,15.1,38.8,3,1.2,11,7.9,13.5,1,0.6,0.2,15.6,0,16.4,0,0,0.3,23.8,32.8,24.6,0.7,0,0,0,0,24.8,4,20.7,7.9,35.9,55.6,5.1,17.4,0.2,1.2,77.2,0.3,31.8,0.6,0.4,5.2,1.4,0.3,13.8,0.4,4.4,0.4,0,0,0,0,0,0,0,0,0,1.9,0,0,0,0.8,5.3,0,0,0,0,0,12.9,11.5,13.4,12.2,15.2,0.2,0,0,0,18,48.5,58.8,9.6,8.7,0.1,7.1,6.1,0.1,0,0.2,0,0,0,0,0,0,0,0,3.3,8.6,33.5,64.3,0,0,0,0,0,0,0,0,0,0,0,0,0,0,0,0,0,0,24.8,0,0,0,0,0,0,0,0,0,0,0,0,0,0,0,0,0,0,0,0,0,0,0,0,0,0,0,0,0,0,0,0,0,0,0,0,0,0,0,0,0,0,0,0,0,0,0,0,0,0,0,0,0,0,0,0,0,0,0,0,0,0,0,0,0,0,0,0,0,0,0,0,0,0,0,0,0,0,0,0,0
21.5,79.5,233,0,0.3,0,0,0,0,7.9,0,0,0,0,0,0,0,0,0,0,0,0,0,0,0,0,0,0,0,0,0,0,0,0,0,0,0,0,0,0,0,0,0,0,0,0.6,0,0,0,0,0,0,0,0,0,0,0,0,0,0,0,0,0.9,1,2.5,19,0,0,0,4.8,2.1,0,0,0,0.2,0,0,0,0,0,0,1.2,0,0,0,0,0,0,0,3.2,0,0,0.2,0,0,0,0,0,0,0,0,0,0,0,0,0.4,0,0,0,0,0,0,0,0,0,0,0,0,0,0,0,0,0,0,0,0,0,0,0,0,0,0,0,0,0,0,0,0,0,0,0,0,0,0,0,0,0,0,0,0,0,0,0,0,0,0,0,0,0,6.6,0.6,0,1.9,0,1.6,0,3.4,1.2,0,2.6,0,0.7,1.9,1.6,2.9,2.9,2.3,8.1,16.9,14.4,9.3,32.4,0,31.8,0,0.9,51.6,19.4,0,0,0,0,0,1.3,25.4,0,31.8,7.5,0,13.3,17.6,0,0,6.6,10,7.3,2.9,0.2,3.1,0.3,7,3.2,0.8,10.3,1,0,0.3,0,0,0,0.4,0.5,0,0,0,0.3,13,0.4,0.6,2,5.4,1.4,0,0,0,3,0,1.5,8.7,13.8,0.7,0,0.3,0,1.3,4.9,4.8,14,7.5,10.6,2.7,0,1.2,2,0,1.9,0,0,0,1.3,0,0,0,0,0,4,22.6,22.7,0,0,0,0.6,0,0,0,0,0,0,0,0,0,0,0,0,0,0,0,0,0,1,0,0,0,0,0,0,0,0,0,0,0,0,0,0,0,0,0,0,0,0,0,0,0,0,0,0,0,0,0,0,0,0,0,0,0,0,0,0,0,0,0,0,0,0,0,0,0,0,0,0,0,0,0,0,0,0,0,0,0,0,0,0,0,0,0,0,0,0,0,0,0,0,0,0,0,0,0,0
22.5,79.5,234,0,0,0,0,0,0.4,0.7,0.5,0,0,0,0,0,0,0,0,0,0,0,0,0,0,0,0,0,0,0,0,0,0,0,0,0,0,0,0,0,0,0,0,0,0,0,0,0,0,0,0,0,0,0,0,0,0,0,0,0,0,0,0,2.9,0,0,0,0,0,0,0,0,0,0.7,0,0,0,0,13.5,1.9,0.7,0,0,0,0,0,0,0,0,0,23.8,1,0,0,0,0,0,0,0,0,0,0,0,0,0,1.2,1.7,0,0,0,0.1,4.9,3.2,0,0,0,0,0,0,0,0,0,0,0,0.2,0.2,0,0,0,0,0,0,0,0,0,0,0,0,0,0,0,0,0,0,0,0,0,0,0,0,0,0,0,0,0,0,0,0,3.1,0,0,0,0,0,0.4,0.1,0,0,0.3,1.4,13,5.8,3.8,24.5,7.8,15.5,1.8,0.4,19,0.9,0.3,0,0.2,1.9,6.7,40.8,4.1,1,25.5,0,0,0,0,0,2.7,0.7,1,0.2,4.8,0,1.2,0.2,3.9,10.2,1.1,10,3.8,0,1.8,9.9,5.4,2.1,19,2.1,0.3,0,0.3,0,0,3.4,0,0,0,0,7.2,3.2,3,45,0.3,8.9,0.6,3.9,2,0.5,6.5,36.3,4.2,45.6,22.5,4.8,4.3,0.8,2.9,5,7.8,19.8,21.4,17.6,5.4,9.4,0.7,24.3,9.8,0.7,0.9,0,0,0.4,0.2,0,0,0,0,0,0,0,11.4,5.7,1.3,0,0,0,0,0,0.8,0,0,0,0,0,0,0,0,0,0,0.8,0,0,0,0,0.2,0,41.2,1.5,0,0.1,0,0,0,0,0,0,0,0,0,0,0,0,0,0,0,0,0,0,0,0,0,0,0,0,0,0,0,0,0,0,0,0,0,0,0,0,0,0.2,0,0,0,0,0,0,0,0,0,0,0,0,0,0,0,0.9,0.3,0,0,0,0,0,0,0,0,0,0,0,0,0,0,0,0,0
23.5,79.5,235,0,0,0,0,0,0,0,0,0,0,0,0,0,0,0,0,0,0,0,0,0,0,0,0,0,0,0,0,0,0,0,0,0,0,0,0,0,0,0,0,0,0,0,0,0,0,0,0,0,0,0,0,0,0,0,0,0,0,0,0,0,0,0,0,0.5,0,0,0,0,0,0,0,0,0,0,0,3.8,0.7,0,0,0,1.7,0,0,0,0,0,0,0,0,1.5,0,0,0,0,0,0,0,0,0,0,0,0,0,0,0,0,0,0.3,1.1,0,0,0,0,0,0,0,0,0,0,1.5,0,0,0,0,0,0,0,0,0,0,0,0,0,0,0,0,0,0,0,0,0,0,0,0,0,0,0,0,0,0,0,0,0,0,0,0,0,0,0,0,0,0,0,0,0,0,4.6,4.9,0.3,0,1.9,6.5,2.8,0,3.7,0,0.3,0,0,0,6.9,20.4,21.4,0.8,0,0,0.4,0,0,0,3,6.9,1.1,0,0,16.3,0,0,0,0.8,0,0.2,22.5,0.9,12.2,42.8,13.4,2.1,1.6,0.5,5.7,0,0,0,0,0,0,0,0,0,0,0,2.6,3.1,7.2,2.2,1.8,2.1,0.5,0,3.9,34.6,1,10.4,1.3,93.9,17.3,5.3,0,8.6,0.4,9.2,20.7,40.5,15.2,2.2,0.3,0.4,51.4,49.2,10.9,2,0,0,0,0,0,0,0,7.2,0,0,0,25,1.5,0,0,0,0,0,0,0,0,0,0,0,0,0,0,0,0,0,0,0.5,1.1,0,0,0,0,0,0.1,0,0,0,0,0,0,0,0,0,0,0,0,0,0,0,0,0,0,0,0,0,0,0,0,0,0,0,0,0,0,0,0,0,0,0,0,0,0,0,0,0,0,0,0,0,0,0,0,0,0,0,0,0,27.9,6.6,0.2,0,0,0,0,0,0,0,0,0,0,0,0,0,0,0,0,0
33.5,79.5,236,0,2.6,0,0.5,0,0,0,0,0,0,0,0,0,0,0,0,0,0,19.6,10,0,2.5,1.9,0,0,0,0,0,0,0,0,5.8,17.8,47,46.8,10.2,0,0,0,0,0,2.5,18.6,36.1,0,0,25.1,17.8,16.6,6.1,2,4.4,0,0,0,0,0,0,0,0,0,0,0,0,0,32.5,9.8,2.5,0.1,0,0,0,0,0,0,14.4,63.5,25.5,1.1,13.8,0,0,5.8,8.7,1,0.3,0,0,0,16.9,0,0,0,0,0,2.4,8.9,5.2,0,0,6.8,7.2,0.9,1.6,14.7,0,0,29.6,8.8,11.7,0,0,26.8,17.3,9,0,0,0,0,0,0,0,0,0,0,37,12.4,5.3,1.8,0,1.4,0.3,0,0,0,0,3.9,0.4,3.8,3.2,22.9,50.5,23.6,5.1,0,0,0,0,0,0,0,0,0,0,0,2.1,3.3,0,0,0,0,0,0,0,0,0,0,0,0,0,0,0.1,1.1,0.4,0,0,0,0,0,0,0,1.7,0,2.8,0.5,0,0.1,0,2,4.5,2.1,0,0,0,0.8,2.9,3,14.6,7.6,0.6,0,2.2,2,1.2,1.5,1.3,4.7,4.9,2.1,2.6,1.3,2.3,4.8,7.7,3.7,0.1,2,2.3,1.3,0,0.8,1.2,0.6,0,0.1,0,0,0,0,0,2.5,0,3.1,3.6,6.5,3.7,1.7,0,2.9,2.4,2.1,0.2,10.9,7.8,6.7,13.1,4.1,0.7,0.9,0,0,0,1.5,0,0,1,0,0,0,0,1.8,1.5,0,1.3,0,0.5,0,0.7,0.2,0.1,0,0,0,0,0,0,0,0,3.9,1.9,0,1,0,0,0,0.4,0,0,0,0,0,0.2,0,0,0,0,0,0,0,0,0,0,0,0,0,0,0,1.5,3.2,0.4,0,0,0,0,0,0,3.5,0,0.2,0,0,0,0,0,0,0,0,0,1.9,0,0,0,0,0,0,0,0,0,0,0,0,0,0,0,0,0,0,0,0,0,0,0,0,0,0,0,4.1,7,1.5,0,0,0,0,0,0
34.5,79.5,237,0,1.3,2.6,0.5,0.6,0,0,0,0,0,0,0,0,0,0,0,0,0,26.8,15.2,0,3.6,4,0.4,0,0,0,0,0,0.9,0,7.3,15.4,53.2,65,8.7,0.3,0,0,0,0,2.8,21.1,40.2,1.4,0,24.7,21.4,19.4,11,3.7,3,0,0,0,0,0.1,0,0,0,0,0,0,0,0,36.7,15.1,4.8,0.6,0,0,0,0,0,0,16,79.7,28.2,0.9,12.5,0.4,0.5,7.5,9.9,1.2,1.7,0,0,0,19.8,4.6,0.5,0,1.2,0.3,3.3,13.7,5.8,5.7,0,7.1,4.1,4,1.7,11.3,0.3,0.3,38.3,8.8,11.6,0.2,0,29.9,21.6,10.5,0.4,0,0,0,0,0,0,0,0,0,42.7,18.8,8.1,1.6,0.4,0.7,0.4,1.2,0,0,0,2,0.7,1.9,1.7,25.8,53.5,38.8,8.4,0.6,0,0,0,0,0,0,0,0,0,0,3,3.8,1.6,0,1,0.8,0,0,0,0,0,0,0,0,0,0,0.2,1.3,0.5,0,0,0,0,0,0,0,2,0.3,2.7,0.3,0.4,0,0,2.3,6.1,3.1,0,0,0,1,3.6,3.6,10.1,7.5,1.6,0,2.6,2.7,0.8,1.8,2,5.8,6.6,4.8,4.1,1.5,3,5.9,8.9,2.6,0.1,2.3,2,1.6,0,1,1.5,0.8,0,0.2,0.3,0,0,0,0,3,0,3.8,4.3,7.8,5.9,2.9,0,3.4,3,2.4,0.2,13.2,9,7.1,16.2,5.1,0.4,0.7,0,0,0,1.7,0,0,1.2,0,0,0,0,2.1,3.4,0,1.6,0,0.7,0,0.9,0,0.2,0,0,0,0,0,2.4,0.3,0,4.8,1.9,0,1.2,0,0,0,0.2,0.2,0,0,0,0,0.1,0.2,0,0,0,0,0,0,0,0,0,0,0,0,0,0,1.8,4.6,4.6,0,0,0,0,0,0,4.1,4.6,0.3,0,0,0,0,0,0,0,0,0,2.3,0,0.3,0,0,0,0,0,0,0,0,0,0,0,0,0,0,0,0,0,0,0,0,0,0,0,0,0,5.2,12.6,3.8,0,0,0,0,0,0
35.5,79.5,238,0,0.7,6.1,0.7,1.2,0,0,0,0,0,0,0,0,0,0,0,0,0,28.4,28.3,0,5,6.2,1.1,0,0,0,0,0,2.1,0,6.5,12.6,48.6,69.2,11.2,0.7,0,0,0,0,2.5,19.4,38.9,3.4,0,22,25.1,23.6,20,5.4,2.1,0,0,0,0,0.3,0,0,0,0.2,0.1,0,0,0,32,20.9,7.3,1.1,0,0,0,0,0,0,13.8,80.7,28.9,1.1,10,0.8,1.2,7,8.8,1.1,3.4,0,0,0,17.9,10.2,1,0,2.8,0.6,3.5,18,9.1,14,0,6,3,9.4,2.4,8.3,0.8,0.9,36.8,8.9,11.2,0.3,0,27.9,25.3,12.2,0.9,0,0,0,0,0,0,0,0,0,39.6,23.2,10.2,2,1.2,0.4,0.6,3.3,0,0,0,1,1.5,1,0.9,22.6,53,52.9,11.1,1.7,0,0,0,0,0,0,0,0,0,0,3.1,6.6,3.7,0,2.6,2.6,0,0,0,0,0,0.3,0,0,0,0,0.1,1.1,0.5,0,0,0,0,0,0,0,1.7,0.7,2.2,0.1,1.3,0,0,2,6.1,3.5,0.2,0,0,0.9,3.2,3.2,7.9,7.3,2.9,0,2.3,2.6,0.5,1.6,2.4,5.3,7,7.3,5.1,1.3,3.1,5.3,8,1.8,0.2,2,1.5,1.4,0,0.9,1.3,0.7,0.2,0.1,1,0.1,0,0,0,2.6,0.1,3.6,4.3,7.2,7.6,4.4,0.1,3,3.3,2,0.3,11.8,7.9,6.1,14.5,4.7,0.2,0.5,0,0,0,1.5,0,0,1,0,0,0,0,1.8,5.9,0,1.4,0.1,0.7,0,0.9,0,0.1,0,0,0,0,0,5.8,0.8,0,4.4,2.5,0,1.1,0,0,0,0.1,0.3,0,0,0,0,0.2,0.2,0,0,0,0,0,0,0,0,0,0,0,0,0,0,1.6,5.2,11.7,0,0,0,0,0,0,3.5,9.8,0.5,0,0,0,0,0,0,0,0,0,2,0,0.6,0,0,0,0,0,0,0,0,0,0,0,0,0,0,0,0,0,0,0,0,0,0,0,0,0,4.7,18.1,8.3,0,0,0,0,0,0
36.5,79.5,239,0,0.4,9.2,0.9,1.7,0,0,0,0,0,0,0,0,0,0,0,0,0,27.4,42,0,6.2,8,2,0,0,0,0,0,2.9,0,5.1,9.9,40,66.6,14.5,1.1,0,0,0,0,2,16.4,35.6,5,0,18.4,27.2,27.2,28.7,6.8,1.6,0,0,0,0,0.4,0,0,0,0.3,0.3,0,0,0,24.6,25.7,9.3,1.6,0,0,0,0,0,0,10.5,75.7,28.5,1.4,7.4,1.2,1.9,5.7,7,0.8,4.6,0,0,0,14.4,14.4,1.3,0,4.2,0.8,3.5,21.2,12.8,21.8,0,4.6,2.8,14.8,2.8,5.9,1.4,1.6,31.5,8.7,10.4,0.5,0,24.2,27.8,13.6,1.2,0,0,0,0,0,0,0,0,0,33.5,26,11.7,2.6,2.2,0.2,0.9,5.5,0,0,0,0.5,2.5,0.5,0.4,17.6,50.6,63.4,13,2.7,0,0,0,0,0,0,0,0,0,0,2.9,9.9,5.4,0,4,4.6,0,0,0,0,0,0.6,0,0,0,0,0.1,0.9,0.4,0,0,0,0,0,0,0,1.3,1.2,1.6,0,2.3,0,0,1.5,5.5,3.8,0.3,0,0,0.7,2.5,2.5,6.7,6.9,3.8,0.2,2.1,2.3,0.4,1.2,2.3,4.1,6.6,8.8,5.8,1,3,4.1,6.3,1.2,0.3,1.5,1.1,1,0.1,0.7,1,0.7,0.4,0.1,1.8,0.2,0,0,0,2,0.1,3.1,3.7,6.1,8.6,5.7,0.6,2.8,3.7,1.5,0.4,9.2,6.1,4.6,11.2,3.6,0.1,0.4,0,0,0,1.1,0,0,0.8,0,0,0,0,1.4,8.5,0,1.1,0.2,0.6,0,0.8,0,0.1,0,0,0.1,0,0,8.8,1.2,0,3.4,3.1,0,0.8,0,0,0,0,0.4,0,0,0,0,0.3,0.2,0,0,0,0,0,0,0,0,0,0,0,0,0,0,1.2,5.4,18.7,0,0,0,0,0,0,2.6,13.2,0.7,0,0,0,0,0,0,0,0,0,1.6,0,0.8,0,0,0,0,0,0,0,0,0,0,0,0,0,0,0,0,0,0,0,0,0,0,0,0,0,3.7,21.9,13,0,0,0,0,0,0
12.5,80.5,240,2.3,2.2,1.2,0,0,0,0,0,0,0,0,0,0,0,0,0,0,0.2,0,0,0,0,0,0,0,3.5,0,0,0,0,0,0,0,1.2,0,0,0,0,0,0,0,0,0,3.3,0,0,0,0,0,0,0,0,0,0,0,0,0,0,0,0,0,0,0,0,0,0,0,0,0,0,0,0,0,0,0,0,0,0,0,0,0,0,0,0,0,0,0,0,0,0,5.9,0.6,0,0.4,0,0,0,0,0,0,0,0,0,0,0,5.3,0,2.5,0,0,0.3,0.5,0,0,0,0,0,0,0,0,0,0,0,0,0,0,0,0,0,0,0,0,0,0,0,0,0,0,0,0,0,0,0,0,0,0,0,0,0,0,0,0,0,0,0,0,4.3,0,0.7,0,0,0,0,0,5.7,0.2,0,0,0,0,0,0,0,0,0,0.2,0.3,0,2.7,1.8,0.2,5.9,7,11.4,0.6,0,0,0,0,0,0,0,0,1.2,1.4,0,0.4,0,16,35.2,12.3,8,0,1.4,3.9,3.6,6.2,0,0,0,4.2,9.3,30.2,6.7,7.6,5.9,15.5,0,0,0,0,0,3.1,2.1,8.6,3.9,5.2,7.3,5.1,0.3,0,11.7,52.1,14,0.4,0,0,0,0,12.7,7.4,2.6,12.4,11,0,0,0,0,6.1,1.9,0,0,0,1.2,16,4.2,1.2,0.4,2.7,0,13.1,3.8,0.4,31.7,0,0.1,0.7,0,0,0,0,0,15.5,0.2,0,0,0,0,0,0,0,0,0,0,0,1.4,2.5,14.3,3.5,6.5,7.8,0.5,0.6,0.2,0.2,4.1,18.4,0,0,0,0,0,0,0,0,0,41,13.4,2.3,0.6,5.3,20.3,15.5,10.1,11,0,0,0,0,1.6,23.2,30.4,25.6,0,0,0,35.1,9.5,7.9,6.8,1.2,0,67.4,5.6,3.4,0.5,0,40.4,75.5,18.8,35.7,15.2,29.6,12.9,12.3,7.5,6.2,8.5,0,2.3,0,0,0,0,0,0,0,0,0,0,41.1,7.8,0,6.2,0
13.5,80.5,241,1.9,2.7,0,0,0,0,0,0,0,0,0,0,0,0,0,1,0,0,0,0,0,0,0,0,0,0.7,0,0,0,0,0,0,0,0,0,0,0,0,0,8.5,0,0,0,2.1,0,0,0,0,0,0,0,0,0,0,0,0,0,0,0,0,0,0,0,0,0,0,0,0,0,0,0,0,0,0,0,0,0,0,0,0,0,0,0,0,0,0,0,0,0,0,0.6,0.8,2.8,0.6,0,0,0,0,0,0,0,0,0,0,0,5.3,0,0,0,0.6,30,0.2,0,0,0,0,0,0,0,0,0,0,0,0,0,0,0,0,0,0,0,0,0,0,0,0,0,0,0,0,0,0,0,0,0,0,0,0,0,0,0,0,0,0,0,0,1.2,0,0.9,0,0,0,0.2,0,5.8,0,0,0,0,0,0,1,0,0,0,0.3,0,0.6,3.1,0.3,2.4,2.3,30.8,23.1,16.5,0,0,0,0,0,0,0,0,21.8,18.1,0,0.3,0,4.3,16.1,1.7,5.9,1.1,2.1,9.4,6.4,0.5,0,0,0,1,12.4,11.5,1.2,8.3,2,2.4,3.1,0,0,0,0,0,6.5,7.8,0.4,0,0,10.3,7.6,9.3,17.1,55.6,21.4,0.3,0,0,7.6,0,1.1,0,0,16.2,0,0,0,0,0,5.8,0.2,0,0,0,0,5.8,11.8,36.8,2.8,3.4,0,14,11.8,0.6,6,0.6,1,0,0,0,0,0,0,5.4,0,0,0,0,0,0,0,0,0,0,0,0,1,0.7,13.2,11.3,29.8,5.6,0.5,0.5,1.1,0.1,3,4.4,0,0,0,0,0,0,0,0,10.8,25.9,14.6,13.1,2,6.7,33.4,36.4,5.8,9.6,4.6,0,0,0,5.8,21.1,46.4,16.1,0,0,0,31.9,13.4,22.5,2.5,17.2,0,83.1,23.7,3.7,2.4,0,37.7,52.2,21.3,16,46.8,23,9.4,17.1,27.7,0,32.2,0,6.8,0,0,0,0,0,0,0,0,0,0,4.6,5.5,0,0,22.8
14.5,80.5,242,0,1.5,0,0,0,0,0,0,0,0,0,0,0,0,0,0,0,0,0,0.4,0,0,0,0,0,0,0,0,0,0,0,0,0,0,0,0,0,0,0,0,0,0,0,0,0,0,0,0,0,0,0,0,0,0,0,0,0,0,0,0,0,0,0,0,0,0,0,0,0,0,0,0,0,0,0,0,0,0,0,0,4.3,0,0,0,0,0,0,0,0,0,3.5,0,0,0,0,0,0,0,0,0,0,0,0,0,0,0,0,0,0,3.1,22.3,0.1,0,0,0,0,0,0,0,0,0,0,0,0,0,0,0,0,0,0,0,0,0,0,0,0,0,0,0,0,0,0,0,0,0,0,0,0,0,0,0,0,0,0,0,0,0,2,0.6,0,0,0,0.6,0,1.4,0,0,0,0,0,0,2.9,0.4,0,0,0,2.3,8.6,0,2.2,0.9,0,9.9,13.9,0,0,0,0,0,0,0,0,0.3,2.4,4.7,0.1,0,0,0.3,0.2,14.5,3.2,0,1,2.1,14.2,0,0,0,0,0,2.9,0.1,0,3,5.2,3.6,0,0,1.7,0,0.6,0,1,8,0,0,22.4,3.1,0,0,8.1,68.5,0.6,0,0,1.5,12.4,1.2,0,0,9,3.4,0,0,0,0,0,0,0,0,0,2.5,0,0,0,42.9,3.2,1,0.3,13.6,48.7,9.7,0.2,0,0.8,0,1.5,0,0,1.6,0,2.4,0,0,3.1,2.2,0.2,2.8,0.2,1.5,2.3,0,0,0,0,2.2,14.3,8.4,27.3,35.5,3.7,0.6,1.6,10.1,5.9,0.9,2.1,3.6,1,0,4.1,0.7,0,0,0,1.6,9.8,6.7,0,2.9,3,23.2,0,0,0,0,1.8,0,1.5,0,5.1,2.4,0,1.3,4,25.6,11.1,46.3,1.5,3,0,10,2.4,1.9,3.3,0,10.7,4.1,0,0.6,46.3,62.9,27.8,5.5,1.7,0,0,0,0,0,0,0,0,0,0,0,0,0,0,0,0,0,0,17.4
15.5,80.5,243,0,0,1.1,0,0,0,0,0,0,0,0,0,0,0,0,0,0,0,0,0,0,0,0,0,0,0,0,0,0,0,0,0,0,0,0,0,0,0,0,0,0,0,0,0,0,0,0,0,0,0,0,0,0,0,0,0,0,0,0,0,0,0,0,0,0,0,0,0,0,0,0,0,0,0,0,0,0,0,0,0,0,0,1.5,0,0,0,0,0,0,12.6,0,2.6,0.4,0,0,0,0,0,0,0,0,0,0,0,0,0,0,0,2.1,8.1,17.2,0,0,0,0,0,0,0,0,0,0,0,0,0,0,0,0,0,1.9,0,0,0,0,0,0,0,0,0,0,15.8,12.7,0,0,0,0,1.7,0.7,0,0,0,0,0,0,0,0.5,6.7,0,1.8,0,0.6,0,0,11.7,0,25.1,0,0,0,4.1,1.1,0,0,0,0.3,0,0,8.1,0,0,0,0,0,0.9,26,0,0,0,0,0,0,0,0,2.1,1.7,11.8,5.3,0.8,1.4,0.6,4.8,2.5,1,0,0.5,1.5,0,0,0,0,1.2,0,1.2,0,0,0,0,0,0,0.5,16.9,11.4,0,0,1.3,1.2,1.3,0,6.7,8.2,0.6,0,0.9,6.3,1.6,0,3,24.6,5.1,0,0,2,1.5,12.9,18.2,0.9,0,0,0,0,0.6,0.4,0,29.2,0,3.9,0.7,12.9,0,2.2,7.3,10.5,10.4,12.5,6.6,1.4,0,0.2,0,0,0,0,0,0,0,0,0,0,0,0,0,0,0,0,0,0,0,0,0,12.1,0,1.5,0,0,0,0,0,0,0,0,0,0,0,0,0,0,0,0,1.4,20.9,1.2,0.5,0,0,0,0,0,0,0,0,0,0,0,0,0,0,0,0.7,0,5.6,0,0.5,0,0,0,0,0,0,0,0,0,0,0.5,2.7,9,15.9,0,0,0,0,0,0,0,0,0,0,0,0,0,0,0,0,0,0,0,0
16.5,80.5,244,0.1,3.4,0,0,0,0,0,0,0,0,0,0,0,0,0,0,0,0,0,0,0,0,0,0,0,0,0,0,0,0,0,0,0,0,0,0,0,0,0,0,0,0,0,0,0,0,0,0,0,0,0,0,0,0,0,0,0,0,0,0,0,0,0,0,0,0,0,0,0,0,0,0,0,0,0,0,0,0,0,0,0,0,0,0.2,0,0,0,0,0.1,0,7.9,4.8,3.5,0,0,0,0,0,0,0,0,0,0,0,0,0,0,0,0,0,8.6,0,0,0,0,0,0,0,0,0,0,0,0,0,0,0,0,0,0,0,0,0,0,0,0,0,0,0,0,18.4,43.1,0,0,0,0,0,0,0,0,0,0,0,0,15.4,1,0,0,4.8,0,12.5,0,0,0,3.7,3.7,0,0,0,7.8,0,0,4.6,0.1,0.3,3.3,0,16.5,0,0,0,0,0,20.7,11.4,9.5,0.1,0,0,0,0,0,6.5,4.2,43.7,15.4,10.9,4.4,11.7,12,26,11.5,0.2,0,7,17.1,2.2,5,0,0,12.4,4.1,0,0,0,1,0.1,0,0,0,6.5,27.1,11.4,0,0,0,0,3.6,5.7,4.4,4.4,0.3,6.8,2.7,7.7,21.6,23.4,8.2,0,3.9,0,0,0,26.2,25.4,0,0,0,0,0,0,0,11.8,29.4,0.8,11.9,19.6,1.5,12.1,0,8.3,3.5,21.8,20.4,1.8,2.3,0,0,0,0,0.1,0,0,0,0,0,0,0,0,0,0,0,0,13,0,16.7,0,0,0,1.6,1.1,0,0,0,0,0,0,0,0,0,0,0,0,0,0,0,0,0,0,0,0,0,0,0,0,0,0,0,0,0,0,0,0,0,0,0,0,0,0,0,0,0,0,0,0,0,0,0,0,0,0,0,0,0,0,0,0,0,0,0,0,0,0,0,0,0,0,0,0,0,0,0,0,0,0,0
17.5,80.5,245,0,0,0,0,0,0,0,0,0,0,0,0,0,0,0,0,0,0,0,0,0,0,0,0,0,0,0,0,0,0,0,0,0,0,0,0,0,0,0,0,0,0,0,0,0,0.6,0,0,0,0,0,0,0,0,0,0,0,0,0,0,0,0,0,0,0,0,0,0,0,0,0,0,0,0,0,0,0,0,0,0,0,0,0,0,0,0,0,0,0,19.6,12.2,1.4,0,0,14.5,0,0,0,0,0,0,0,0,0,0,0,0,0,0,0,3.2,0,0,0,0,0,0,0,0,0,0,0,0,0,0,0,0,0,2.6,0,0,0,1.9,8.8,0,0,0,0,0,0.1,0.4,0,0,0,0,0,0,0,0,0,0,0,0,0,0,7.5,0.2,3.9,0.1,0,0,0,0,0,0,0.2,0,0,0.2,0.2,0,6.8,6.1,6.7,2,19.9,0,8.4,1.3,0,18.8,0,19.2,2.8,7.7,3.9,1.2,0,0,9.2,0,12.3,38.1,42.5,89.2,33.3,1.7,7.8,2.2,31.3,39.2,3.4,0.2,3.2,0.4,10.5,32.3,0,0,0,0,0,0,0,0,0,0,26.8,0,0,0,0,0,0,0,0,0,1.2,0,0,0,0,4.9,1.9,8.2,8.3,27.7,1.3,0.2,0,2.2,0,9.8,27.1,0.4,1.3,0,7.1,0,0,0,0.2,31.9,4.1,0.9,1.6,0.6,2.4,1.4,0,0,20.1,20.3,9.5,2.3,1.9,0,0,0,0,0,0,0,0,0,0,0,0,0,0,0,0,0,5.8,0,0,0,0,0,0,0,0,0,0,0,0,0,0,0,0,0,0,0,0,0,0,0,0,0,0,0,0,0,0,0,0,0,0,0,0,0,0,0,0,0,0,0,0,0,0,0,0,0,0,0,0,0,0,0,0,0,0,0,0,0,0,0,0,0,0,0,0,0,0,0,0,0,0,0,0,0,0,0,0,0
18.5,80.5,246,0,0,0,0.1,3.5,0,0,0,0,0,0,0,0,0,0,0,0,0,0,0,0,0,0,0,0,0,0,0,0,0,0,0,0,0,0,0,0,0,0,0,0,0,0,0,0,0,0,0,0,0,0,0,0,0,0,0,0,0,0,0,0,0,0,0,0,0,0,0,0,0,0,0,0,0,0,0,0,0,0,0,0,0,0,0,0,0,0,0,0,36.9,1.1,16.7,0,0,0,0,0,0,0,0,0,0,0,0,0,3.9,0,1.7,0,2.3,2,0,0,0,0,0,0,0,1,0.3,0,0,0,0,0,0,0,0,0,0,0,0,0,0,0,0,0,0,0,0,0,0,0,0,0,0,0,0,0,0,0,0,0,0,0.6,1.3,0,0,0,0,0,2,0,0.7,0,16.2,0.4,1.7,10.6,24.5,20.2,16.4,100.8,26.7,5.2,0.7,3.5,22.3,0,0,0,2.8,0,45.7,50.8,1.1,0.3,0,0,0.4,0.6,15.2,10.9,9.3,54.8,72.1,11.1,0,4.6,47,45.8,11,3,13.9,7.5,7.3,9.7,18.2,1.9,0.2,10.2,0.3,3.6,14.1,2.6,0,0.3,1.1,5.3,0,1.1,0,1,0,0,0,0.8,2.9,40.3,7,0.5,0.8,3.9,4.9,19.2,48.8,15.8,0.5,2.3,8.3,11.3,11.6,50.4,66,34,0.7,0.2,0.4,10.8,11.7,6.6,0.9,6.4,0,0,14.2,0.8,0,1.7,1.8,0,1.1,8.3,11.4,9.3,2.8,0,0,0,0,0,0,0.1,0,0,0,0,0,0,0,0,0,0.3,0,0,0,0,0,0,0,0,0,0,0,0,0,0,0,0,0,0,0,0,0,0,0,0,0,0,0,0,0,0,0,0,0,0,0,0,0,0,0,0,0,0,0,0,0,0,0,0,0,0,0,0,0,0,0,0,0,0,0,0,0,0,0,0,0,0,0,0,0,0,0,0,0,0,0,0,0,0,0,0,0,0
19.5,80.5,247,0,0,0,0.4,2.3,0,0,0,0,0,0,0,0,0,0,0,0,0,0,0,0,0,0,0,0,0,0,0,0,0,0,0,0,0,0,0,0,0,0,0,0,0,0,0,0,0,0,0,0,0,0,0,0,0,0,0,0,0,0,0,0,0,0,0,0,0,0,0,0,0,0,0,0,0,0,0,0,0,0,0,0,0,0,0,0,0,0,0,0,30.8,0,13.3,0,0,0,0,0,0,0,0,0,0,0,0,0.4,2.2,0,1.7,0,0,1.9,0,0,0,0,0,0,0,1,0.3,0,0,0,0,0,0,0,0,0,0,0,0,0,0,0,0,0,0,0,0,0,0,0,0,0,0,0,0,0,0,0,0,0,0,0,0,0,2.2,0,0,0,1,0,1,0,16,0.3,1,5.8,15,3.2,14.9,81.7,25.8,1.6,0,2.3,18,0,0,0,0,0,38,39.5,0.5,0,0,0.5,0,0,12.5,8.9,26.1,35.8,41.9,10,0.2,2.6,48.9,32,15.3,5,30.2,9.8,12.5,15.1,17.1,2.3,1.5,15.1,1.6,0.9,11.2,3.4,0.4,0.4,4.3,5.2,0,1.7,1.6,0,0,0,0,2,1.3,33.9,7.9,0,3.5,3.9,4.4,21.6,37.1,14.4,1.5,1.7,5.5,10.6,9.1,47.1,51.3,28.1,8,7.9,2,12.1,13.9,6.8,2.2,6.4,0,0,10.7,0.7,0,1,1.8,10.6,4.3,5.5,13.1,19,2.4,0,2.5,0.4,0,0,0,0,0,0,0,0,0,0,0,0,0,0.3,0,0,0,0,0,0,0,0,0,0,0,0,0,0,0,0,0,0,0,0,0,0,0,0,0,0,0,0,0,0,0,0,0,0,0,0,0,0,0,0,0,0,0,0,0,0,0,0,0,0,0,0,0,0,0,0,0,0,0,0,0,0,0,0,0,0,0,0,0,0,0,0,0,0,0,0,0,0,0,0,0,0
20.5,80.5,248,0,0,0,0.6,0.2,0.3,0,0,0,0,0,0,0,0,0,0,0,0,0,0,0,0,0,0,0,0,0,0,0,0,0,0,0,0,1.6,0.8,3.2,0.7,0,0,0,0,0,0,0,0,0,0,0,0,0,0,0,0,0,0,0,0,0,0.3,0,0.5,0,0,0,0,0,0,0,0,0,0,0,0,0,0,0,0,0,0,0,0,0,0,0,0,0,0,10.9,2.7,0,0.5,0,0,0,0,0,0,0,0,0,0,0,0,0,0,0,0,0.8,0,0,0,0,0,0,0,0,0,0,0,0,0,0,0,0,0,0,0,0,0,0,0,0,0,0,0,0,0,0,0,0,0,0,0,0,0,0,0,0,0,0,0,0,0,0,0,0,5.2,0,0,0.3,1.7,6.8,21.3,0.6,0,8.4,4.9,0,11.8,0.7,3.6,2.1,13.4,5,1,0,0.4,0,0,0,12.5,16.4,17.4,4.2,0.5,0.2,5.8,1.7,0,1,3.9,8.2,19.5,5.9,15.9,3.6,1.3,0.9,43.9,31.1,19.6,45.1,14.7,7.3,10.6,14.5,7.3,11.1,6.4,5.5,1,0.4,3.6,5.9,3.8,7.3,7.5,0.4,0,0,23.3,0.6,0.4,0,2,3.1,0.7,6.4,0,2.9,2.3,0.2,5.5,13.3,8.5,13,3.8,0.4,1.4,0,9.5,11.3,94.4,16.8,4.1,4.7,5.9,7.1,17,1.6,0.7,0,0,0,0,0,0.3,0,0,0,0,4.9,95.9,76.3,2.3,0,0,0.9,0,0,0,0,0,0,0,0,0,0,0,0,0,0,0,0,0,0,0,0,0,0,0,0,0,0,0,0,0,0,0,0,0,0,0,0,0,0,0,0,0,0,0,0,0,0,0,0,0,0,0,0,0,0,0,0,0,0,0,0,0,0,0,0,0,0,0,0,0,0,0,0,0,0,0,0,0,0,0,0,0,0,0,0,0,0,0,0,0,0,0,0,0,0,0,0
21.5,80.5,249,0,0,0,6.2,7.9,0.6,22.5,2.6,0,0,0,0,0,0,0,0,0,0,0,0,0,0,0,0,0,0,0,0,0,0,0,0,0,0,0,0,0,0,0,0,0,0,0,0,0,0,0,0,0,0,4.8,0,0,0,0,0,0,0,0,0,4.2,0,0,0,0,0,0,0,0,0,0,0,0,0,0,0,0,0,0,0,0,0,0,0,0,0,0,0,10,2.4,0.7,0,0,0,0,0,0,0,0,0,0,0,1.4,0,0,0,0,0,0,0.8,0,0,0,0,0,0,0,0,0,0,0,0,0,0,0,0,0,0,0,0,0,0,0,0,0,0,0,0,0,0,0,0,0,0,0,0,0,0,0,0,0,0,0,0,0,0,0,0,0,0,0,0,0,6.4,4.4,0,0,9.9,0,16.9,32.2,16.9,0,0,3.8,2.5,1.8,0,0,0,0,0,0,21.2,3.6,2.8,0,0,11.5,0,0,6.2,1.1,1.2,0,0,5.6,16.9,0,4.4,56.8,4.6,17.4,37.3,132.4,34.4,27.7,13.5,19.4,58.8,5.6,3.2,0,0,0,0,0,0,0,0,0,0,0,55.2,1.2,10.4,7.1,0,9.6,0,0,1.4,0,6.3,6.8,27.3,3.2,19.5,0,0,0.6,19.9,12.4,1.4,31.5,3.7,1.9,0,9.6,29.5,46.2,6.4,2.2,0,0,0,0,0,0,16.5,0,0,0,0,1,110.3,11.2,0,0,0,0,0,0,0,0,0,0,0,0,0,0,0,0,0,0,0,0,0,0,0,0,0,0,0,0,0,0,0,0,0,0,0,0,0,0,0,0,0,0,0,0,0,0,0,0,0,0,0,0,0,0,0,0,0,0,0,0,0,0,0,0,0,0,0,0,0,0,0,0,0,0,0,0,0,0,0,0,0,0,0,0,0,0,0,0,0,0,0,0,0,0,0,0,0,0
22.5,80.5,250,0,0,0,0,0,0.4,0.4,0.6,0,0,0,0,0,0,0,0,0,0,0,0,0,0,0,0,0,0,0,0,0,0,0,0,0,0,0,0,0,0,0,0,0,0,0,0.7,3.8,0,0,0,0,0,0,0,0,0,0,0,0,0,0,0,0,0,0,0,0,0,0,0,0,0.3,5.4,0,0,0,0,0,3.3,1.6,0,0,0,0,0,0,0,0,0,3.8,9.3,6.4,28,3.6,0,0,0,0,0,0,0,0,0,0,1.2,0,0,0,0,0,0,0,2.1,0,0,0,0,0,0,0,0,0,0,0,0,0.2,0,0,0,0,0,0,0,0,0,0,0,0,0,0,0,0,0,0,1.2,0,0,0,0,0,0,0,0,0,0,0,0,0.6,0.8,0.7,0,0,0,0,0,0,0.3,1.1,0.3,0.4,5.2,0.5,5.5,17.5,10.1,13.4,0.2,30.4,4,0.2,0,0,0,1.6,3.1,8,3,0.7,1,0.5,0.2,0,0,0,0,11,6.2,1.1,2.5,2.9,1.5,5.9,10.7,2.2,5.7,6.7,19,19.6,42.8,16.5,13.7,2,10.6,7.7,1.1,0.2,0,0.5,0.9,2.1,0,0,0,0,13,4.9,3.3,14.1,32.1,15.4,0.5,0,0.7,6.5,8.3,0.2,4.7,21.5,22.7,28.3,2.2,1.8,1.1,8.2,5.9,6.5,52.2,16.4,0.7,1.5,8.9,17.9,57.4,1.9,0.5,0,0,0,0,0,0,0,0,0,0,6.5,37.1,0.4,0,0,0,0,0,0,0,0,0,0,0,0,0,0,0,0,0,0,0,0.4,0.6,0,0,0,0,40.3,0,0,0,0,0,0,0,0,0,0,0,0,0,0,0,0,0,0,0,0,0,0,0,0,0,0,0,0,0,0,0,0,0,0,0,0,0,0,0,0,0,0,0,0,0,0,0,0,0,0,0,0,0,0,0.4,0,0,0,0,0,0,0,0,0,0,0,0,0,0,0,0,0,0
23.5,80.5,251,0,0,0,0,0,0,0,0,0,0,0,0,0,0,0,0,0,0,0,0,0,0,0,0,0,0,0,0,0,0,0,0,0,0,0,0,0,0,0,0,0,0,0,0,0.9,0,0,0,0,0,0,0,0,0,0,0,0,0,0,0,0,0,0,0,0,0,0,0,0,0.6,0,0,0,0,0,0,0,1.5,0,0,0,0,0,0,0,0,0,1.6,2.4,3,11.9,6,0,0,0,0,0,0,0,0,0,0,0,2.3,0,0,0,0,1.8,1.5,0,0,0,0,0,0,0,0,0,0,0,0,0,0.6,0,0,0,0,0,0,0,0,0,0,0,0,0,0,0,0,0,0,0,0,0,0,0,0,0,0,0,0,0,0,0,0,0,1.6,0,0,0,0,0,0,1.1,0,5.9,0.3,5.5,9.6,1.2,11.9,4.7,15.5,7.3,51.4,2.2,0,0,0,0,7.8,11.1,10.4,2.1,8.6,2.9,0,0,0,0,0.2,0.4,0,0.9,0,1.1,6.4,0,3.5,3.3,0.7,3.1,11.1,25.5,41.8,41.9,7.9,9.4,2.3,10,9.5,3.8,2.6,1.1,0,0,0,0,0,0,0,1.7,11.5,2.7,2.3,6.4,1.3,0,0,2.5,15.2,21.2,5.8,1,4.9,31.9,17.5,1.9,0.7,5,15.3,21.4,4.3,25.1,6.6,4.4,0.4,8.4,63,51.3,5,4.8,0,0,0,0,0,0,0,0.5,0,0,3.5,8.2,0.5,0.8,0,0,0,0,0,0,0,0,0,0,0,0,0,0,0,0,0,0,0,0,0,0,0,0.3,13.7,0,0,0,0,0,0,0,0,0,0,0,0,0,0,0,0,0,0,0,0,0,0,0,0,0,0,0,0,0,0,0,0,0,0,0,0,0,0,0,0,0,0,0,0,0,0,0,0,0,0,0,0,0,1.8,5.3,0.7,0,0,0,0,0,0,0,0,0,0,0,0,0,0,0,0,0
35.5,80.5,252,0,1.3,3.8,1.6,0.9,0,0,0,0,0,0,0,0,0,0,0,0,0,23.3,22.2,0.2,3.8,4.3,0.7,0,0,0,0,0,1.3,0,5.8,13.7,45,58.2,12.5,0.5,0,0.1,0,0,2.3,17.9,37.4,2.5,0,21.9,22.2,21.7,15.1,3.9,3,0,0,0,0,0.2,0,0,0,0,0,0,0,0,30,18.5,5.2,1,0,0,0,0,0,0,13.1,69.3,27,3.5,11.3,0.8,1.2,6.1,8.2,1.2,2.7,0.1,0,0,16.5,7.6,1.6,0,1.7,0.5,2.9,13.8,7.3,8.8,0,5.9,4.4,5.9,2,10.1,0.5,0.5,31.7,9,10.8,0.3,0,25.7,21.2,10.4,0.5,0,0,0,0,0,0,0,0,0,36.1,18.2,8.1,1.9,0.7,0.8,0.5,2,0,0,0,2,1.1,2.2,1.7,21.2,49.4,40.6,8.3,1.3,0,0,0,0,0,0,0,0,0,0,2.6,5.8,2.3,0,1.6,1.5,0,0,0,0,0,0.2,0,0,0.6,0,0.8,1.2,0.5,0.3,0.4,0,1.4,1.4,1,0.3,1.9,0.6,3,0.4,0.9,2,3.7,2.2,5.5,3.4,0.2,0,0.5,2.1,5.1,3.3,10.3,8.3,2.3,0.3,3.1,2.3,1.7,1.6,2,5.3,6.5,5.5,4.6,1.3,3.4,5,7.8,3.1,0.3,1.9,1.8,1.3,0.4,0.8,1.3,0.7,0.2,0.3,1.3,1.5,0.3,0.5,0.6,2.4,1.5,3.8,4.5,6.7,6.5,3.4,0.1,3,3.5,2.5,0.7,11,7.4,6.4,13,4.1,0.4,0.7,0.6,0,0,2.4,1.4,0,1.1,0,0.2,0.2,0,2,4.1,0.1,1.3,0.3,0.7,0,0.7,0,0.2,0,0,0,0,0,3.5,0.5,0,3.9,2.4,0.2,1.1,0,0,0,0.5,0.2,0,0,0,0,0.3,0.3,0,0,0,0,0,0,0,0,0,2.1,0.2,0.7,0,0,1.5,4.6,7.6,0,0,0,0,0,0,3.2,6.1,0.5,0,0,0,0,0,0,0,0,0,1.8,0,0.4,0,0,0,0,0,0,0,0,0,0,0,0,0,0,0,0,0,0,0,0,0,0,0,0,0,4.2,13.3,5.5,0,0,0,0,0,0
16.5,81.5,253,0,0,0,0,0,0,0,0,0,0.6,0,0,0,0,0,0,0,0,0,0,0,0,0,0,0,0,0,0,0,0,0,0,0,0,0,0,0,0,0,1.3,9,0,0,0,0,0,0,0,0,0,0,0,0,0,0,0,0,0,0,0,0,0,0,0,0,0,0,0,0,0,0,0,0,0,0,0,0,0,0,0,0,0,0,0,0,0,0,0,0,0,0,0,1.7,4.5,0,0,0,0,0,0,0,0,0,0,0,0,0,0,0,0,10.9,0,0,0,0,0,0,0,0,0,0,0,0,0,0,0,0,0.7,0,0.4,0,0,0,0.1,0,0,0,0,0,0,0.2,0,0,0,0,17.8,0,0,0,0,0,0,0,0,0,0,0,0,0,0,0,0,0,0,2.7,0,0,0,0,0,0,0,0,3.4,4.3,0.3,15,0,0.1,0,0,0,0,0.2,22.4,0,0,0,0,0,0,0,0.1,14.2,18.7,8.4,0.1,3.6,42.8,5.5,25.3,2.5,0,2.1,3.8,18.2,8.7,0.7,0.2,2.2,0.9,0.7,0,0,0,1.7,0,0,0,0,0,0,22.9,0,0.2,0,0,4.3,0,24.8,1.1,2.3,37.2,43.9,5.8,18,19.2,0,6,11.9,0,0,9,35.5,0.7,1.1,0,0,0.4,0,0,0,15.6,13.9,4.3,0.6,0,0,0,2.8,28.1,44.3,15.1,7.3,2.4,0,0.2,4.7,0,0,0,7.8,0,0,0,0,0,0,0,0,0,0,0,42.1,10.3,0,0,2.2,0.5,20.7,1.3,0.1,1.5,0.7,0,0,0,0,0,0,0,0,0.2,0,0,0,0,0,1.5,0,0,0,0,0,0,0,0,0,0,0,0,0,0,0,0,1.2,0,0,0,0,3.9,0,0,0,0,0,0,0,0,0,0,0,0,0,0,0,0,0,0,0,0,0,0,0,0,0,0,0,0,0,0,0,0,0,0
17.5,81.5,254,0,0,0,0,0,0,0,0,0,6,0,0,0,0,0,0,0,0,0,0,0,0,0,0,0,0,0,0,0,0,0,0,0,0,0,0,0,0,0,0,0,0,0,0,0,0,0,0,0,0,0,0,0,0,0,0,0,0,0,0,0,0,0,0,0,0,0,0,0,0,0,0,0,0,0,0,0,0,0,0,0,0,0,0,0,0,0,0,0,0.8,0,2.4,5.3,0,10,1.4,1.2,0,0,0,0,0,0,0,0,0,0,0,0,7.5,5.3,0,0.5,0,0,0,0,0,0,0,0,0,0,0,5.5,0,2.4,0,0.7,0,0,0,0,6,0,0,0,0,0,0,2.6,0,5.4,0.3,1.7,1.2,0,0,0,0,0,0.8,0,0.4,0.4,3.2,0,1.7,0,20.1,0,1.2,0,0,10.7,0,0,0.9,1.6,14.1,1.7,1.1,6.2,21.3,11.3,3.1,4.5,15.7,16,2.5,0,9.4,1.9,20.5,2.5,10.8,0.6,0,0,0,2.5,5.5,10.8,10.9,59.8,47.6,3.1,21.9,5.8,4.1,28,12.2,6,9.4,1.1,7,20.2,2.8,11.4,2.5,0,0.1,0.9,0,2.5,0.5,0,3.1,11.4,5.1,0,1.6,7,0.7,0,0,0,0,1.4,6.9,5.5,11,12.1,1.4,41.4,20.1,25.8,2.5,3.8,4.5,0.7,0.9,5.6,24.7,10.8,1,0.5,20.2,0,1.6,6,0.6,2.1,0,0,0.2,4.7,4,0.5,11,22,22.5,7.2,8.7,9.7,0.4,0.2,0,0,3.9,0,1.3,0,0,0,0,0.3,0,0,0,0,0,1.7,1,2.7,0,0,0,33.7,10.5,4.6,0,0,22.8,0.2,0,0.3,0,0,0,0,0,0,0,0,0,0,0,0,0,0,0,0,0,0,0,0,0,0,0,0,0,0,0,0,0,0,0,0,0,0.5,0,0,0,0,0,0,0,0,0,0,0,0,0,0,0,0,0,0,0,0,0,0,0,0,0,0,0,0,0,0,0,0,0,0
18.5,81.5,255,0,0,0,0,0,0,0.1,0,0,0,0,0,0,0,0,0,0,0,0,0,0,0,0,0,0,0,0,0,0,0,0,0,0,0,0,0,0,0,0,0,0,0,0,0,0,0,0,0,0,0,0,0,0,0,0,0,0,0,0,0,0,0,0,0,0,0,0,0,0,0,0,0,0,0,0.1,0,0,0,0,1.9,1.3,0,0,0,0,0,0,0,2.1,3.3,0,20.5,0,0,1.5,0,4.9,0,0,0,0,0,0,0,1.7,0.4,2.9,0.2,0,1.2,33.6,0,0,0,0.1,0,0,0,0.1,0,0,0,0.1,0,0,0,2.5,3,9,0,0,0.4,0,0,0,1.5,0,0,0.1,0,0,0,0.7,0.3,0,0,2.3,0,0,0,0,0,0,0.2,0,18.2,0,1.6,0,4.5,0,0.4,0,0,0,2.1,0,0.3,0,13.8,25,0.6,8.3,4.2,16.1,5.2,5.6,22.9,5.4,0.4,0.3,0,0.2,7.3,33.9,11.4,0.1,0,0,0,0.4,0.8,13.4,22,65,120.9,4.7,3.4,0.6,22.2,70.1,6.7,7.8,31.8,13.5,8.8,22.5,20.4,8.3,2.3,0,0,1.5,2,3.6,0.2,0,5.4,9.2,0.9,0,0,0.5,0,0,0,0,0.5,18.1,1,0,7.6,1.3,0.5,7.2,15.5,31.5,0.4,0.8,4.6,0,1.6,6.8,8.3,40,2,0,2.6,0,3.9,3.3,6,0.1,15.5,0,6.2,4.5,5.6,0.3,0.9,2.2,5.4,23,2.1,13.9,5,0,0,0,0.6,0,0.1,0,0,0,0,0,0,0,0,0,0,0,0,0.2,0,0,0,0,0,0,0,0,1.2,0,0,0,0,0,0,0,0,0,0,0,0,0,0,0,0,0,0,0,0,0,0,0,0,0,0,0,0,0,0,0,0,0,0,0,0,0,0,0,0,0,0,0,0,0,0,0,0,0,0,0,0,0,0,0,0,0,2.3,0,0,0,0,0,0,0,55,0,0,0,0,0
19.5,81.5,256,0,0,0,2.1,9.5,3.2,0.1,0,0,0,0,0,0,0,0,0,0,0,0,0,0,0,0,0,0,0,0,0,0,0,0,0,0,0,0,0,0,0,0,0,0,0,0,0,0,0,0,0,0,0,0,0,0,0,0,0,0,0,0,0,0,0,0,0,0,0,0,0,0,0,0,0,0,0,0.1,0,0,0,0,0,3.9,3.5,0,0,0,0,0,0,0,7.3,0,0,0,0,0,0,0,0,0,19.2,0,0,0,0,2.7,7.6,1.2,2.7,0,1.6,0,0,0,0,0.1,0,0,0,0.1,0,10,0,0.2,0,0,8.4,0,0,0.8,0,0,0.4,0,0,0,0,0,0,0.1,0,0,0,0,0.4,0,0,0,0,0,0,0,0,0,0.2,0,23.5,0,15.4,0,0,0,10.2,0,0,0,0,0,0.3,0,12.1,0,11.7,1.7,0.9,1.3,0.3,28.8,18.7,0,0,0.4,0,9,0.1,24.5,4,0,1.2,2,5.3,10.8,0.4,0.1,34.1,14.3,29.8,0,0,0,39.3,51.1,4.3,4.4,32.4,19.7,29.7,35.2,3.5,1.2,1.9,6.5,1.1,3.5,0,0.8,16.8,0,3.9,0,0.1,1.7,20.9,33.3,8.3,0,0,1,1.7,3.7,5.2,3.4,16.3,6.7,1.9,38.1,8.4,1.6,0,1.7,0.2,0,0.8,26.6,29.4,18.6,7.6,6.7,1.6,19.4,22.7,2.5,7.5,0,0,0,1.1,8,5.1,28.5,0,10.6,4.3,6.1,31.8,7.7,2,0,2.3,1,0,0,0,0,0,0,0,0,0,0,0,0,0,0,0,0,0,0,0,0,0,0,0,0,0,0,0,0,0,0,0,0,0,0,0,0,0,0,0,0,0,0,0,0,0,0,0,0,0,0,0,0,0,0,0,0,0,0,0,0,0,0,0,0,0,0,0,0,0,0,0,0,0,0,0,0,0,0,0,0,0,0,0,0,0,0,0,0,0,0,0,0,0,0,0,0
20.5,81.5,257,0,0,0,3.6,2.3,4.4,0,0,0,0,0,0,0,0,0,0,0,0,0,0,0,0,0,0,0,0,0,0,0,0,0,0,0,0,0,0,0,0,0,0,0,0,0,0,0,0,0,0,0,0,0,0,0,0,0,0,0,0,0,0,0,0,0,0,0,0,0,0,0,0,0,0,0,0,0,0,0,0,0,0.2,0,0.3,0,0,0,0,0.2,0.2,2.1,7.1,0,0,0,0,0,2.3,0,0,0,0,0,0,0,0.9,0,0.4,0.7,0,1.1,0,0,0,0,0,0,0,0,0,0,0,0,0,0,0.8,0,0,0,0,0,0,1.1,0,0,0,0,0,0,0,0,0,0,0,0,0,0,0,0,0,0,0,0,0,0,0,0,0,0,0.4,0,0,0,5.9,10.4,1.6,0.8,0.2,0,3.5,0,0,32.6,25.7,4.2,11.4,1.6,2.1,6.9,3.7,0.9,0,0,0,17.3,0,9.2,0.4,0,6.3,6.9,2.8,5.7,0.2,0,9.2,6.1,9.4,2.3,0,0,9.6,64.1,0.8,4.2,1.8,2.9,24.9,6.7,3,2.3,12.3,0,8,0,1.3,0,0.4,0,0,0.5,1.1,0,1.8,46.2,6.3,4.8,0,1.9,5.1,1.4,1.2,0,7.2,11.7,2.1,42.3,47.9,0.6,0.2,0,0,0,0,13.6,30.6,53.3,0,0.6,0,0.6,0.3,5.3,0.1,0,0,0,0,0,0.2,3.3,0,0,0,7.1,1.4,65.4,46.9,0,0,2.8,1.5,0,0,0,0,0,0,0,0,0,0,0,0,0,0,0,0,0,0,0,0,0,0,0,0,0,0,0,0,0,0,0,0,0,0,0,0,0,0,0,0,0,0,0,0,0,0,0,0,0,0,0,0,0,0,0,0,0,0,0,0,0,0,0,0,0,0,0,0,0,0,0,0,0,0,0,0,0,0,0,0,0,0,0,0,0,0,0,0,0,0,0,0,0,0,0
21.5,81.5,258,0,0,0,0.1,0,0.3,1.7,4.5,6.6,0,0,0,0,0,0,0,0,0,0,0,0,0,0,0,0,0,0,0,0,0,0,0,0,0,0,0,0,0,0,0,0,0,0,0,0,0,0,0,0,0,0,0,0,0,0,0,0,0,0,0.2,0,0,0,0,0,0,0,0,0,0,0,0,0,0,0,0,0,0,0,0,0,0,0,0,0,0,0,0,0.7,13.4,0,0,0,0,0,0,0,0,0,0,0,0,0,0,0,0,0,0,0,0,0,0,0,0,0,0,0,0,0,0,0,0,0,0,1.9,0,0,0,0,0,0,0,0,0,0,0,0,0,0,0,0,0,0,0,0,0,0,2.9,0,0,0,0,16.6,0,0,0,14.2,0,0,0,0,0,6.3,0.3,0.1,9.5,17.3,0,0,0,9.6,10.4,1,0.2,6.5,30.9,0.5,6.3,0,0,0,0,0,0,3.3,0.3,0,0,7.2,0,0,0,1.5,26.3,1.7,6.3,7.1,1.1,0,0,78.8,10.3,10.7,0,0.4,25.3,27.1,13.5,5.4,4.9,41.9,0,0,0,0,0,0,0,7.7,0,0,3.4,2.7,18.3,15.5,0.6,0.5,7.3,0.6,0,0,0.4,0,0,0,9.6,11.1,15.5,0.2,0,0,0,2.5,6.2,7.3,4.7,0,0.5,0.6,6.6,5,0.8,0,0,1.1,0,0,4.9,0,0,0,0,0,8.6,73.9,14.2,0.2,0,0,0,0,0,0,0,0,0,0,0,0,0,0,0,0,0,0,0,0,0.3,0,0,0,0,0,0,0,0,0,0,0,0,0,0,0,0,0,0,0,0,0,0,0,0,0,0,0,0,0,0,0,0,0,0,0,0,0,0,0,0,0,0,0,0,0,0,0,0,0,0,0,0,0,0,0,0,0,0,0,0,0,0,0,0,0,0,0,0,0,0,0,0,0,0,0,0,0
22.5,81.5,259,0,0,0,0.1,0.9,0,0,1.7,0,0,0,0,0,0,0,0,0,0,0,0,0,0,0,0,0,0,0,0,0,0,0,0,0,0,0,0,0,0.5,0,0,0,0,0,0,0,0,0,0,0,0,0,0,0,0,0.5,0,0,0,0,0,0,6.6,0,0,0,0,0,0,0.4,0.3,3,0.4,0,0,0,0,0,0.9,0,0,0,0,0,0,0,0,0,0.2,6.7,3.9,4.3,5.5,1.2,0,0,0,0,0,0,0,0,0,0,0,0,0,0,0,1.3,0,0,0,0,0,0,0,0,0,0,0,0,0,0,0.5,0.8,0,0,0,0,0,1.1,0,0,0,0,0,0,0,0,0.3,0,0,1.1,0.2,0,0,0,0,0,0,0,0,0,0.2,0,0,9.8,0,0,0,0,0,0.4,0.1,0.4,2.8,6.8,5.5,0,0.8,5.9,12,6.3,4.1,4.6,23.6,0,11.5,0,0,0,26,11.1,3.9,12.4,0.5,0,0,2.6,0,0,0,0,0.8,2.2,2.2,1.8,7.4,18.3,9.7,54.1,14.5,4.2,4.2,17.7,28.1,21.7,35.3,3.1,3.1,6.8,0.5,2.3,3.8,0,0,1.3,12.4,0,0,0,0,17.7,22.9,3.3,15.3,10.9,8.6,0,3.1,7.6,0.8,2.2,0.3,7.8,1.8,23.8,38.7,18.2,2.8,1,5.2,8,12.2,26.3,7.2,0.2,19,8.6,20,21.2,5.5,1.3,0,0.2,12.9,0,0,0,0,0,0,0,2,63.8,89.8,1.5,0,0,0,0,0,0,0,0,0,0,0,0,0,0,0,0,0,0,0,8.2,25.8,1.4,0,0.2,0,0,0,0,0,0,0,0,0,0,0,0,0,0,0,0,0,0,0,0,0,0,0,0,0,0,0,0,0,0,0,0,0,0,0,0,0,0,0,0,0,0,0,0,0,0,0,0,0,0,0,0,0,0,0,0,0.1,0,0,0,0,0,0,0,0,0,0,0,0,0,0,0,0,0
23.5,81.5,260,0,0,0,0,0,0,0,0,0,0,0,0,0,0,0,0,0,0,0,0,0,0,0,0,0,0,0,0,0,0,0,0,0,0,0,0,0,0,0,0,0,0,0,0,0,0,0,0,0,0,0,0,0,0,0,0,0,0,0,0,0,0,0,0,0,0,0,0,0,0,0,0,0,0,0,0,0,0,0,0,0,0,0,0,0,0,0,5.3,0.6,2.4,0,0,0,0,0,0,0,0,0,0,0,0,0,0.2,0,0,0,0,0,0.2,0,0,0,0,0,0,0,0,0,0,0,0,0,0,0,0,0,0,0,0,0,0,0,0,0,0,0,0,0,0,0,0,0,0,0,0,0,0,0,0,0,0,0,0,0,0,0.7,0,0,0,0,0,0,0,0.1,0,3.4,2.1,0.4,0,3.5,2.1,18.9,7.4,11.6,4.8,0.2,10,0,0,0,4.4,17.8,5.4,0.4,0.3,0,0,0,0,0,0,0,0.3,1.2,0,0.9,0.7,6.5,2.5,18.3,0.6,5.8,0,15.9,45.2,28.3,52.8,7.2,2.3,4.2,8.5,1.3,1.4,0.1,0,0,0,0,0,0,0,0.2,5.7,1.8,8.5,16.2,22.6,12.8,0,1.8,1.4,21.5,0.6,4.2,1.1,7,9.6,0.9,0.1,1.2,10.8,24.7,8,18.9,0.3,0.8,3.5,0,80.6,92.5,2.4,2.3,0,0,0.5,0,0,0,0,0,0,0,0,17.8,21.3,2.9,0,0.2,0,0,0,0,0,0,0,0,0,0,0,0,0,0.2,0,0,0,2.4,3.2,0,0,0,0.5,0,0,0,0,0,0,0,0,0,0,0,0,0,0,0,0,0,0,0,0,0,0.2,0,0,0,0,0,0,0,0,0,0,0,0,0,0,0,0,0,0,0,0,0,0,0,0,0,0,0,0,0,0,0,0,3,0.9,0,0,0,0,0,0,0,0,0,0,0,0,0,0,0,0,0
16.5,82.5,261,0.2,0,0,0,0,0,0,0.5,0,0,0,0,0,0,0,0,0,0,0,0,0,0.2,0,0,0,0,0,0,0,0,0,0,0,0,0,0,0,0,0,0,0,0,0,0,0,0,0,0,0,0,0,0,0,0,0,0,0,0,0,0,0,0,0,0,0,0,0,0,0,0,0,0,0,0,0,0,0,0,0,0,0,0,0,0,0,0,0,0,0,0,0,0.5,3,1.9,1.2,0,0,0,0,0,0,0,0,0,0,0,0,0,0,7.5,15,0,0,0,0,0,0,0,0,0,0,0,0,0,0,0,0,0,0,0,0,0.8,0,0,0,0,0,0,0,0,0,0,0.2,3.9,7.2,0.8,0,0,0,0,0,0,0.1,0,0,0,0,11.4,0,0,0,0,0,0,0,0.1,0.2,0,0.6,18.7,0,0,0,10.3,0.6,0,0,1.6,3.3,0,0,0,0,3.3,3.8,10,0,0,0,0,0,3.7,5.2,13.1,30.6,3.2,2.9,4.1,4.6,14.3,23.4,1,0,2.8,5.5,28.9,13.2,2.5,1.7,0.7,0,0,0,0,0.5,0,0,0,0,0,0,7.8,11.4,0,0,0,0,2.3,5.5,0,9.7,18.2,28.5,49.2,33.1,9.8,9.9,0,6.3,0,0,8.6,8.9,5.1,1.1,9.3,4.9,0,3.8,0,0,13.1,7.8,4.3,0,0,0.4,0,34.2,17.5,9.9,26.7,25.5,7.4,6.9,2,3.6,0,0,0.2,4.1,2.9,12.7,0.6,0,0,0,0,0,0,0,5,0,0,0,0,0,0,17.2,5.5,23.3,16,21.4,0.3,0,0,0,0,0,0,0,1,0,0,0,0,0,14.2,4.4,0,0,0,0,0,0,0,0,0,0,0,0,0,0,0,0,0,0.1,3.2,7.7,8,27,0,0,0,0,0,0,0,0,0,0,0,0,0,0,0,0,0,0,0,0,0,0,0,0,0,0,0,0,0,0,0,0,0,0
17.5,82.5,262,0,0,0,0,0,0,0,0,3,0,0,0,0,0,0,0,0,0,0,0,0,0,0,0,0,0,0,0,0,0,0,0,0,0,0,0,0,0,0,0,0,12.9,0,0,0,0,0,0,0,0,0,0,0,0,0,0,0,0,0,0,0,0,0,0,0,0,0,0,0,0,0,0,0,0,0,0,0,0,0,12.1,0,0,21.7,0,0,0,0,0,0,0,0,2.8,12.5,21.7,0.5,0.2,1,1,0,0,0,1,0,0,0,0,0.5,0,3.1,7.2,0,0.9,0,1.1,0,1.1,0.9,0,0,0,0,0,0,10.3,1.1,0.8,0,0,0,0,0,0,0,0,0,0,0,8.2,0,34.3,2.3,2.3,8.3,0,1.7,0,0,0,0,0,0,0,0,0,1.9,0,10.2,0,0,0,0,0,0,0,0,0,0,12,1.6,0.7,1.2,0,0,2.8,0,0,0,6.9,0.4,0,0,0,0,0.2,0,0,0,0,0.4,0,0,0,1.2,12,36.9,6.2,0.3,0,11.6,15,6.5,2.7,4.6,12.6,3.5,3.8,6.6,1.3,0,0.2,0,0,0,0,0,0,0,0,0,0.4,8.5,0,0.2,0.2,0,0,0,4.7,8.2,1.8,6.8,0,2.6,20.7,14.9,8,5.8,2.9,14.6,0.7,0,0.5,9.6,4.3,0.7,0.9,3.4,4.7,0,0,0,0,9,0,3.9,24,1,1.5,12.9,2.3,7.4,39.2,61.7,22.9,18.3,5.5,0,0.6,0,2.5,4.7,18.1,0.5,7.3,0,0,0,0,0,0.1,0,12.8,3.5,15.1,0,0,0,3.2,10.1,10.2,15,0.4,1.9,0,0.4,0,0,0,0,0,0,0,0,0,0,0,0,0,0,0,0,0,0,0,0,0,0,0,0,0,0,0,0,0,0,0,0,0,1.4,14.6,0,0,0,0,0,0,0,0,0,0,0,0,0,0,0,0,0,0,0,0,0,0,0,0,0,0,0,0,0,0,0,0,0,0,0
18.5,82.5,263,0,0,0,0.6,0,0,2.2,0,0,0,0,0,0,0,0,0,0,0,0,0,0,0,0,0,0,0,0,0,0,0,0,0,0,0,0,0,0,0,0,0,0,1,0,0,0,0,0,0,0,0,0,0,0,0,0,0,0,0,0,0,0,0,0,0,0,0,0,0,0,0,0,0,0,0,0.5,0,0,0,0,0,1.8,2.4,0,0,0,0,0,0,0,7.3,2.4,10.2,0,0.3,0,1,5,18.5,0,0.4,0,4.8,0,0,0,0,4.1,0.9,6.9,9.9,4.1,4.2,0.6,5,1.3,5.3,4.2,0,15.9,2.5,2.1,0,0.5,7.2,0,0.1,20.4,12.9,5.1,2.3,0,6.8,0,0,0,0,0,24.8,0.4,2.4,14.2,0,28,6,0,7.9,0,0,0,0,0,0,0,0.4,0,8.2,0,9.7,0,1.3,0.3,0,0,0,0,1.3,0,10,42.6,1,0.8,3.3,0,17.6,38.3,5.1,3.1,9.9,8.8,0,13.7,0,5.8,12.4,11.3,11.5,0,0,1.9,0,0,5,19.8,45.5,34.8,19.6,9.3,1.7,1.2,40.2,34.3,6.9,5.5,0.3,11.2,21.8,20.4,17.8,25.2,1.3,0.2,0,1,0,3.1,4.8,0.6,0.6,3.3,9.3,1,1.5,1.4,2.4,0,0,0,13.3,24.7,5.9,7.2,1.1,0.7,2.8,9.6,37.8,28.2,4,0,0,0.7,4.4,22.4,38.6,5.4,0.2,0,0,7.7,1.1,2.2,0,7.6,13,0,10.9,3.1,6.9,7.5,10.4,8.1,19.2,13.7,10.6,5,3.3,0,0,0,1.6,7.8,0.7,3.4,0,0,0,0,0,0,0.6,0,0,5.7,2.3,0,0,0.9,3.7,9.4,10.5,3.5,0.8,8,13.2,3.3,0,0,0,0,0,0,0,0,0,0,0,0,0,0,0,0,0,0,0,0,0,0,0,0,0,0,0,0,0,0,0,0,0,2.9,2.7,0,0,0,0,0,0,0,0,0,0,0,0,0,0,0,0,0,0,0,0,0,0,0,0,0,0,0,0,0,0,0,0,0,0,0
19.5,82.5,264,0,0,0,3.2,4.3,2.3,3.4,0,0,0,0,0,0,0,0,0,0,0,0,0,0,0,0,0,0,0,0,0,0,0,0,0,0,0,0,0,0,0,0,0,0,0,0,0,0,0.4,0,0,0,0,0,0,0,0,0,0,0,0,0,0,0,0.1,0,0,0,0,0,0,0,0,0,0,0,0,2.7,0,0,0,0,0,5.6,1.3,0,0,0,0,0,0,0.3,9.7,0,6.4,0,0,0,0,0.1,10,0,3.7,0,0,0,0,1.3,3.9,1.7,5.8,0,4,2.3,0,0,0,2.4,0,0,0,13.2,0,1.9,0,2.2,3.8,0,2.3,17.7,11.6,13.4,2,0.3,6.7,0,0,0,0.2,0,15.3,2.1,2.1,9.3,0,23.3,9.4,0,1.1,0,0,0,0,0,0.2,0,3.6,0,10.3,0,23.1,0,2.3,0.3,4.5,0,0,0,0,0,10.8,31.2,7.5,0.7,2.6,1.3,4.2,28.8,8.7,12.2,38.4,6.9,0,14.1,0,7.8,10.2,26.3,9.2,0,0.8,1.2,3.3,6.7,3.8,12,39.1,52.9,17.7,7,1.2,0.9,34.5,45.7,8.4,2.3,3.4,22.6,25.2,25.8,23.9,24.7,1.4,0.4,0,3.2,0,2.2,8.1,0,0,2.4,7.4,0,4.6,7,6,0,0,0,12.2,24.4,1.5,2.4,13.4,1.3,2.9,26.6,28.8,20.9,1.6,0.8,2.3,0.4,1.5,13.5,63.7,20.9,0.6,0,0.4,8.7,5.7,1.8,3.8,4.6,8.7,0,0,10.6,2.2,7.2,5.8,1.9,2.2,6.4,15.7,2.4,5.6,0.1,0,0,0,3.8,0,0,0,0,0,0,0,0,0,0.2,0,0,0.9,0,0,0,0,2.9,7,1.4,0,0,7.1,0,0,0,0,0,0,0,0,0,0,0,0,0,0,0,0,0,0,0,0,0,0,0,0,0,0,0,0,0,0,0,0,0,0,0,0,0,0,0,0,0,0,0,0,0,0,0,0,0,0,0,0,0,0,0,0,0,0,0,0,0,0,0,0,0,0,0,0,0,0,0
20.5,82.5,265,0,0,0,1.2,0.4,1,1.2,0,0,0,0,0,0,0,0,0,0,0,0,0,0,0,0,0,0,0,0,0,0,0,0,0,0,0,0,0,0,0,0,0,0,0,0,0,0,0,0,0,0,0,0,0,0,0,0,0,0,0,0,0,0,2.2,0,0,0,0,0,0,0,0,0,0,0,0,0,0,0,1.4,0,0.5,0.4,0,0,0,0,0,0,0,7.6,5.2,0.8,1.2,0,0,0,0,0,0,0,0,0,0,0,0,0,0,0,0,0,0.1,0,0,0,0,0,0,0,0,0,0,0,0,0,0,0,0,0,0,0,0,0,0,0,0,0,0,0,0,0,0.5,0,0,0,0,0,0,0,0,0,0,0,0,0,2,0,0,23.7,0.7,0,0,0,0,28.3,10.1,0.2,0,0.2,0,0,0.1,16.4,1.9,0.5,1,2.6,16.8,19.5,8.5,0,0,0,0,0.1,1.9,3,0,0,0,9,0,0,1,0.3,7.8,1.5,0.7,0.1,0.6,0,6.5,7.5,9,4.2,2.2,7.4,42.3,29.3,7.8,3.2,12.2,7.9,0,0,0,0,0,0,0.5,43.9,3.6,2.7,0.5,40.9,0.9,13.6,2.4,12,13.5,0.4,0,0.2,0,0,0,0.1,6.6,16.4,0.4,3.7,1.2,0,3.8,0.4,15.2,12.7,7.3,0,3.8,26.4,12.1,0.2,4.8,0,0,0,0,0.5,0,0,0,0,0.4,1,1.3,8.9,66.5,3.6,0,0,0,0,0,0,0,0,0,0,0,0,0,0,0.5,0,0,0,0,0,0,0,0,0,0,0,0,0,0,0,0,0,0,0,0,0,0,0,0,0,0,0,0,0,0,0,0,0,0,0,0,0,0,0,0,0,0,0,0,0,0,0,0,0,0,0,0,0,0,0,0,0,0,0,0,0,0,0,0,0,0,0,0,0,0,0,0,0,0,0,0,0,0,0,0,0,0,0
21.5,82.5,266,0,0,0,0,0,0,0,0,0,0,0,0,0,0,0,0,0,0,0,0,0,0,0,0,0,0,0,0,0,0,0,0,0,0,0,0,0,0,0,0,0,0,0,0,0,0,0,0,0,0,0,0,0,0,0,0,0,0,0,0,0,0,0,0,0,0,0,0,0,0,0,0,0,0,0,0,0,0,0,0,0,0,0,0,0,0,0,0,0,0,0,0,0,0,0,0,0,0,0,0,0,0,0,0,0,0,0,0,0,0,0,0,0,0,0,0,0,0,0,0,0,0,0,0,0,0,0,0,0,0,0,0,0,0,0,0,0,0,0,0,0,0,0,0,0,0,0,0,0,0,0,0,0,0,0,0,23.6,0,0,0,0,0,0,0,0,0,0,0,0,0,23.1,81,0,0,1,13.7,0,31.5,0,0,0,0,0,0,6.6,0,0,0,10.9,0,0,0,0.5,0,0,0,0,0,0,8.1,8.9,16.5,3,0,1.5,48,31.8,9.7,2.8,13,3,0,0,0,0,0,0,0,0,0,0,0,0,0,0,0,3.3,0,12.2,0,0,7.4,0,0,1.3,7.4,10.7,0.8,0.8,0,0,1,0,16.3,4.2,6.6,0,0,45.2,13.7,6.6,0,0,0,0,0,0,0,0,0,0,0,0,0,0,41.7,2.8,0,0,0,0,0,0,0,0,0,0,0,0,0,0,0,0,0,0,0,0,0,0,0,0,0,0,0,0,0,0,0,0,0,0,0,0,0,0,0,0,0,0,0,0,0,0,0,0,0,0,0,0,0,0,0,0,0,0,0,0,0,0,0,0,0,0,0,0,0,0,0,0,0,0,0,0,0,0,0,0,0,0,0,0,0,0,0,0,0,0,0,0,0,0,0,0,0,0
22.5,82.5,267,0,0,0,0,0,0,0,0,0,0,0,0,0,0,0,0,0,0,0,0,0,0,0,0,0,0,0,0,0,0,0,0,0,0,0,0,0,0,0,0,0,0,0,0,0,0,0,0,0,0,0,0,0,0,0,0,0,0,0,0,0,0,0,0,0,0,0,0,0,0,0,0,0,0,0,0,0,0,0,0,0,0,0,0,0,0,0,0,0.3,31.4,14.3,8.3,0,0,0,0.2,0,0,0,0,0,0,0,0,0,0,0,0,0,0,0,0,0,0,0,0,0,0,0,0,0,0,0,0,0,0,0,0,0,0,0,0,0,0,0,0,0,0,0,0,0,0,0,0,0,0,0,0,0,0,0,0,0,0,0,0.1,0.2,0,0,0,0,0,0,0,0,0,0,0,15.7,0,38.4,0.2,24.9,0,0,12.5,15.9,0.3,8.3,0,0,0.1,4.8,0,0,0,0,0,8.1,0,0,0,0,0,0,0,4.6,4.7,24.9,34,47.8,9.2,16.3,6.3,36.7,55.3,42.4,36.6,37.1,9.2,6.5,2.1,0,1.5,0.8,0,12.2,24.8,0,0,0,0,0.2,42.7,6.9,0,14,15.9,0,0,0,0.2,8,0,0.3,10.7,76.8,36.9,2.1,1.5,0,28.8,0.1,15.4,45.5,6.1,2.4,5,44,4.7,18,12.2,4.7,0,0,0,0,0,0,0,0,0,0.1,66.2,1.2,95.7,4.2,0,0,0,0,0,0,0,0,0,0,0,0,0,0,0,0,0,0,0,0,0,0,0,15.2,0,0,0,0,0,0,0,0,0,0,0,0,0,0,0,0,0,0,0,0,0,0,0,0,0,0,0,0,0,0,0,0,0,0,0,0,0,0,0,0,0,0,0,0,0,0,0,0,0,0,0,0,0,0,0,0,0,0,0,0,0,0,0,0,0,0,0,0,0,0,0,0,0,0
23.5,82.5,268,0,0,0,0,1.1,0,0,0,0,0,0,0,0,0,0,0,0,0,0,0,0,0,0,0,0,0,0,0,0,0,0,0,0,0,0,0,0.9,4.4,0,0,0,0,0,0,0,0,0,0,0,0,0,2,0,0,0,0,0,0,0,0,0,2.6,0,0,0,0,0,0,0.3,0,3.4,0.6,0,0,0,0,0,2.9,0,0,0,0,0,0,0,0,0,0.3,5.5,12.9,13.3,12.6,3.2,0,0,0,0,0,0,0,0,0,0,0,1.4,0,0,0,0,0,0,0,0,0,0,0,0,0,0,0,0,0,0,0.4,0,0,0,0,0,4.1,0,0,0,0,0,0,0,0,0,0.2,0,0,0.9,4.7,0,0,0,0,0,0,0,0,0,0.1,0,0,3.3,0,0,0,0,0,0,0,0,0.2,0.2,0,4.7,40.3,11.5,14.1,8.6,0,1.9,11.6,4.7,6.4,23.5,0,0,10.9,4.4,9.3,1.5,2.2,1.5,0,7.7,0,0,1.4,0,0,0,0.7,2.2,1.7,19,24.3,29.8,10.5,8.3,3.9,55.9,32,31.2,15.7,37.6,11.2,7.4,1.2,12.8,0.4,6.9,1,5.4,20.7,0,0,0,4,13.3,12.8,3.1,3.5,11.1,13.2,0.6,0,2.6,3.3,8.4,7.1,6.1,3.3,62.4,60.2,2.8,1.6,0.3,19.8,8.6,33,22.6,2.8,1.6,3.2,44.1,24.4,12.3,6.2,2.5,0,0.2,0,0,0,0,0,0,0,0,19.5,9.2,113.5,14.6,2.3,0,0,0,0,0,0,0,0,0,0,0,0,1.5,0,0,0.2,0,1.1,1.4,2.4,0,2,6,0,0.7,0,0,0,0,0,0,0,0,0,0,0,0,0,0,0,0,0,0,0,0,0,0,0,0,0,0,0,0,0,0,0,0,0,0,0,0,0,0,0,0,0,0,0,0,0,0,0,0,0,0,0,0,0,0.3,0.1,0,0,0,0,0,0,0,0,0,0,0,0,0,0,0,0,0
17.5,83.5,269,0,0,0,0,0,0.2,0,0,2.2,0,0,0,0,0,0,0,0,0,0,0,0,0,0,0,0,0,0,0,0,0,0,0,0,0,0,0,0,0,0,0,0,0.8,0,0,0,0,0,0,0,0,0,0,0,0,0,0,0,0,0,0,0,0,0,0,0,0,0,0,0,0,0,0,0,0,0,0,0,0,0,1.8,0,0,0.4,0,0,0,0,0,0,0,0,0,10.6,4.1,2.1,0,0.7,0,0,0,0,0,0,0,0,0,0,0,0,4.5,9.7,0,0,0,0,0,0,0,0,0,0,0,0,8.4,0.6,0,0,0,0,0,0,14,1.5,0,0,0,0,0,0,0,0.4,0,0.9,0,0,0,0,0,0,0,0,0,0,0,0,0,0,0.2,0,9.1,4.4,0,0,0,0,1.6,0,0,0,2.9,5.8,0,1.6,0,2.2,1,0.6,0.5,0.6,0,5.3,0,2.9,0,0.1,0,0,0.2,4.7,0,0,0,4.1,4.5,28.7,13.1,2.8,0,1.8,4.4,12.2,3,0.3,0,1.7,9.7,6.9,9.6,3.6,0,0,0,0,0,2.2,0.4,0,6.4,0,15.1,2.8,2.2,0.1,0,0,0,0,2.5,0,0.5,0.9,0,3.3,10.7,18.9,4,33.3,1.1,0,0,0,19.1,1.7,51.9,0.1,1.4,0,0,0.6,0,1.3,0,3.8,0,0,0.3,0,0,0,0.7,3,36.4,38.7,10.2,7,5.8,0,0,1.8,0,19.7,21.3,8.4,11.3,0,0,0,0,0,2.2,0,1.1,0,1.8,0.5,0,0,0.9,15.1,37.2,75.4,4.7,6.7,1.9,0,0,0,0,0,0,0,0,0,0,0,0,0,0,0,0,0,0,0,0,0,0,0,0,0,0,0,0,0,0,0,0,0.8,2.9,2.7,6.5,6.4,0,0,0,0,0,0,0,0,0,0,0,0,0,0,0,0,0,0,0,0,2.4,0,0,0.7,0,0,0,0,0,0,0,0,0,0
18.5,83.5,270,0,0,0,0,0,0,0,0,0,0,0,0,0,0,0,0,0,0,0,0,0,0,0,0,0,0,0,0,0,0,0,0,0,0,0,0,0,0,0.9,0,0,0,0,0,0,0,0,0,0,0,0,0,0,0,0,0,0,0,0,0,0,0,0,0,0,0,0,0,0,0,0,0,0,0,0,0,0,0,0,0,0.5,3.6,0,0,0,0,0,0,0,4.8,1.5,7.1,0,0.9,0,0,0,0,0,0,0,0,0,0,0,0,0,0,0,0,0.2,0.6,0,0,0,0,0,0,0,0,0,0,0.5,1.3,0,0,0,0,0,0,0.6,0,1.1,0,0,0,0,0,0,0.5,3.6,9.2,0,0,10.2,0,0,0,0,0,0,0,0,0.8,0.8,0.1,1.7,0,0,0,0,0,0,0,0,0,0.7,0,0,0,0,0,0,0,0.6,0,0,0.8,0,0.4,0.2,1,0,13.7,4.9,0,0,1.9,1.7,0,0,3.2,13.7,13.7,7.1,9.2,0,0,6.5,29.1,11.6,4.9,0,3.1,0.4,2.5,13,2.4,0.3,2.3,0,0,0.4,0,0,0,0,0.6,5.1,16,3.4,0.4,4.8,0,0,0.2,20.9,14.9,7.5,8.1,0,0,2.8,0.4,15.3,10.7,3.4,0.1,1,0,0,4.9,23.2,2.3,0,0,0,1.6,0,2.6,1.1,1.6,5.7,0.6,23.2,1.1,7,5.2,0.3,23.2,13.4,32.9,21.8,14,11.4,0,0,0,0,26.3,23.5,4.4,1.7,3.3,0,0,0,0,0,0,0,0.8,2,1.1,0,0.5,0,1.1,4.6,25.4,3.7,0.7,14.2,4.3,2.9,0,0,0,0,0,0,0,0,0,0,0,0,0,0,0,0,0,0,0,0,0,0,0,0,0,0,0,0,0,0,0,0,0,6.1,37.9,1,0,0,0,0,0,0,0,0,0,0,0,0,0,0,0,0,0,0,0,3.7,0,0,0,0,0,0,0,0,0,0,0,0,0,0
19.5,83.5,271,0,0,0,0,6.9,2.9,0.9,0,0,0,0,0,0,0,0,0,0,0,0,0,0,0,0,0,0,0,0,0,0,0,0,0,0,0,0,0,0,7.6,0,0,0,0,0,0,0,0,0,0,0,0,0,0,0,0,0,0,0,0,0,0,2.9,0,0.8,0,0,0,0,0,0,0,0,0,3.3,0.7,0,0,0,0,0,3.3,2.1,21.4,0,0,0,0,0,0,0.7,27,13,7,0,1.1,0,0,0,0,0,0,0,0,0,0,8.8,0,0,0,0,0,0,0.9,0,0,1.1,0,0,0,0,0,0,0,2.5,1.3,0,1.8,0,0,0.3,0,0,1.8,0.9,0,0,0,0,0,0,2.9,3.1,3.3,1.9,15,18.2,0,0,0,0,0,0,0,0,1.2,0,0.2,5.7,7.9,0,0,0,0,0,0,0,0,7.2,1.8,0,11.4,0,0,0,9.8,0.6,33.2,0,7.5,0.2,0,0,0.2,0,14.7,1.3,9.5,0,0.3,2.6,0,0,1.6,9.1,32.3,8.5,6.3,1.1,0,2.1,49.1,60.7,9.1,0,9,5.3,23.8,21.8,6.4,11.2,0.5,0,0,2.5,0,0,0,1.8,2.7,0.9,6.2,3.4,2.5,12.1,4.1,0,1.4,25.7,14.7,1.6,7.7,0,0,5.3,1.2,20.9,6,6.6,0.3,5.1,0,0,2.5,18.7,11.2,3.9,0,1.1,0,4.6,0.5,1.8,4,10.9,1,4.2,8,2.6,0.9,19.6,7.4,7.3,8.8,11,10.9,4.5,10.7,0,0,0.4,12.2,8.7,1.1,2.7,5.2,0,0,0,0,0,0,0,1.2,0.5,2,0,0.8,0.1,0,0.9,6.7,5.4,0.1,4.3,8.1,3.1,0,0,0,0,0,0,0,0,0,0,0,0,0,0,0,0,0,0,0,0,0,0,0,0,0,0,0,0,0,0,0,4.6,1.4,1.4,6.7,0.2,0,0,0,0,0,0,0,0,0,0,0,0,0,0,0,0,0,0,0,5.7,1.1,0,0,0,0,0,0,0,0,0,0,0,0,0
20.5,83.5,272,0,0,0,0,4.8,1.8,5.2,0,2.6,0,0,0,0,0,0,0,0,0,0,0,0,0,0,0,0,0,0,0,0,0,0,0,0,0,0,0,0,4.9,0,0,0,0,0,0,0,0,0,0,0,0,0,2.2,0,0.3,0,0,0,0,0,0,1.9,0.8,0.5,0,0,0,0,0,0,0,0,0,0,0.4,0,0,0,0,0,5.7,1.5,10.1,0,0,0,0,0,2.2,8.2,27.5,0,6.9,15.1,0,0,0,0,0,0,0,0,0,0,0,5.6,0,0,0,0,0,0,0,0,0,0,0,0,0,0,0,0,0,0,0.1,0,3.5,0,0,0.2,2.1,0,1.2,0,0,0,0,0,0,0,1.1,0.1,0,1.2,9.5,0.7,0,0,0,0,0,0,0,0,0.1,0,0,7.6,10,0,0,0,0,1.9,0.7,0,0,1.9,0,0,13,1.1,0,0,18.3,0,58.3,1,28.7,1,0,0,0,0,1.6,2,6.1,0,0,8.9,2,0,0,2.2,19.1,0.2,5.7,22.6,0,0.1,93.7,61.7,1,0.4,3.4,9.5,29.7,37.7,21.4,25.4,8.3,0.5,1.3,0,0,2,0,1.2,1.7,10.8,1.4,0,6.8,9.8,2.6,10.6,20.6,1.2,12.5,0,6.8,0,0,0,1.5,0,27.3,45.3,0.1,0.3,0,0,0.3,5.5,26,21.6,0.8,0,0.1,63.2,0.7,6.8,2.4,0.6,0.8,0,0,1.8,0.1,0,0,0,0.9,0.6,1.4,0.6,14.6,1.6,0,0,0,12.1,0,0.4,0,0,0,0,0,0,0,0,0,0.3,1.1,0,0,0,0,0,0,0.6,0,0,0.9,0,0,0,0,0,0,0,0,0,0,0,0,0,0,0,0,0,0,0,0,0,0,0,0,0,0,0,0,0,0,0,0,0,0,0,0,0,0,0,0,0,0,0,0,0,0,0,0,0,0,0,0,0,0,0,0,0,0,0,0,0,0,0,0,0,0,0,0,0,0,0
21.5,83.5,273,0,0,0,0,1.1,0,0,0,0,0,0,0,0,0,0,0,0,0,0,0,0,0,0,0,0,0,0,0,0,0,0,0,0,0,0,0,0.1,2.4,0,0,0,0,0,0,0,0,0,0,0,0,0,0,0,0,0.6,0,0,0,0,0,0.9,2,0,0,0,0,0,0,0,0,0,0,0,0,0,0,0,0.6,0,0.4,0,3.6,0,0,0,0,0,0,19.9,20.6,1.2,11.7,0,0,0,0,0,0,0,0,0,0,0,0,0,1.8,0,0,0,0,0,0,0,0,0.3,0,0,0,0,0,0,0,0,0,0,0,0,0,0,7.1,1.9,0,0,0,0,0,0,0,0,0.9,0,0,7.8,0.4,0,0,0,0,0,0,0,0,0,0,0,0,20.5,2,0,0,0,0,0,0,0,0,0.2,0.2,0,1.4,0.4,0.7,0,34,1,16.6,1.4,34.4,3.3,0,0.5,0.3,7.2,11.3,0.8,18,0,0,7.8,9.2,0,0,11.8,7.6,4.3,7.8,7,0.6,16.1,18.1,34.3,11.4,10.6,6,15.9,28.8,37.5,21.5,29.4,12.7,4.5,0,1.2,0.1,2.1,0.2,7.1,0,0.5,3.4,0,0.4,16.7,5.3,3,6.1,9.1,1.3,0.6,0,4.3,0,0,1.2,4,6.2,28.9,2.5,2.5,4.6,0,10,1.3,29,7.6,13.6,4.8,9.7,67.7,47.3,3.7,0.5,0,0.4,0,0,0,0,0.5,0,0,0,9.3,37.9,4.2,36.9,0.5,0.1,0,0.5,0,0,0,0,0,0,0,0,0,0,0.9,0,0,0,0,0,0,0,0,0,0.2,0,0,0,0,0,0,0,0,0,0,0,0,0,0,0,0,0,0,0,0,0,0,0,0,0,0,0,0,0,0,0,0,0,0,0,0,0,0,0,0,0,0,0,0,0,0,0,0,0,0,0,0,0,0,0,0,0,0,0,0,0,0,0,0,0,0,0,0,0,0,0,0,0,0
22.5,83.5,274,0,0,0,0,1.1,0,0,0,0,0,0,0,0,0,0,0,0,0,0,0,0,0,0,0,0,0,0,0,0,0,0,0,0,0,0,0,1,5.8,0,0,0,0,0,0,0,0,0,0,0,0,0,1.6,0,0,0.6,0,0,0,0,0,0.9,1.8,0,0,0,0,0,0,0,0,0.9,0.2,0,0,0,0,0,1.7,0,0.7,0,0,0,0,0,0,0,0.2,16.8,27.2,6.9,14,2.5,0,0,0,0,0,0,0,0,0,0,0,1.1,0,0,0,0,0,0,0,0,0,0.2,0,0,0,0,0,0,0,0,0,0,0,0,0,0,4,1.6,0,0,0,0,0,0,0,0,0.8,0,0,1.7,4,0.1,0,0,0,0,0,0,0,0,0,0,0,5.8,0,0,0,0,0,5.2,0,0,0,1.3,0,0,36.2,0.4,11.8,0,2.6,1,16.6,13.9,14.7,20,0,0,0.3,6.9,14.2,1.9,1.7,1.1,0,11.5,2.6,0,1.1,0.4,1.3,0.2,2.5,3.5,1.8,24.9,22.7,29.3,2.5,6.9,5.6,45.9,39.7,26.9,25.5,34,14.9,9.1,0.4,15.6,0.2,5.3,1.2,11.6,3.5,0.3,0.7,0,3.7,7,2.8,7.8,3,8.8,7.3,0.4,0,5.1,1.8,3.8,6.7,6.2,0.9,53.6,25.2,3.6,5.5,0.2,7.8,6.8,42.8,3.2,3.2,1.7,1.7,72.5,61.1,7.9,2.1,1.9,0,0,0,0,0,0.5,0,0,0,7.1,2.2,11.8,93.2,11.2,2,0,0.8,0,0,0,0,0,0,0,0,0,0,2.6,0,0,0,0,0.9,0,0,0,1.6,1.3,0,0.7,0,0,0,0,0,0,0,0,0,0,0,0,0,0,0,0,0,0,0,0,0,0,0,0,0,0,0,0,0,0,0,0,0,0,0,0,0,0,0,0,0,0,0,0,0,0,0,0,0,0,0,0,0,0,0,0,0,0,0,0,0,0,0,0,0,0,0,0,0,0,0,0
23.5,83.5,275,0,0,0,0,0.3,0,0,0,0,0,0,0,0,0,0,0,0,0,0,0,0,0,0,0,0,0,0,0,0,0,0,0,0,0,0,0,0.9,4,0,0,0,0,0,0,0,0,0,0,0,2.3,0,12.8,0,0,0,0,0,0,0,0,0,0,0,0,0,0,0,0,0,0,1,0.2,0,0,11.4,0,0,1.4,0,0,0,0,0,0,0,0,0,0.3,4,1.9,17.9,19.7,8.1,0,0,0,0,0,0,0,0,0,0,0,1.3,0,0,0,0,0,0.9,0,0,0,0,0,0,0,0,0,0,0,0,0,0,0,0,0,0,4,0,0,0,0,0,0,0,0,0,0.2,0,0,0,4.4,0,0,0,0,0,0,0,0,0,0,0,0,0,0,0,0,0,0,0,0,0,0,0,0,6.1,68.6,6.2,13,0,1.7,0.6,20.3,5.4,15.9,23.4,0,0,0.8,0.5,15.7,5,4.4,5.6,6.4,6.6,0,0,1.3,0,0,0,0,0.7,0,8.3,18.4,4.7,11.9,1.1,0.8,59.4,34.4,38.7,35.2,57.7,50.6,9.9,0.5,14.6,0.5,10.9,15.4,1.9,4.7,0,0,0,3.9,0.7,1.1,0,0,8.7,23.8,5,1.1,1.6,3.6,3.2,13,7.7,11.9,68.3,44.1,3.5,0.4,0.7,10.5,12.2,37.5,0,0,1.1,4.2,89.9,58.5,3.7,1.5,1.3,0,0,0,0,0,0,0,0,0,0,0,10.1,90.5,34.4,8,0.3,0,0,0,0,0,0,0,0,0,0,0,1.5,0,0,0,0,1.1,1.7,17.9,7.5,3.8,23.9,0.4,4.7,0,0,0,0,0,0,0,0,0,0,0,0,0,0,0,0,0,0,0,0,0,0,0,0,0,0,0,0,0,0,0,0,0,0,0,0,0,0,0,0,0,0,0,0,0,0,0,0,0,0,0,0,0,0,0.2,0,0,0,0,0,0,0,0,0,0,0,0,0,0,0,0,0
24.5,83.5,276,0,0,0,0,0,0,0,0,0,0,0,0,0,0,0,0,0,0,0,0,0,0,0,0,0,0,0,0,0,0,0,0,0,0,0,0.3,0.5,0.5,0,0,0,0,0,0,0,0,0,0,0.2,0.1,0,0,0,0,0,0,0,0,0,0,0,0,0,0,0,0,0,0,0,0,0,0,0,0,0,0,0.9,5.5,0.8,0,0,0,0,0,0,0,0,0.2,0,0.2,13.1,14.6,0,0,0,0,0,0,0,0,0,0,0,0,0.2,0,0,0,0,0,0,0,0,0,0,0,0,0,0,0,0,0,0,0,0,0,0,0,0,0,0,0,0,0,0,0,0,0,0,0,0,2.8,0.5,3.1,0,0,0,0,0,0,0,0,0,0,0,0.5,0,0,0,0,0,0,0,0,0,0,0,0,0,0,0,0,0,0,0,0,5.2,7,8.9,0,0,0,5.3,55.1,4.2,0,1.6,7.3,42.1,0.4,1.1,0,0,0,0,0,3.3,0,0,2.4,4.3,0,2.3,0,15.5,63.1,44.3,6.9,21.7,19.5,29.4,4.6,1.2,22.2,5.5,10.2,0,0,0,0,0,5.2,0,0,0,11.6,26,2.7,25.9,2.2,0,30.1,2.3,0,3.9,3.3,5.9,42.8,2,10.9,9,29.9,16,24.7,2.8,0.1,0,0,50.3,25.5,10.9,2.7,1,3,0,4.9,0,2.4,0,0,0,0,0,0,0.7,42.7,38.5,10.8,19.3,16.4,11.7,0,0,0,0,0,0,0,0,0,0,0,0,0,0,0,2.8,10.5,0,3.8,0,0.1,2.8,0,0.7,0,0,0,0,0,0,0,0,0,0,0,0,0,0,0,0,0,0,0,0,0,0,0,0,0,0,0,0,0,0,0,0,0,0,0,0,0,0,0,0,0,0,0,0,0,0,0,0,0,0,1.1,0,0,0,0,0,0,0,0,0,0,0,0,0,0,0,0,0,0,0
25.5,83.5,277,0,0,0.5,0,0,0,0,0,0,0,0,0,0,0,0,0,0,0,0,0,0,0,0,0,0,0,0,0,0,0,0,0,0,0,0,0.6,1.1,0,0,0,0,0,0,0,0,0,0,0,0.4,0.2,0,0,0,0,0,0,0,0,0,0,0,0,0,0,0,0,0,0,0,0,0,0,0,0,0,0,1.7,6.9,1.9,0,0,0,0,0,0,0,0,0.3,0,0.7,11.9,4.5,0,0,0,0,0,0,0,0,0,0,0,0,0.3,0,0,0,0,0,0,0,0,0,0,0.2,0,0,0,0,0,0,0,0.1,0,0,0,0,0,0,0,0,0,0,0,0,0,0,0,0,0,5.4,0,3.1,0,0,0,0,0,0,0,0,0,0,0,0,0,0,0,0,0,0,0,0,0,0,0,0,0,0,0,0,0,0,2.8,0.5,1.2,14.6,3,0,0,0,9.2,44.8,9.1,0,0,0,40.6,0.8,0,0,0,1.1,0,0,0.8,0,0,1,2.9,0.1,0.2,0,3.2,51.6,42.7,5,7.9,14.9,44.5,10.4,5,7.1,13.2,13,0,0,0,0,0,1.1,0,0.5,0,4.7,34.3,3,7.7,1.6,0,12.2,20.8,1.9,1.1,0.9,8.9,38.8,6.3,14,9.9,68.8,17.9,16.8,4.7,0,0,0,14.6,9.8,8.8,3,14.3,7.4,0,1,0,0.5,3.4,3.5,7.4,0.2,1.8,3.4,0,17.3,26.1,19.9,0,6.9,2.9,0,0,0,0,0,0,0,0,0,0,0,0,0,0,0,1.4,5.9,0.9,0,0,2.8,10.3,0,0,0.9,0,0,0,0,0,0,0,0,0,0,0,0,0,0,0,0,0,0,0,0,0,0,0,0,0,0,0,0,0,0,0,0,0,0,0,0,0,0,0,0,0,0,0,0,0,0,0,0,0,0,0,0,0,0,0,0,0,0,0,0,0,0,0,0,0,0,0,0,0
26.5,83.5,278,0,0,0,0,0,0,0,0,0,0,0,0,0,0,0,0,0,0,0,1,0,0,0,0,0,0,0,0,0,0,0,0,0,0,0,0,0,0,0,0,0,0,0,0,0,0,0,0,0,0,0.4,0.1,0,0,0,0,0,0,0,0,0,0,0,0,0,0,0,0,0,0,0,0,0,0,0,0,0,0,0.5,0,0,0,0.3,0,0,0,0,0,0,0.7,21.3,2.1,0,0,0,0,0,0,0,0,0,0,0,0,0,0,0,0,0,0,0,0,0,0,0,0,0,0,0,0,0,0,0,0,0,0,0,0,0,0,0,0,0,0,0,0,0,0,0,4,0,3.5,0,0,0,0,0,0,0,0,0,0,1.5,0,0,0,0,0,0,0,0,0,0,0,0,0,0,0,0,0,0,0.1,64.8,1.5,1.1,0,0,0,13.6,6.6,0.1,6.3,26.6,9.9,4.9,2.9,7.8,13.7,8.1,1.1,0.4,0,0,0.1,0,0,0.4,0,0,97.4,0.3,0,0.5,0,0,17.9,0,2.3,1.3,0,25.7,21,33.9,18.7,24.5,4.5,0.1,0,0,0,0.9,1.7,0.2,2.5,0.3,3.8,5.6,15.4,0.5,17.4,8.5,81.3,14.1,0,0,0,0,5.6,48.6,80.9,12.5,79.2,1,0,10.3,0,0,0,0,1,2.3,50.1,34.7,34.6,0.7,0,0.5,0,0,0,0,0.9,0,0,0,22.7,16.7,28,4.6,0,0,2.3,0.1,0,0,0,0,0,0,0,11.6,0.9,0,0,0,0,0,4.6,0,4,0.7,0,4.7,0,0.5,0,0,0,0,0,0,0,0,0.4,0,0.2,0,0,0,0,0,0,0,0,0,0,0,0,0,0,0,0,0,0,0,0,0,0,0,0,0,0,0,0,0,0,0,0,0,0,0,0,0,0,0,0,0,0,0,0,0,0,0,0,0.7,0,0,0,0,0,0,0,0,0.5,0
27.5,83.5,279,0,0,0,0,0,0,0,0,0,0,0,0,0,0,0,0,0,0,0,13.7,0.2,0,0,0,0,0,0,0,0,0,0,0,0,0,0,0,0,0,0,0,0,0,0,0,0,0,0,0,0,0,3.7,1.8,0,0,0,0,0,0,0,0,0,0,0,0,0,0,0,0,0,0,0,0,0,0,0,0,0,0,1.4,0,0,0,0,0,0,0,0,0,0,1.2,12.7,1.5,0,0,0,0,0,0,0,0,0,0,0,0,0,0,0,0,0,0,0,0,0,0,0,0,0,0,0,0,0,0,0,0,0,0,0,0,0,0,0,0,0,0,0,0,0,0,0,1.7,0,1.3,0,0,0,0,0,0,0,0,0,0,7.8,0,0,0,0,0,0,0,0,0,0,0,0,0,0,0,0,0,0,1.8,42.5,0.8,14.2,0,0,0,6.2,32.3,1.4,15.1,16.1,11.4,3.2,22.4,4.8,8,12.3,9.2,0.2,0,0,1.4,0,0,0.6,0,4.3,47.1,0.4,0.1,1.8,0,1.2,29.2,0.1,1,1.1,0,103.6,16.2,16.9,10.9,15.8,7.9,1.4,0,0.2,0,2.2,14.4,0.5,4.1,4.1,3.6,20.7,41.4,0,18.7,3.6,50.8,13.5,0,0,0,0,5.8,37.1,54.8,6.4,65.8,0.7,0,6.2,0,0,0,0,1.3,15.4,28.9,25.1,27.7,0.7,0,6.4,0,0,0,0,2.7,0,0,0,18.1,20.4,18,2,0,0,29.8,1.4,0,0,0,0,0,0,0,21.3,0,0,0,0,0,0,2,0,1.7,0.2,0.5,10.5,0,0,0,0,0,0,0,0,0,0,5,0,2.3,0,0,0,0,0,0,0,0,0,0,0,0,0,0,0,0,0,0,0,0,0,0,0,0,0,0,0,0,0,0,0,0,0,0,0,0,0,0,0,0,0,0,0,0,0,0,0,0,9.8,0,0,0,0,0,0,0,0,7.2,0
18.5,84.5,280,0,0,0,0,0,0,0,0,0,0,0,0,0,0,0,0,0,0,0,0,0,0,0,0,0,0,0,0,0,0,0,0,0,0,0,0,0,2,3.5,0,0,0,0,0,0,0,0,0,0,0,0,0,0,0,0,0,0,0,0,0,0,0,0,0,0,0,0,0,0,0,0,0,0,0,0,0,0,0,0,0,7.3,2.4,0,0,0,0,0,0,0,2.5,5.2,3.2,15.6,4.4,13,0,0,0,0,0,0,0,0,0,0,0,0,0,0,0,0,0,0,0,0,0,0,0,0,0,0,0,0,0,0,0,0,0,0,0,0,0,0,0,0,0,0,0,0,0,0,0,0,0,0,0,0,0,0,0,0,5.2,1.8,5.8,0,0,1.2,0,0,2.7,2.8,0.9,0,0,0,0.5,0,1.1,0,0,0,0,1.5,1.2,12.7,0,6.1,0.5,0.2,0,0.5,4.9,1.7,2.7,0,0,3.1,6,3.8,0.2,0,1,14.1,34.2,25.6,22,0,0.4,2.6,4.1,14.1,6.7,0.2,0,15.7,5.5,8.5,7.3,13.9,0,0,0,0,0,0,0.4,0,3.2,0,7.8,1.2,14.4,0.3,0,0,0,14,7.9,1.7,8.5,0,0,4.5,25.9,11.4,8.5,16.6,16.3,3.5,0,7.4,0.6,26.3,57.6,5.5,0,0,1.8,4.7,0.1,1.7,0,0.9,0.4,0.3,0,0,0,0,2.4,4.1,15.2,38.7,12.2,6.6,7.6,2.7,0,0,0.8,1.6,36.8,13,0.7,0,0,0,0,0,0,0,10.8,0,0,0,0,1.6,1.2,15.3,6.6,70.5,34.3,6.3,18.8,0.2,0,0,0.8,0,1.1,0,0,0,0,0,0,0,0,0,0,0,0,0,0,0,0,0,0,0,0,0,0,0,0,0,0,0,0.5,1.2,0.1,0.6,0,0,0,0,0,0,0,0,0,0,0,0,0,0,0,0,0,0,2.1,18.1,4.5,0,0,0,0,0,0,0,0,0,0,0,0,0
19.5,84.5,281,0,0,0,0,0,0,0,4.2,0,0,0,0,0,0,0,0,0,0,0,0,0,0,0,0,0,0,0,0,0,0,0,0,0,0,0,0,0,0,0,8.8,0,0,0,0,0,0,0,0,0,0,0,0.5,0,0,0,0,0,0,0,0,0,1.1,0,0,0,0,0,0,0,0,0,0,0,0,0,0,0,0,0,0,1.5,9.4,0,0,0,0,0,1.1,0,0,0.4,4.8,7.4,4.7,1.8,0,0,0,0,0,0,0,0,0,0,0,0,0,0,0,0,0,0,0,0,0,0,0,0,0,0,0,0,0,0,0,0,0,0,0,0,0,0,0,0,0,0,0,0,0,0,0,0,0,0,0,0,0,0,0,0,3.8,0.2,6.1,0,0,4.6,0,0,1.1,3.4,0.6,0,0.4,0,0,0,0.8,0,0,0,0,1.1,6.3,1.2,0,1.8,0.3,3.4,0.9,0.4,3.6,1.1,14.6,11.7,0,2.3,11.9,1.7,0,0,0,29.2,22.3,41.6,8.9,0,0.3,0.5,23.5,2.8,5.1,0.1,5.6,21.3,5.9,16.4,23.2,21.5,0.3,0,0,0,0,0,8.3,0.7,15.1,0,2.7,0.7,10.4,0,0,0,0,10,21.7,0,1.2,0,0,0.3,4.5,8.7,19.7,2.1,3.2,2.6,0,12.7,13.4,43.9,61.5,6,0.4,0,5,0.6,1.1,0.2,0,9.4,0.5,0,0,0,0,0,1.7,8.2,21,53.4,44.4,6.3,11.5,0.3,0,0,4.2,0.8,7.5,4.6,1,0,0,0,0,0,0,0,1.4,0,0,0,0,1,0,2.5,7.4,94.4,106.9,34.4,32.4,3.6,0,0,0.1,0,0,0,0,0,0,0,0,0,0,0,0,0,0,0,0,0,0,0,0,0,0,0,0,0,0,0,0,2.4,5.7,0.9,0.6,0,0,0,0,0,0,0,0,0,0,0,0,0,0,0,0,0,0.3,0,0,15.3,0.7,0,0,0,0,0,0,0,0,0,0,0,0,0
20.5,84.5,282,0,0,0,0,18.6,0,5.4,0.3,0,0,0,0,0,0,0,0,0,0,0,0,0,0,0,0,0,0,0,0,0,0,0,0,0,0,0,0,0,6.7,0,0,0,0,0,0,0,0,0,0,0,0,2.5,5.7,0,11.9,0.7,0,0,0,0,0,4.1,0.7,0,0,0,0,0,0,0,0,0,0,0,0,0,0,0,0,0,7.2,0,1.4,0,0,0,0,0,0.2,26,12.3,0,23.5,5.9,0,0,0,0,0,0,0,0,0,0,0,0,0,0,0,0,0.3,0,0,0,0,0,0,0,0,0,0,0,0,0,0,0,0,0,0,2.5,0,0,0,0,0,0.7,0,0,0,0,9.3,0,0.9,0.4,0,32.2,0.8,0,0,0,0,0,0,0,1.6,0,0,7.8,11.1,0,0,0,0,0,0,0,0,0,0,0,7.5,0,0,0,32.8,0,18.9,0.2,17.5,44.1,0,0,0,0,0.3,19.5,2.6,0,0,2.3,0.4,0,0,42.2,17.8,12,11.4,18.6,1.7,5.5,143.9,52.6,1.6,9.5,5.4,28.7,5.8,71,70.8,35.6,3.6,0,0,2.2,0,1.5,0.3,0.8,0,0.2,0.2,0,1.4,6.6,1.2,1.3,1.3,19.4,0.8,2.9,8.6,4.8,0,0,0,3.9,62.3,18.6,0,4.9,0,1.3,2.3,3.6,31.9,5.3,15.4,0.7,5.8,45.2,3.3,3.6,2.2,0,0,0,0,4.7,5.2,3.9,2,0.6,9.3,29,4.6,22.2,8.6,0.8,0,0,0,0.8,2.3,21.9,0,0,0,0,0,0,0,0,0,0.5,0,0,0,0,0,0,0.9,2.5,4.8,3.1,5.4,0,0,0,0,0,0,0,0,0,0,0,0,0,0,0,0,0,0,0,0,0,0,0,0,0,0,0,0,0,0,0,0,0,0,0,0,0,0,0,0,0,0,0,0,0,0,0,0,0,0,0,0,0,0,0,0,0,0,0,0,0,0,0,0,0,0,0,0,0,0,0
21.5,84.5,283,0,0,0,0,5.7,0,0.9,0.2,0,0,0,0,0,0,0,0,0,0,0,0,0,0,0,0,0,0,0,0,0,0,0,0,0,0,0,0,1.2,5.9,0,0,0,0,0,0,0,0,0,0,0,0,1.9,0.8,0,0.9,0.6,0,0,0,0,0,0.2,0.3,0,0,0,0,0,0,0,0,0,0,0,0,0,0,0,0.2,0,4.4,0,8.4,0,0,0,0,0,0,38.6,20.9,0.2,11.9,1.7,0,0,0,0,0,0,0,0,0,0,0,0,0,0,0,0,0.2,0,0,0,0,0,0,0,0,0,0,0,0,0,0,0,0,0,0,0.1,4.1,0.3,0,0,0,0.5,0,0,0,0,0.4,0,0.7,13.6,0,2,0,0,0,0,0,0,0,0,1.2,0,0,0.6,5.4,0,0,0,0,0,0,0,0,0.5,0.7,0,1.4,0,6.5,0,3.1,0,16,5.9,49.4,6.9,0,1.3,0,0,39.2,1.2,2.2,0,0,0.5,7.9,0,0,12.9,13.5,9.1,19.1,9,0.6,11.4,35,43.2,7.8,3.3,1,5.4,31.5,38.6,32.2,56.8,16.3,0,0,0.1,0.9,5.3,2.1,40.8,0,1.4,10.7,0,3.4,38.8,22.8,7.7,5.9,12,2.3,2.2,0.5,0.6,0,0,0,4.3,18.6,32.1,0,8.3,0,0.5,25.8,1.6,17.1,9.9,14.7,0.5,14.9,20.7,13,5.6,0.8,0,1.2,0,0,0.2,0.2,2.9,1.5,0.4,1.3,18.8,5.5,4.5,12.8,4.8,1.1,0,4.6,0.4,1.8,3.9,0,0,0,0,0,0,0,8,0,0.4,0,0,0,0,0,0,0.3,2,0.8,3.1,1.5,0,0,0,0,0,0,0,0,0,0,0,0,0,0,0,0,0,0,0,0,0,0,0,0,0,0,0,0,0,0,0,0,0,0,0,0,0,0,0,0,0,0,0,0,0,0,0,0,0,0,0,0,0,0,0,0,0,0,0,0,0,0,0,0,0,0,0,0,0,0,0
22.5,84.5,284,0,0,0,0,0.2,0,0,0,0,0,0,0,0,0,0,0,0,0,0,0,0,0,0,0,0,0,0,0,0,0,0,0,0,0,0,0,0.2,1.6,0,0,0,0,0,0,0,0,0,0,0,0,0,0,0,0,0,0,0,0,0,0,0,0,0,0,0,0,0,0,0,0,0,0,0,0,0,0,0,0.2,0,0.4,0,0,0,0,0,0,0,0,1.5,1.1,1.3,1.4,0,0,0,0,0,0,0,2.1,0,0,0,0,0.2,0,0,0,0,0,0,0,6.8,0,0,0,0,0,0,0,0,0,0,0,0,0,0,0,1,0.5,0,0,0,0,0,0,0,0,0,0,0.2,0.9,0.2,0,0,0,0,0,0,0,0,0,0,0,0,0,1,0,0,0,0,0,0,0,0,0.1,0,0.3,0,8.1,0.2,7.8,9.6,20.7,47.1,15.1,0.8,53.4,7.1,0,0,0.1,0,26.3,6.9,0.1,0,1,0,1.2,1.4,0,0.2,0,1.1,1.2,1.5,0,4.1,59.8,61.4,3.9,1.2,0.3,34.5,6,9.6,6.5,51.5,66.8,4.4,1.4,2.5,0.5,28.1,21.6,8.3,0.7,26.1,0.3,0,45.3,1.1,1.1,0.6,9.5,5.5,1.7,0,0,0,0.3,0,14.4,27.4,21.3,12.2,3.7,0.4,5.8,0,1.6,0.2,7.4,0.4,5.2,0.1,1.6,43.4,10.1,21,8.5,0,2.1,0,0,0,1.2,0,0,0,0,0.9,1.2,0.6,18.6,16.3,3.6,0,0.3,0.1,1.4,0,0,0,0,0,0,0,0,0.6,0,0,0,0,0.2,0,0,0,0,1.4,0.4,0.2,0,0,0,0,0,0,0,0,0,0,0,0,0,0,0,0,0,0,0,0,0,0,0,0,0,0,0,0,0,0,0,0,0,0,0,0,0,0,0,0,0,0,0,0,0,0,0,0,0,0,0,0,0,0,0,0,0,0,0,0,0,0,0,0,0,0,0,0,0,0,0,0
23.5,84.5,285,0,0,0,0,0.1,0,0,0,0,0,0,0,0,0,0,0,0,0,0,0,0,0,0,0,0,0,0,0,0,0,0,0,0,0,0,0,0,1.6,0,0,0,0,0,0,0,0,0,0,0,0,0.1,0,0,0,0,0,0,0,0,0,0,0,0,0,0,0,0,0,0,0,0,0,0,0,0,0,0,0.2,0,0.1,0,0,0,0,0,0,0,0.1,0.6,0.3,3,1.5,0,0,0,0,0,0,0,0,0,0,0,0,0.3,0,0,0.6,0,0,0,0,0,0,0,0,0,0,0,0,0,0,0,0,1.2,0,0,0,1.4,0.2,0,0,0,0,0,0,0,0,0,0.1,0.1,1.7,0.2,0,0,0,0,0,0,0,0,0,0,0.1,0.8,0,0.3,0,0,0,0,0,0,0,0,0,0,0.3,5.8,10.1,7.7,4.7,0,2.7,6.5,2.6,18.8,6.1,2,0,0,3.3,0.6,18.3,1.1,4.2,10,9.6,5.3,0,4.1,0,0,0,4.7,6.1,12.6,0.8,0,26.7,7.9,0.5,0,1.4,68.2,11.6,69,38.7,32.8,91.1,1.2,1.6,5.3,14.1,9.2,9.2,0,0.4,0.5,0,0,5.1,2.5,1.8,0,0.2,7.2,12,4.8,1.7,2.9,26.7,1.5,2,2.2,12.7,30.6,14.9,3.2,22.2,1.9,24.9,7.2,30.2,1.1,7.9,1.6,5,68.7,96.5,0.7,0.4,0.6,0,0,0,0,0,0,0,0,0,4.1,2,13.1,37.4,42.7,4.1,2.9,19.6,1.2,2.7,0,0,0,0,0,0,0,0,1.3,0,0,0,0,0.2,0,4.1,4.5,0,25,1.4,2.4,14.5,0,0,0,0,0,0,0,0,0,0,0,0,0,0,0,0,0,0,0,0,0,0,0,0,0,0,0,0,0,0,0,0,0,0,0,0,0,0,0,0,0,0,0,0,0,0,0,0,0,0,0,0,0,0,0,0,0,0,0,0,0,0,0,0,0,0,0,0,0,0,0
24.5,84.5,286,0,0,0,0,0,0,0,0,0,0,0,0,0,0,0,0,0,0,0,0,0,0,0,0,0,0,0,0,0,0,0,0,0,0,0,0,0,0.1,5.3,0,0,0,0,0,0,0,0,0,0,0,0,0,0,0,0,0,0,0,0,0,0,0,0,0,0,0,0,0,0,0,0,3.4,0,0,0,0,0,6.4,0,0,0,0,0,0,0,0,1.1,0,0,0,8.6,7.9,0,0,0,0,0,0,0,0,0,0,0,0,0,0,0,0,0,0,0,0,0,0,0,0,0,0,0,0,0,0,0,0,0,0,0,0,0,0,0,0,0,0,0,0,0,0,0,0,0,0,0.1,0,0,0,0,0,0,0,0,0,0,0,0,0.1,0,0,0,0,0,0,0,0,0,0,0,0,0,0,0,0,0,0,0,0,0,18.5,23.6,0,0,0,2.3,11.2,21,10.8,2.5,2.7,26.2,1.1,1.3,0,0,0,2.2,0,1.4,0,0,12.7,9.8,14.7,2.4,0,8.1,17.8,22.9,12.6,22.6,19.8,4.4,1.7,2.7,29.2,4,13.6,0,0,0,0,0,0,0,0,0,4.8,33.7,17.5,9.8,0.5,0,1.4,0,8,0,6.1,1.3,0.9,0,5.6,0.8,10.4,0.6,49.6,0.3,0,0,0,16.5,4.3,0.2,15.4,2,1.9,0,0,0,0,0,0,0,0,0,0,0,27.6,33.3,12.5,27.8,1.3,0,0.4,0,0,0,0,0,0,0,0,0,0,0,0,0,0,0,25.2,0,10.3,4.6,10.9,0,0,0,0,0,0,0,0,0,0,0,0,0,0,0,0,0,0,0,0,0,0,0,0,0,0,0,0,0,0,0,0,0,0,0,0,0,0,0,0,0,0,0,0,0,0,0,0,0,0,0,0,0,0,0.8,3.5,0,0,0,0,0,0,0,0,0,0,0,0,0,0,0,0,0
25.5,84.5,287,0,0,0,0,0,0,0,0,0,0,0,0,0,0,0,0,0,0,0,0,0,0,0,0,0,0,0,0,0,0,0,0,0,0,0,0,0,0,0,0,0,0,0,0,0,0,0,0,0,0,0,0,0,0,0,0,0,0,0,0,0,0,0,0,0,0,0,0,0,0,0,0,0,0,0,0,0,1.5,1.7,0,0,0,1,0,1.7,0.8,0.4,0,0,0,1.8,2.5,0,0,0,0,0,0,0,0,0,0,0,0,0,0,0,0,0,0,0,0,0,0,0,0,0,0,0,0,0,0,0,0,0,0,0,0,0,0,0,0,0,0,0,0,0,0,0,0,0,0,0,0,0,0,0,0,0,0,0,0,0,0,0,0,0,0,0,0,0,0,0,0,0,0,0,0,0,0,0,0,0.5,0.5,0.8,0,0,1.6,1.7,14.7,0,10.6,8.1,19,1,0,0,0.4,52,1.7,1.7,0,0,0,0.3,1.1,4,0,15,20.4,3.8,0,10.1,0.4,17.9,4.1,16.3,6.1,7,6.7,13,13.2,17.4,26.5,8.4,55.1,0,0,0,0,0,0,0,0.4,0.3,26.6,11.3,2.6,11.9,0,1.5,9.2,5.4,0,0,2.4,13.3,8.3,35.5,21.9,18.4,17.8,0,0,4,0,0,0,1.1,0.8,0.3,12.2,16.5,4.5,7.6,0,0,0,0,0,0,0,2.8,0,0,9.7,18.1,23.2,25.8,0,2.6,3.5,0,0,0,0,0,0,0,1.8,4.3,0,0,0,0,0,0,0,0,0,0,8.6,3.7,0,1.1,1.6,0,0,0,0,0,0,0,0,0,0,0,0,0,0,0,0,0,0,0,0,0,0,0,0,0,0,0,0,0,0,0,0,0,0,0,0,0,0,0,0,0,0,0,0,0,0,0,0,0,0,0,0,0,0,0,0,0,0,0,0,0,0,0,0,0,0,0,0,0
26.5,84.5,288,0,0,0,0,0,0,0,0,0,0,0,0,0,0,0,0,0,0,0,0,0,0,0,0,0,0,0,0,0,0,0,0,0,0,0,0,0,0,0,0,0,0,0,0,0,0,0,0,0,0,0,0,0,0,1.8,0,0,0,0,0,0,0,0,0,0,0,0,0,0,0,0,0,0,0,0,0,0,0,0,0,0,0,9.7,0,0,0,0,0,0,9.3,0.3,0.2,0,0,0,0,2.8,0,0,0,0,0,0,0,0,0,0,0,0,0,0,0,0,0,0,0,0,0,0,0,0,0,0,0,0,0,0,0,0,0,0,0,0,0,0,0,0,0,0,0,0,2,0,0,0,0,0,0,0,0,0,0,0.2,0,0,0,0,0,0,0,0,0,0,0,0,0,0,0,0,0,0,0,65.6,4.6,0,0,18.4,0,31.6,67.8,0,1.8,36.8,52.6,0.1,0.2,0,25.6,3.5,6,18.1,0,0,0,0,0,0,0,4.6,0.6,1.9,0,0.3,5.9,1.1,3.7,0,2.9,5.5,0.4,93.9,2.1,88.9,14.6,52.4,22.5,0,0,0,0,0,0.1,0.3,0.4,0.2,6.7,65.7,64.9,13.9,0.5,0,0.3,2.9,0,0,0,0,0.4,4.8,14.9,29.5,0.3,0,0,0.3,0,0,0,0,0.2,0,1.1,66.8,26.3,12.2,0,0,0,0,0,0,0.1,0,0,0,17.1,66.1,0,0,0,0,0,0,0,0,0,0,0,0,0,13.3,0.3,0,0,0,0,0,0.2,0,0,0.2,0,0.4,0,0.1,51.8,0,0,0,0,0,0,0,0,0,0,0,0,0,0,0,0,0,0,0,0,0,0,0,0,0,0,0,0,0,0,0,0,0,0,0,0,0,0,0,0,0,0,0,0,0,0,0,0,0,0,0,0,0,0,0,0,0,0,0,0,0,0,0,0,0,0,0,0,0
27.5,84.5,289,0,0,0,0,0,0,0,0,0,0,0,0,0,0,0,0,0,0,0,19.1,0,0,0,0,0,0,0,0,0,0,0,0,0,0,0,0,0,0,0,0,0,0,0,0,0,0,0,0,0,0,5.1,2.5,0,0,0.2,0,0,0,0,0,0,0,0,0,0,0,0,0,0,0,0,0,0,0,0,0,0,0.3,3.4,0,0,0,1.2,0,0,0,0,0,0,4.2,6,0.7,0,0,0,0,0.3,0,0,0,0,0,0,0,0,0,0,0,0,0,0,0,0,0,0,0,0,0,0,0,0,0,0,0,0,0,0,0,0,0,0,0,0,0,0,0,0,0,0,0,0,0.3,0,0,0,0,0,0,0,0,0,0,10.8,0,0,0,0,0,0,0,0,0,0,0,0,0,0,0,0,0,0,3.3,41.9,0.5,20.2,2.5,1.8,1,3.1,52.1,4.3,18.5,7.1,22.1,1,29.5,8.7,5.5,9.8,12,1.8,0,0,1.9,0,0,0.4,0,0.5,0.3,0.2,0,3.3,0.5,0.3,22.7,0,0.3,1.3,0,170.4,13.9,26,7.3,12.6,9.5,2.6,0,0,0,3.5,19.2,0.6,3.1,6.7,3.7,39.4,55.6,1.2,16.2,0,24.7,9.7,0,0.4,0,0,7.5,24,28.9,16.4,48,0,0,4.8,0,0,0,0,1,21.9,13.6,23.7,22.3,2.4,0,9.5,0,0,0,0,4.1,0,0,0,11.1,35.2,9.3,0,0,0,44,2,0,0,0,0,0,0,0,24.6,0.7,0,0,0,0,0,0,0,0,0.7,0,13.8,0,0.4,6.7,0,0,0,0,0,0,0,7.4,0,3.4,0,0,0,0,0,0,0,0,0,0,0,0,0,0,0,0,0,0,0,0,0,0,0,0,0,0,0,0,0,0,0,0,0,0,0,0,0,0,0,0,0,0,0,0,0,0,0,0,14.4,0,0,0,0,0,0,0,0,10.7,0
19.5,85.5,290,0,0,0,0,0,0,0.2,1.9,0,0,0,0,0,0,0,0,0,0,0,0,0,0,0,0,0,0,0,0,0,0,0,0,0,0,0,0,0,6,0,3.7,0.1,0,0,0,0,0,0,0,0,0,0.3,0.4,0,0,0,0,0,0,0,0,0,0.5,0,0,0,0,0,0,0,0,0,0,0,0,0,0,0,0,0,0,0.2,22.5,0.1,0,0,0,0,1.3,3.7,0,0.1,13,15.4,0.7,0,0,0,0,0,0,0,0,0,0,0,0,0,0,0,0,0,0,0.1,0,0,0,0,0,0,0,0,0,0,0,0,0,0,0,0,0,1.3,0,0,0,0,0,0,0,0,0,0,0,0,0,1.6,0,0,0,0,0,0,0,0,8.6,0,0.9,5.2,0,0,4.5,1.4,0,0,0.3,0.3,0,0.1,0,0,0.3,0.1,0,0,2.7,0.2,0.8,0,0.3,1.5,0.4,5.1,0,0,21.2,9.7,0.2,0,13.8,1.7,0.4,5.5,1.1,30.5,36.9,32.1,6.7,0.6,0,0,48.6,8.1,2.7,0.7,4,5.1,4.8,7.7,41.4,23.5,0.2,0,0,0,0,0,5.5,1.2,5.7,0,1.4,0.8,4.8,0,0.5,0,0,26.7,11.3,0,0,0,0,0.4,3.9,8.3,41.4,22.1,3.7,0,0.1,3.8,6.9,39.6,29.6,6.3,0.2,0,2.4,24.9,1,1.2,0,4,0.2,0,0,5.1,0,0,0,5.2,40.1,21.9,34.2,25.2,8.1,0,0,0,1.9,0.4,0.6,0,0.4,0,0.1,0,0,0,4.5,0.6,0,5.8,0,0,0,0.4,0,1.3,20.7,40.3,104.7,85.4,22.7,1.6,0,0,0,0,0,0,0,0,0,0,0,0,0,0,0,0,0,0,0,0,0,0,0,0,0,0,0,0,0,0,0,1,2.4,0,0.2,0,0,0,0,0,0,0,0,0,0,0,0,0,0,0,0,0,0.1,0,0,2.2,0.1,0,0,0,0,0,0,0,0,0,0,0,0,0
20.5,85.5,291,0,0,0,0,2.8,0,3.2,1.2,0,0,0,0,0,0,0,0,0,0,0,0,0,0,0,0,0,0,0,0,0,0,0,0,0,0,0,0,0,8,0,0,0,0,0,0,0,0,0,0,0,0,11.6,5.5,0,0.1,2.1,0,0,0,0,0,0.1,0,0,0,0,0,0,0,0,0,0,0,0,0,0,0,0,0,0,0.5,0,8.7,0,0,0,0,0,1.1,13.5,3.5,0,38.8,11.7,0,0,0,0,0,0,0,0,0,0,0,0,0,0,0,0,1.6,0,0,1.8,0,0,0,0.3,0,0,0,0,0,0.5,0,0,0,0,0,0.2,0,1.9,0,0,0,2,0,0,0,0,0.1,0,3.1,0,0.2,26.9,0.3,0,0,0,0,0,0,0,6.1,0,0.3,12.2,1.9,0,1.3,0,0,0,1.2,5.5,0,2.4,0,0,4.9,2.3,0,0,0.4,2.2,18,0.2,3.5,3.1,0,1.5,0,0,5.4,12.3,5.3,0,7.5,17.2,6.9,1.3,5.6,24.2,15.8,28.4,11.9,1.9,0,0,51.9,28.2,1.5,22.2,0.5,0.2,2.2,1.9,45.6,49.1,4,0,0,0,0.2,1.1,2.5,5.9,0,1.1,22.9,8.7,53,3.6,10.5,0,0.7,11.3,3.9,8,1.1,1.6,0,0,3.6,3.8,33.1,23.5,0.9,13.5,1.9,3.1,0.3,13.4,14.5,7.8,0,1.8,1.9,18.8,10.9,11.1,1.3,0,0,0,0,1.5,0,11.7,5.7,2.2,26.6,20.4,15.2,21,19.5,2.5,0,0,2.4,0.3,6.7,11.5,0,0,2.4,0,0,0,1.3,0.2,0,8.9,0,0,0,0,0,0.4,17.6,6.3,28.9,42.1,11.2,0,0,0,0,0,0,0,0,0,0,0,0,0,0,0,0,0,0,0,0,0,0,0,0,0,0,0,0,0,0,0,0,0,0,0,0,0,0,0,0,0,0,0,0,0,0,0,0,0,0,0,0,0,0,0,0,0.1,0,0,0,0,0,0,0,0,0,0,0,0,0,0
21.5,85.5,292,0,0,0,0,1.4,0,0,0,0,0,0,0,0,0,0,0,0,0,0,0,0,0,0,0,0,0,0,0,0,0,0,0,0,0,0,0,0,11,0,0,0,0,0,0,0,0,0,0,0,0,3.7,1.2,0,7.6,6.9,0,0,0,0,0,0,0,0,0,0,0,0,0,0,0,0,0,0,0,0,0,0,0,0,0,0,19.1,0,0,0,0,0,2,33.8,1.8,0,23.9,5.7,0,0,0,0,0,0,0,0,0,0,0,0.2,0,0,0,0,0,0,0,0,0,0,0,0,0,0,0,0,0,0,0,0,0,0,1.5,11.4,0.9,0,0,0,0,0.2,0,0,0,0.3,8,0,25.3,0,9.5,19.8,0,0,0,0,0,0,0,0,0.5,0,0,0,0.2,0,0,0,0,0,0,0,0,5,0,0,8.6,0,0,1.3,24.9,46.4,10.5,13.4,5.1,9.2,0,0,0,0,6.7,6.2,0.3,0,0,0.2,2.3,3.4,0,6,22.4,12.2,9.9,7.7,2.2,0,3.3,15.1,1.1,1.3,0,10.9,7,3.5,44.9,114.9,35,0,0,2.2,9.9,2.1,3.2,0,0,8.9,1,7.7,4.1,0.8,8.9,0,0,0,0,0.9,18.2,0.8,0,0,18.4,0.3,4,24,0,1.6,0,0.2,0.2,1.4,14.8,6.4,5,0.3,2.7,48.3,27.9,10.5,0.2,1.1,0,0,0,2,0,1.5,0.7,0.2,0.4,8.7,3.9,72.4,14.9,16.8,0,0,0,17.5,6.5,1.4,0,0,0,0,0,0,0,0,0,3.1,0,0,0,0,0,0.2,0.3,7,3.4,10.6,6.6,0,0,0,0,0,0,0,0,0,0,0,0,0,0,0,0,0,0,0,0,0,0,0,0,0,0,0,0,0,0,0,0,0,0,0,0,0,0,0,0,0,0,0,0,0,0,0,0,0,0,0,0,0,0,0,0,0,0,0,0,0,0,0,0,0,0,0,0,0,0,0
22.5,85.5,293,0,0,0,0,0.2,0,0.2,0,0,0,0,0,0,0,0,0,0,0,0,0,0,0,0,0,0,0,0,0,0,0,0,0,0,0,0,0,6.5,0.4,0,0,0,0,0,0,0,0,0,0,0,0,0,0,0,0,0,0,0,0,0,0,0,0,0,0,0,0,0,0,0,0,0,0,0,0,0,0,0,0,0,0.2,0,4.5,0,0,0,0,0,1.1,11.7,6.1,11.6,15,7.7,0,0,0,0,0,0,0,0,0,0,0,0,0,0,0,0,0,0,0,0,0,0,0,0,0,0,0,0,0,0,0,0,0,0,5.4,0,4.5,0.5,0,0,0,0,0,0,0,1.2,9.2,7.7,1.3,0,0,0,0,0,0,0,0,0,0,0,0,0,4.1,0,0,0,0,0,0,0,0,0,6.9,1.5,3,0.5,0.7,0.6,7.1,5.5,16.1,8.5,44.7,21.6,43.2,16.5,1.5,3.1,0.9,0,6,1.1,0,3.5,10.3,3.7,19.7,7.4,3,6.1,9.9,8.3,14.6,5.8,0.2,3.4,9.3,8,2.6,1,7,32,9.9,27.5,40.8,106.8,47.8,2.4,5.4,29.9,41.9,36.2,3.1,2.8,0,0,0,1.5,3.8,2.7,0.7,0,0,4.7,0.4,0,0.3,0,0,2.8,1.7,12.7,20.7,23,6.1,10.5,3.9,0,0,2.8,3.7,3.7,0.6,13.4,68.5,28.6,12.1,2,0,5.5,0,0,0,0,0,0,0,0,0,4.5,7.1,30.1,12.9,13.6,1.9,0.5,1,0.8,0,0.2,0,0,0,0,0,0,0,0,0,0,0,0,0,0,0,3.5,2.4,13.6,23.7,16.7,15,1.6,0,0,0,0,0,0,0,0,0,0,0,0,0,0,0,0,0,0,0,0,0,0,0,0,0,0,0,0,0,0,0,0,0,0,0,0,0,0,0,0,0,0,0,0,0,0,0,0,0,0,0,0,0,0,0,0,0,0,0,0,0,0,0,0,0,0,0,0,0,0
23.5,85.5,294,0,0,0,0,0,0,0,0,0,0,0,0,0,0,0,0,0,0,0,0,0,0,0,0,0,0,0,0,0,0,0,0,0,0,0,0,0,13.9,4.8,0,0,0,0,0,0,0,0,0,0,0,13,6.1,0,0,0,0,0,0,0,0,0,0,0,0,0,0,0,0,0,0,0,0,0,0,0,0,0,0.9,0,23.1,0.8,6.5,3.3,0,0,0,0,1.1,14.5,0.4,27.9,26.6,4.2,0,0,0,0,0,0,0,0,0,0,0,0,0,0,0,0,0,3,0,0,0,0,0,0,0,0,0,0,0,0,0,1.5,0,0,1.5,0,0,1.1,0,0,0,0,0,0,0,0,0.8,0,9.9,0,8.4,0,0,0,0,0,0,0,0,0.4,0,0,0.3,0,0,0,0,0,0,0,0,0,0,0,0,3,16.6,0.8,0.7,2.6,13.7,13.4,0,21.4,15.9,12.9,0.3,6.7,13.6,1.7,49.3,7.5,2.2,2.6,11.3,10.7,9.4,15.8,0,11.5,1.9,3.2,9.5,0.7,3,2.7,21.3,9.9,3.9,2.4,0,31.8,8.3,20.2,46.2,48.4,115.3,1.7,8.4,4.3,21,12.2,1.9,0.8,1.7,0.9,0,3.4,12.3,4.5,0.1,3.4,2.2,1.9,3.7,0.7,3.2,1.4,2.4,0.1,0,1.4,6.7,49.3,1.8,0,0,0.2,23.5,7.8,18.7,10,1,18.4,3.7,44.1,42.7,0.9,0.5,0,0.2,0,0,0.1,0,0,0,0,0,0.4,0,17.2,11.6,76.6,3.9,0,0,0,6.3,16.2,0,0,0,0,0,0,0.4,0,0,15.7,0,0,0,0,0,0,0,0.4,2.2,3,0.3,0,0,0,0,0,0,5.7,1,0.7,0,0,0,0,0,0,0,0,0,0,0,0,0,0,0,0,0,0,0,0,0,0,0,0,0,0,0,0,0,0,0,0,0,0,0,0,0,0,0,0,0,0,0,0,0,0,0,3.3,0,0,0,0,0,0,0,0,1.9,0,0,0,0,0
24.5,85.5,295,0,0,0,0,0,0,0,0,0,0,0,0,0,0,0,0,0,0,0,0,0,0,0,0,0,0,0,0,0,0,0,0,0,0,0,0,0,0,0,0,0,0,0,0,0,0,0,0,0,0.8,0,0,0,0,0,0,0,0,0,0,0,0,0,0,0,0,0,0,0,0,0,0,0,0,0,0,0,0,0,0,0,0,5,0,0,2,0,0,0,0,9,2.7,1.5,0,0,0,0,0,0,0,0,0,0,0,0,0,0,0,0,0,0,0,0,0,0,0,0,0,0,0,0,0,0,0,0,0,0,0,0,0,0,0,0,0,0,0,0,0,0,0,0,0,0,0,0,0,0,0,0,0,0,0,0,0,0,0,0,0,0,0,0,0,0,0,0,0,0,0,0,0,0,0,0,13,0.5,0,7.2,35.7,26.5,3,0,13.2,6.3,3.3,2,0,0,2.4,9.1,3,5.4,0,0,11.2,0,0,0.2,0,0,20.1,1.4,0,0.6,0,32.9,7.6,18.8,18.9,11.1,29.9,3.6,1.2,1.4,33,55.1,11.6,0,0,0,0,0,0,4.5,0,0,32,8.8,0,0,5.7,0.9,17,0,7.6,3.8,1.5,26.2,3.9,0.9,20.3,19.9,21.1,7.8,4.4,2.1,1.3,0,0,10.7,9.1,0,0.3,13.2,0.3,0,0,0,0,0,0,0,0,0,0,4.4,7.7,106.6,6.5,4,16.4,0,5.8,0,0,0,0,0,0,0,0.8,0,0,0,0,0,0,0,0,0,0,0,10,3.2,1.5,0,0,0,0,0,0,0,0,0,0,0,0,0,0,0,0,0,0,0,0,0,0,0,0,0,0,0,0,0,0,0,0,0,0,0,0,0,0,0,0,0,0,0,0,0,0,0,0,0,0,0,0,0,0,0,0,0,0,0,0,0,0,0,0,0,0,0,0,0,0,0
25.5,85.5,296,0,0,0,0,0,0,0,0,0,0,0,0,0,0,0,0,0,0,0,0,0,0,0,0,0,0,0,0,0,0,0,0,0,0,0,0,0,0.9,0,0,0,0,0,0,0,0,0,0,0,0.4,0,0,0,0,0,0,0,0,0,0,0,0,0,0,0,0,0.2,0,0,0,0,0,0,0,0,0,0,3.7,0.3,0,0,8.1,1.1,0,0,0,0,0.3,0,0,0,0,0,0,0,0,0,0,0,0,0,0,0,0,0,0,0,0,0,0,0,0,0,0,0,0,0,0,0,0,0,0,0,0,0,0,0,0,0,0,0,0,0,0,0,0,0,0,0,0,0,0,0,0,0,0,0,0,0,0,0,0,0,0,0,0,0,0,0,0,0,0,0,0,0,0,0,0,0,0,0,3.1,8.8,37.1,37.2,8.1,43.5,2.5,0.2,1.3,38.8,2.9,11.7,0.9,0,0,0,2.9,14.5,2.1,3.2,0.8,0,0.7,0,0,1.1,0,0.7,0,0.5,0,0,0,2.1,7.1,7.1,1.1,3.1,4.2,11.6,7.4,19.3,12.5,26.4,20.1,13.5,0,0,0,0,0.3,0.5,0,14.8,25.7,1.7,1.8,0.2,0.3,0,0.3,40.8,16.9,3.1,3.6,3.5,1.9,14.7,10.9,11.5,12.6,0,0,0,0.2,0,0,3.3,0,0,0,2.2,4.3,3.1,0,0,0,0,0,0,0,0,0,0,10.1,76.6,15.9,0.5,10.6,0,2.1,0,0,0,0,0,0,0,0,0,0,0,0,0,0,0,0,0,0,0.3,0.4,0.7,0,0,0,0,0,0,0,0,0,0,0,0,0,0,0,1.4,0,0,0,0,0,0,0,0,0,0,0,0,0,0,0,0,0,0,0,0,0,0,0,0,0,0,0,0,0,0,0,0,0,0,0,0,0,0,0,0,0,0,0,0,0,0,0,0,0,0,0,0,0,0,0,0
26.5,85.5,297,0,0,0,0,0,0,0,0,0,0,0,0,0,0,0,0,0,0,0,0,0,0,0,0,0,0,0,0,0,0,0,0,0,0,0,0,0,0,0,0,0,0,0,0,0,0,0,0,0,0,0,0,0,0,0,0,0,0,0,0,0,0,0,0,0,0,0,0,0,0,0,0,0,0,0,0,0,0.2,4.4,2.2,0,0,9.9,0,0,0,0,0,0,29.6,0,0,0,0,0,0,0,0,0,0,0,0,0,0,0,0,0,0,0,0,0,0,0,0,0,0,0,0,0,0,0,0,0,0,0,0,0,0,0,0,0,0,0,0,0,0,0,0,0,0,2.5,0,0,0,0,0,0,0,0,0,0,10.5,0,0,0,0,0,0,0,0,0,0,0,0,0,20.2,19.9,3,17.4,15.9,15.7,8.1,30.5,15.7,0,16.2,13,0,0.4,12.8,11.3,2.8,10.3,6.3,0,10.7,22.9,33,24.5,16,19.9,0,48.3,0.2,0,0,0,0,0,0,0,0,0,0.5,13.8,3.7,0,0,0.3,38.7,89.8,10,37.3,6.5,22.7,7.1,0.2,0,0,0,4.6,19,0,0,2.9,11.4,15.8,5.8,0.3,0,0.5,13.9,0.2,0,0,0.8,0,4.8,5.1,11.7,26.9,3,0,0,2.3,0,0,0,0,0.2,8.7,13.5,35.1,2.8,0.4,0,0,0,0,0,0,3.9,0,7.6,9,8.2,24.6,13.1,0.3,2.9,6.4,2.8,0,0,0,0,0,0,2,0.5,2.7,0,0,0,0,0,0,0,0,0,0,7,1.6,14.6,3.6,0,0,0,0,0,0,0,0,0,0,0,0,0,0,0,0,0,0,0,0,0,0,0,0,0,0,0,0,0,0,0,0,0,0,0,0,0,0,0,0,0,0,0,0,0,0,0,0,0,0,0,0,0,0,0,0,0,0,0,0,0,0,0,0,0,0,0,2.5,0,0
20.5,86.5,298,0,0,0,0,1.1,0,1.3,0.2,0,0,0,0,0,0,0,0,0,0,0,0,0,0,0,0,0,0,0,0,0,0,0,0,0,0,0,0,0,20,0,0,0,0,0,0,0,0,0,0,0,0,2.4,27.2,0.1,0,0,0,0,0,0,0,0,0,0,0,0,0,0,0,0,0,0,0,0,0,0,0,0,0,0,0,0.2,3.7,6.7,0,0,0,0,1,12.1,0.9,0,15.3,2.6,0,0,0,0,0,0,0,0,0,0,0,0,0,0,0,0,0.3,0,0,3.3,0,0,0,0.4,0,0,0,0,0,0.2,0,16.5,0,0,0,0,0,24.5,8.7,0,0,0,0,0,0,0,0,0,0,0,0,11.8,0.1,0,0,0,0,0,0,0,0.8,0,0.1,5.5,0,0,0.6,0,0,0,0.6,7.3,0,11.5,0,0,3.8,40.1,0,0,37.4,0.6,5.8,0,5.3,3.9,0,2.1,0,0,5.5,5.1,9.7,0,3.6,7.1,10.6,0.9,32.1,24.1,13.5,11.4,7.8,1.1,0,0,51.1,13.4,4.7,4.8,0.3,82.4,32.9,2.8,120.5,92.6,0.7,0.7,0,0,17.9,6.8,0.9,2.7,5.6,0.4,15,3.8,105.7,1,3.6,0,0,14.7,3.8,0.4,0,0,0,0,1.5,6.2,33.7,29.3,1.7,0,0.9,1.9,49.5,32.1,17.5,6.5,0,0,2.7,18.2,10,9.7,0,0,1.1,17.1,0,0.7,0,0.4,15.9,0.6,14.6,33.4,16.1,11.3,10.2,24,0,13.2,6.6,0.5,0,1.8,0.2,2.5,1.4,0,0,0,0.6,0,21.6,17.8,0,0,0,0,0,0.2,27.3,6.3,24.8,63.9,19.7,0,0,0,0,0,0,0,0,0,0,0,0,0,0,0,0,0,0,0,0,0,0,0,0,0,0,0,0,0,0,0,0,0,0,0,0,0,0,0,0,0,0,0,0,0,0,0,0,0,0,0,0,0,0,0,0,0,0,0,0,0,0,0,0,0,0,0,0,0,0,0
21.5,86.5,299,0,0,0,0,0.4,0,0,0,0,0,0,0,0,0,0,0,0,0,0,0,0,0,0,0,0,0,0,0,0,0,0,0,0,0,0,0,0,19.8,1.5,0,0,0,0,0,0,0,0,0,0,0,4.5,12,1.1,0,0,0,0,0,0,0,0,0,0,0,0,0,0,0,0,0,0,0,0,0,0,0,0,0,0.4,0,6.2,7.8,8,0,0,0,0,14.5,18.8,6.6,0,19.1,0.9,0,1.7,0,0,2.1,0,0,0,0,0,0.9,0,0,0,0,0,0,0,0.4,0.8,0,0,0,9.5,5,0,0,0,0,0,2.2,10.7,0,0,5.7,0.2,0,14.1,5.1,0.9,0,0,0,0,0,0,0,0,0.4,1.3,0,0,0,0,0,0,0,0,0.6,7.4,0.3,0,0.7,2.2,0,0.6,0,0,0,0.3,1.9,1.5,0,13.1,1,3.1,31.2,12.8,0.3,2.7,14.1,0.3,0,20,2.8,5.1,2.5,2.5,0,0.1,10.5,0.5,15,0,7.7,0.4,25.4,5,18.7,12.2,16,17.2,9.3,3,0,1.8,28.1,8.8,1.4,4.2,2.1,25.7,20.7,23.5,51.1,108.3,11.2,14.2,0.7,0,64.5,26.5,1.8,1,3.2,0,1.5,5.4,30.8,11.7,12.1,0,0,3.1,1.8,9.1,0.4,0,0,0.6,0,4.2,30.9,7.6,0.4,1.1,0.1,28,15.4,8.1,8.8,6.3,0.8,0,21.6,16.6,6.6,2,0,3.6,22.7,8.2,0,0,0,0,6.8,7.9,11.3,47,30.6,20.1,47.9,26.2,0.5,4.1,1.7,15.6,0.2,0.6,3.5,0.8,7.2,0,0,0,0,1,6.7,5.1,0,0,0,0,0.5,0,8,7.4,6.5,48.6,113.8,0,0,0,0,0,0,0,0,0,0,0,0,0,0,0,0,0,0,0,0,0,0,0,0,0,0,0,0,0,0,0,0,0,0,0,0,0,0,0,0,0,0,0,0,0,0,0,0,0,0,0,0,0,0,0,0,0,0,0,0,0,0,0,0,0,0,0,0,0,0,0
22.5,86.5,300,0,0,0,0,0.3,0,0,0,0,0,0,0,0,0,0,0,0,0,0,0,0,0,0,0,0,0,0,0,0,0,0,0,0,0,0,0,0,9,0,0,0,0,0,0,0,0,0,0,0,0,1.7,2.3,0,0,0,0,0,0,0,0,0,0,0,0,0,0,0,0,0,0,0,0,0,0,0,0,0,0,4.4,0,0,0,0,0,0,0,0,2.3,3.8,2.4,7.9,25.2,2.8,0,0,0,0,0,0,0,0,0,0,0,0,0.1,0,0,0,0,0,0,0,0,0,0,0,0,0,0,0,0,0,0,0,0,0,0,2.9,3.2,7.1,0,0,0,0,0,0,0,1.6,0.4,0,1.4,17.8,0,0,0,0,0,0,0,0,0,17.7,3.6,0,0,0,0,0,0,0,0,0,0,0,0,0,2.2,1.3,0.2,7.9,4.2,10,12.9,0.6,0,25.3,5,14,6.8,11.6,5.1,2,1.6,1.3,0,1.5,0.4,0.8,3,2.2,2,0,3.6,0.9,2.7,0.8,3.7,1.5,7.1,1,2.2,1.1,0,4.7,3.9,12.8,9.6,7.7,21.8,0,0,0.3,13.9,20.1,0.2,0,0.2,0,3.7,0.4,0,0,0,0,0,3.3,0.5,0,0.1,0,0,0,1.9,1.8,1.5,18.8,0.6,0.1,0,0.1,0.2,0,5.8,11.6,0,0,19.2,36.9,1.1,6.6,3.7,0,1.7,0,0,0,0,0,0,5.3,0,8.3,5.9,10.5,39.3,19.8,6.4,0,0,20.7,0,1.6,0,0,0,0,0,0,0.2,0.2,0,6.1,0,0,0,0,0,0,3.8,23,0,12.7,114.1,0,0,0,0,0,0,0,0,0,0,0,0,0,0,0,0,0,0,0,0,0,0,0,0,0,0,0,0,0,0,0,0,0,0,0,0,0,0,0,0,0,0,0,0,0,0,0,0,0,0,0,0,0,0,0,0,0,0,0,0,0,0,0,0,0,0,0,0,0,0,0
23.5,86.5,301,0,0,0,0,0.3,0,0,0,0,0,0,0,0,0,0,0,0,0,0,0,0,0,0,0,0,0,0,0,0,0,0,0,0,0,0,0,0,3.2,0,0,0,0,0,0,0,0,0,0,0,1.2,10.1,16.1,0,0,0,0,0,0,0,0,0,0,0,0,0,0,0,0,0,0,0,0,0,0,0,0,0,0,0.2,14.5,0.1,2,5.6,0,0,0,0,2.1,17.3,2.2,17.5,27.8,9.9,0,0,0,0,0,0,0,0,0,0,0,0,0,0,0,0,0,0,0,0,0,0,0,0,0,0,0,0,0,0,0,0,0,0,3.5,0,0,5.8,0,0,0,0,0,0,0.5,1.2,1.5,0,0.6,0,15.1,0,0,0,0,0,0,0,7,0,0,0.2,0,0,0,0,0,0,0,0,0,0.4,0,0,4.5,7.1,0.5,0,0.1,1,4.9,0.3,6,16.2,74.4,1.9,2.5,8.4,13.6,16.5,12.3,37.8,0,13,6.5,15,11.3,38.5,1.7,0,0.3,0.6,5.7,1.6,0.9,1,2.7,8.3,3.5,0,0.1,38.3,6.1,18.3,5.8,13.3,63.5,3.1,1.9,13.4,17.2,28.9,6.1,0,0,0,0,0,2.2,2.2,1,0.3,8.4,44.9,1.6,2.9,25.1,0,0,0,0,2.5,8.5,52.8,13.6,0,1.3,16.5,0,0,1.9,4.5,2.6,1.1,6.9,99.4,1.5,15.8,2.8,9.4,0,4.3,0,0,0.9,0.4,0.2,0.3,0.7,2,1,0,19.3,14.5,1.8,3.7,2.6,5.9,6.6,1.3,0,0,0,0,0,0,0,1.2,0.1,0,1.1,0,0,0,0,0,0,2.5,4.7,1.9,25.6,1.5,0,0,0,0,0,0,0,0,0,0,0,0,0,0,0,0,0,0,0,0,0,0,0,0,0,0,0,0,0,0,0,0,0,0,0,0,0,0,0,0,0,0,0,0,0,0,0,0,0,0,0,0,0,0,0,0,0,0,0,0,0,0,0,0,0,0,0,0,0,0
24.5,86.5,302,0,0,0,0,0,0,0,0,0,0,0,0,0,0,0,0,0,0,0,0,0,0,0,0,0,0,0,0,0,0,0,0,0,0,0,0,0,0,0,0,0,0,0,0,0,0,0,0,0,0,0,0,0,0,0,0,0,0,0,0,0,0,0,0,0,0,0,0,0,0,0,0,0,0,0,0,0,0,0,0,0,0.5,31.9,0,0,0,0,0.7,0.2,0.3,7.8,4.2,3.6,0,0,0,0,0,0,0,0,0,0,0,0,0,0,0,0,0,0,0,0,0,0,0,0,0,0,0,0,0,0,0,0,0,0,0,0,0,0,0,0,0,0,0,0,0,1.2,0,0,0,0,0,10.1,0,0,0,0,0,0,9,0,0,0,0,0,0,0,0,0,0,0,0,0,0,0,0,13.9,0,0,0.6,0,0.8,0,0.2,8.6,27.7,6.8,0.1,0.1,18.9,2.9,23.5,17.3,0,0,0.5,3.4,12,0.8,0,0,2.9,0,0,0.4,0,1,0.6,1,6.2,0.4,6.3,0,21.4,48.8,12.4,1.2,63.3,3.7,3.4,25.1,11,9.1,17.4,0.3,0,0,0,0,1.4,0,0,0,2.5,33,0.8,0,0.8,35.9,0,1.1,0,9,5,36.1,21.8,0.8,3.2,0.4,0.7,0.3,0,1,0,0,0,73,33,0.1,1.8,0.3,0,0,0,0,0,0,0,0,0,0,0,0,0,70.9,115.4,0,4.5,29.9,0,0,0,0,0,0,0,0,0,0,0,0,0,0,0,0,0,0,0,0,0,0,0.1,0,10,0.8,0,0,0,0,0,0,0,0,0,0,0,0,0,0,0,0,0,0,0,0,0,0,0,0,0,0,0,0,0,0,0,0,0,0,0,0,0,0,0,0,0,0,0,0,0,0,0,0,0,0,0,0,0,0,0,0,0,0,0,0,0,0,0,0,0,0,0,0
25.5,86.5,303,0,0,0,0,0,0,0,0,0,0,0,0,0,0,0,0,0,0,0,0,0,0,0,0,0,0,0,0,0,0,0,0,0,0,0,0,0,0,0,0,0,0,0,0,0,0,0,0,0,0,0.2,0,0,0,0,0,0,0,0,0,0,0,0,0,0,0,0,0,0,0,0,0,0,0,0,0,0,0.1,0.5,0.2,0,15.8,1.3,0,0,0,0,0,0,0,0,0,0,0,0,0,0,0,0,0,0,0,0,0,0,0,0,0,0,0,0,0,0,0,0,0,0,0,0,0,0,0,0,0,0,0,0,0,0,0,0,0,0,0,0,0,0,0,0,0,1.6,0.3,0,0,0,0,0,0,0,0,0,0.3,0,0,0,0,0,0,0,0,0,0,0,0,0,0,0,2.7,0,0,0,1.1,0,8.6,12.1,0.2,39.1,16.1,27.3,41.4,1.3,6.9,22.8,11.1,0,6.9,7.5,10.3,19.3,49.3,7.1,4.5,8.2,0.2,0,0,0,0,0,0.7,0.5,0.5,0.3,0,7.2,0.9,0,3.9,9.3,8.6,13.8,51.7,33,23.7,2.6,6.3,0.1,0,0,0,0,0.7,19.9,29,1.4,71,20.7,4.3,0.8,1.6,0,0,0.5,0,0.7,11.9,24.4,23.6,6.7,3.7,25.4,12.4,8.3,0.3,0.7,0,0,0,2.7,1.1,0.2,0.8,5.9,0,3.8,0,10,0,0,0,0,10.8,0,0,0,0,74.7,154.7,1.3,0,0.1,5.3,1.7,0,0,0,0,0,0,0,0.8,0,0,0,0,0,0,0,0,0,0,0,0,0.1,0.2,0,0.4,1.7,0,0,0,2.1,0,0.4,0,0,0,0,0,0,0,0,0,0,0,0,0,0,0,0,0,0,0,0,0,0,0,0,0,0,0,0,0,0,0,0,0,0,0,0,0,0,0,0,0,0,0,0,0,0,0,0,0,0,0,0,0,0,0,0,0,0,0,0,0
26.5,86.5,304,0,0,0,0,0,0,0,0,0,0,0,0,0,0,0,0,0,0,0,0,0,0,0,0,0,0,0,0,0,0,0,0,0,0,0,0,0,0,0,0,0,0,0,0,0,0,0,0,0,0,0,0,0,0,0,0,0,0,0,0,0,0,0,0,0,0,0,0,0,0,0,0,0,0,0,0,0,2.8,3,0,0,1.4,1.9,0,0,0,0,0,3.9,2.3,0,0,0,0,0,0,0,0,0,0,0,0,0,0.7,0,0,0,0,0,0,0,0,0,0,0,0,0,0,0,0,0,0,0,0,0,0,0,0,0,0,0,0,0,0,0,0,0,0,8.2,0,32.2,0.7,0,0,0,0,0,0,0,0,9.6,0,0,0,0,0,0,0,0,0,0,0,0,0,0,30.4,10,19,16.6,7.3,7.6,27.2,15.9,12.6,0,17.3,0,7.3,10,22.4,23.4,14.1,24,0.6,0,33.2,36.9,70.1,59.4,23.9,5.8,1.1,8.7,0,0.8,0,0,0,0,0.7,0.5,1.8,0,0.3,2.7,0,0,0,0.4,70.7,47.1,67.4,36.7,0.5,48.5,6.6,3.1,20.1,0.7,9.3,83.2,11,0.5,2,59.9,41.1,21.7,4.6,7.3,16.8,19.9,2.3,0,0,0.9,0.3,0.1,10.4,4.2,25.1,1.8,35,0,19.8,2.4,0,0,10,0.3,0.2,0.2,0,1.2,2.3,1.1,0.5,0,0,0,0,18.6,0,0,0,0,1.7,44.4,51.8,25.3,0,0,0,0,0,0,0,0,0,0,0,0.2,0,0,0,0,0,0,0,4.1,0,0,0.9,1.5,0.7,9.2,0,0,0,0,0,0,0,0,0,1.1,1.1,0,0,0,0,0,0,0,0,0,0,0,0,0,0,0,0,0.2,0.3,0,0,0,0,0,0,0,0,0,0,0,0,0,0,0,0,0,0,0,0,0,0,0,0,0,0,0,0,0,0,0,0,0,0,0,0,0,0,0,0,0
21.5,87.5,305,0,0,0,0,0,0,0,0,0,0,0,0,0,0,0,0,0,0,0,0,0,0,0,0,0,0,0,0,0,0,0,0,0,0,0,0,0,38.9,0.9,0,0,0,0,0,0,0,0,0,0,0,0.5,13.4,0.6,0,0,0,0,0,0,0,0,0,0,0,0,0,0,0,0,0,0,0,0,0,0,0,0,0,0,0,4.3,22.7,10.1,0,0,0,0,6.8,26,6.8,0,12.6,0.7,0,1,0,0,1.2,0,0,0,0,0,0.5,0,0,0,0,0,0,0,0.2,0,0,0,0,3.9,0.9,0,0,0,0,0,0.3,3.3,0,0,0.8,0,0,27.1,24.8,0.4,0,0,0,0,0,0,0,0,0.3,0,0,0,0,0,0,0,0,0,0.5,5.5,0,0,0,0.8,0,0.4,0,0,0,0.2,0.2,0,0,6.2,0.1,29.7,19,0,0.4,6.1,33.2,5.9,0,5.9,29.7,2,73.6,12,8.9,43.9,77.2,0.2,2.6,0,3.9,6.5,12.6,15.1,2.6,3.1,11.1,9.9,6.4,3.1,0,0.2,12,2.5,2.7,0.5,1,0,2.9,39.7,14.9,33.6,2.3,8.3,0,2.6,96,40.1,15.1,14.9,0.9,0,0,0.7,1.4,4.8,15.7,0,0,1.4,5.7,5.3,0,0,0,13.8,0.8,12.2,40.1,69,5.4,0.3,2.3,19.7,10,0,10.2,2.4,0.3,0,23.7,17.7,3.8,0.3,2.3,0.4,13.3,1.7,0,0,0,0,1.1,10,8.5,38.6,41,18.4,27.3,29.8,1.9,1.2,0,6.7,14.1,0,2,0,13.5,0,0,0,0,0.1,0,3.4,0,0,0,0,6.7,0,1.6,6.9,7.7,46.3,111.9,50.6,0,0,0,0,0,0,0,0,0,0,0,0,0,0,0,0,0,0,0,0,0,0,0,0,0,0,0,0,0,0,0,0,0,0,0,0,0,0,0,0,0,0,0,0,0,0,0,0,0,0,0,0,0.2,0,0,0,0.4,0,0,0,0,0,0,0,0,0,0,0,0,0
22.5,87.5,306,0,0,0,0,1.4,0,0,0,0,0,0,0,0,0,0,0,0,0,0,0,0,0,0,0,0,0,0,0,0,0,0,0,0,0,0,0,0,11.4,0,0.1,0,0,0,0,0,0,0,0,0,0,9.4,1,0,0,0,0,0,0,0,0,0,0,0,0,0,0,0,0,0,0,0,0,0,0,0,0,0,0,0.5,1.3,4.4,5,0.7,0,0,0,0,5.6,5,4.6,0,26.7,15.9,0,0,0,0,0.3,0,0,0,0,0,0,0,0,0,0,0,0,0,0,0,0,0,0,0,0,0,0,0,0,0,0,0,0,0,0,0.2,0,2.9,4,0,0,0,0,0,0,0,0,0,0,1.5,0,0,0.4,0,0,0,0,0,16.9,4.7,0.4,0,0,3.1,0,0,0,0,0.8,0,39.9,0,11.9,0.4,0,6.4,46.4,0.7,0,2.1,12.6,0.1,4.7,14.2,1.1,1,7.6,34.4,26,46.3,14.2,7.7,0.4,0,0.2,7,2.6,5.5,15.6,1.6,1.4,0.4,10.4,1.9,0,0,2.9,5.2,1.8,24.7,0,0,2.9,4.2,24.7,10.9,2.9,0,0,0.5,29.3,48.3,4.1,2.5,1.7,0,0,6.9,0,0,6.4,0,0.2,3.2,0.1,5.5,0,0,0,2.7,2.6,1.2,14.8,18.3,2.1,39.4,0.3,0.8,7,1.7,2.9,3,7.3,0,18.2,13,0.6,18.5,4.8,7,0,0,0,0,0,0.3,1.8,1.2,0.4,5.7,25.1,14.4,8.3,27.3,3.5,0,0,2.5,9.9,0,0,0,2.6,0,0,0,0,1.7,0,34.8,0,0.3,0,0,0.4,0,2,3.1,1.6,14.3,64.2,9.2,0,0,0,0,0,0,0,0,0,0,0,0,0,0,0,0,0,0,0,0,0,0,0,0,0,0,0,0,0,0,0,0,0,0,0,0,0,0,0,0,0,0,0,0,0,0,0,0,0,0,0,0,0,0,0,0,0,0,0,0,0,0,0,0,0,0,0,0,0,0
23.5,87.5,307,0,0,0,0,0.3,0,0,0,0,0,0,0,0,0,0,0,0,0,0,0,0,0,0,0,0,0,0,0,0,0,0,0,0,0,0,0,0.9,5.8,0,2.1,0,0,0,0,0,0,0,0,0,0.4,15.7,6.6,0,0,0,0,0,0,0,0,0,0,0,0,0,0,0,0,0,0,0,0,0,0,0,0,0,0,0,11.6,0,2.8,19.8,0,0,0,0,0.7,30.5,1.4,2,20,3.4,0,0,0,0,0,0,0,0,0,0,3.8,0,0,0,0,0,0,0,0,0,0,0,0,0,0,0,0,0,0,0,0,0,0,0,14.3,0,0,6.3,0.2,0,0,0,0,0.7,0.9,5.3,0.1,0,0.7,0,0,0,0,0,0,0,0,0,1.7,0.4,0.2,0.4,0,0,0,0,0,0,0,4.6,0.7,0.1,0,0,0.5,0.5,3.8,0,0,0.7,26.3,17.1,13.4,2.9,7,2.1,0.3,68.4,31.4,75.8,26.7,11.3,0,1.3,0.6,14.5,11.6,15.5,6.3,0.3,0,0,4.2,1.6,1,5.7,1.3,2.4,7,1.6,0,60.4,6.9,14.9,1.9,3.7,15.8,1,4.4,9,9.9,54.7,4.6,2,0,3.8,0.2,0,0,3,1.1,0.3,29.2,22,2,2.6,3.9,0,0,10.3,18.1,1,5.9,24.9,4.5,0,1.5,24.9,0,0.2,2.7,8.6,11.6,0,44.6,5.9,2.8,29.2,1.4,0.4,2.9,0,0,0,0,0,0,0.7,0.7,7,0.5,0.8,0.3,7.4,28.3,0,0.8,0,0.3,0,0,0,0,0,0,0,0,0,0,0,0,0,0,0,0,0,0,4.7,0.3,11.4,14.8,0.3,0,0,0,0,0,0,0,0,0,0,0,0,0,0,0,0,0,0,0,0,0,0,0,0,0,0,0,0,0,0,0,0,0,0,0,0,0,0,0,0,0,0,0,0,0,0,0,0,0,0,0,0,0,0,0,0,0,0,0,0,0,0,0.4,0,0,0,0,0,0,0
24.5,87.5,308,0,0,0,0,0,0,0,0,0,0,0,0,0,0,0,0,0,0,0,0,0,0,0,0,0,0,0,0,0,0,0,0,0,0,0,0,0.4,0,0.6,0,0,0,0,0,0,0,0,0,0,0.1,9.5,0.2,1.3,0,5.3,0,0,0,0,0,0,0,0,0,0,0,0,0,0,0,0,0,0,0,0,0,0,0,0,2,0,0,7.1,0,0,0,0,0,2.1,0,0,2.8,2.9,0,0,0,0,0,0,0,0,0,0,2.2,0,0,0,0,0,0,0,0,0,0,0,0,0,0,0,0,0,0,0,0,0,0,0,0,0,0,11.4,0,0,0,0,0,7,3.2,0,4.9,0,0.6,0.6,0,0,0,0,0,0,0,0,3.3,0,0,3.5,0,0,0,0,0,0,0,0,0,0.8,0,0,0,2.7,0.4,0,0,17.6,2.5,11.7,4.1,17.7,8,1.1,9.4,3.8,63.6,51.4,32.8,3.4,0.1,8.3,7.7,19.3,23.6,2.1,41,2.7,2.3,0,0.9,1.2,0,0,0.2,7.8,2.8,0.2,4.7,0.2,4.7,15.5,0.3,1.7,25.4,58.4,13.5,22.3,6.4,14.3,8.9,0.4,0,0,0,1.8,7.1,20.7,0,34.4,6.4,8.2,14.5,29.1,57.4,0,0,18.1,0.2,1.1,2.9,22.2,48.1,3.3,21.7,3.5,0.5,1.1,0.6,11.2,4.5,0,1.6,6.3,20.1,13.8,2,26.8,0.2,2.7,0,0,0,0,0,15.3,0,0,0,0,0,9.3,28.1,0.9,1.2,0.5,6.1,1.6,0,0,0,0,0,0,0,0.5,0,1.4,0,0,0,0,0,0,0,0,0,11.9,29,2.3,0,0,0,0,0,0,0,0,0,4.3,0,0,0,0,0,0,0,0,0,0,0,0,0,0,0,0,0,0,0,0,0,0,0,0,0,0,0,0,0,0,0,0,0,0,0,0,0,0,0,0,0,0,0,0,0,0,0,0,0,0,0,0,0.1,0.1,0,0,0,0,0,0
25.5,87.5,309,0,0,0,0,0,0,0,0.3,0,0,0,0,0,0,0,0,0,0,0,0,0,0,0,0,0,0,0,0,0,0,0,0,0,0,0,0,0.4,0,0,0,0,0,0,0,0,0,0,0,0,0,2,0,0,0,0,0,0,0,0,0,0,0,0,0,0,0,0,0,0,0,0,0,0,0,0,0,0,0,0.7,2.9,0,0,23.5,0,0,0,0,0,0,0,0,0,0,0.5,0,0,0,0,0,0,0,0,5.2,0,0,0,0,0,0,0,0,0,0,0,0,0,0,0,0,0,0,0,0,0,0,0,0,0,0,0,0,0,0,0,0,0,0,0,0,0,3.6,0,0,0,0,0,0,0,0,0,0,0,0,0,0,0,0,0,0,0,0,0,0,0,0,3.2,0,0.5,1.6,0,0,1.5,0,22.4,13,12.6,4.2,0.6,2.9,20.1,8.6,73.5,110.1,3.3,0,0,1.8,0,11,138.4,3.6,8.7,5.6,0,0,0,0,0,0,7.9,4.1,6.9,0,0,0.2,0,0,0.9,13.1,45.7,55.3,35,20.4,3.9,10.4,7.7,3,0.4,0,0,0,13.4,0.5,23,30.5,34.9,7.4,6.2,8.6,1.9,0,0,0,0,7.9,6,25.3,40.4,12.9,27.2,1.4,38.7,0,0,0.2,0,0,0,0.5,5.3,3.4,4.6,3.2,0,6.3,12.4,0,0,0,0,0,0,1.8,1.5,0,0,45,100.7,66.6,11.5,0.2,2.5,0,0,0,0,0,0,0,0,0,0,0,0,0,0,0,0,0,0,0,0.4,0,0.4,0,0.3,0,0,0,0,0,0,4.2,0.7,0,1,0,0,0,0,0,0,0,0,0,0,0,0,0,0,0,0,0,0,0,0,0,0,0,0,0,0,0,0,0,0,0,0,0,0,0,0,0,0,0,0,0,0,0,0,0,0,0,0,0,0,0,0,0,0,0,0,0,0,0
26.5,87.5,310,0,0,0,0,0,0,0,0,0,0,0,0,0,0,0,0,0,0,0,0,0,0,0,0,0,0,0,0,0,0,0,0,0,0,0,0,0.5,0,0,0,0,0,0,0,0,0,0,0,0,0,0,0,0,0,0,0,0,0,0,0,0,0,0,0,0,0,0,0,0,0,0,0,0,0,0,0,0,0,7,0.5,1.3,0,3,0,0,0,0,0,0,18.9,6.2,1.9,0,0.1,0,0,0,0,0,0,0,0,6.6,0,0,0,0,0,0,0,0,0,0,0,0,0,0,0,0,0,0,0,0,0,0,0,0,5.5,0,0,0,0,0,0,0,0,0,0,0,0,21.1,0.1,5.2,0,0,0,0,0,0,0,0,0,0,0,0,0,0,0,4.8,0,0.7,0,0,3.2,0,59.8,6.8,5,4.4,3.6,7.5,25.3,2.2,8.7,0.3,1.5,0,6.6,10.9,15.6,9.3,19.7,69.3,2.9,0.3,0.4,4.5,8.9,69.7,79.7,3.9,1.5,2.7,0.5,0,0.3,0.2,0.6,0,15.5,4.4,1.9,0.7,0.4,25.3,1.1,0.5,0,2.2,14.4,54.3,19.6,36.2,31.5,5.6,9.8,36.2,0.6,0.3,6.9,0.4,0.5,0.4,23.8,21.7,34.4,4.8,4.3,23.2,3.8,2.9,0.7,1.8,0,5.7,20.2,41.1,23,18.7,6.4,16.5,37.5,0,0.4,3.3,0,0,0,3.5,0.6,18.1,48,16.6,6.6,19.6,2.8,0.2,0,0,0.1,1.9,6.4,1.3,0.8,0.7,0,51.1,86.2,3.8,3.6,0.1,36.9,0,0,0,0,0,0,0,0,0.2,0,0,0.2,0,0,0,0,0,0,0,0.5,0.4,6,1.2,0.1,0,0,0,0,0,0,2.3,1.5,1.1,6.4,0.3,1.6,0.5,0,0,0,0,0,0,0,0,0,0,0,0,0,0,0,0,0,0,0,0,0,0,0,0,0,0,0,0,0,0,0,0,0,0,0,0,0,0,0,0,0,0,0,0,0,0,0,0,0,0,0,0,0,0,0,0
21.5,88.5,311,0,0,0,0,0.9,0.4,0,0,0,0,0,0,0,0,0,0,0,0,0,0,0,0,0,0,0,0,0,0,0,0,0,0,0,0,0,0,0,40.4,0,0.8,0,0,0,0,0,0,0,0,0,0,0,18.9,0.2,0,0,0,0,0,0,0,0,0,0,0,0,0,0,0,0,0,0,0,0,0,0,0,0,0,0,0,8.7,25,15.8,0,0,0,0,1,16.3,1.6,0,8.2,1.4,0,0,0,0,0.6,0,0,0,0,0,0,0,0,0,0,0,0,0,0,0,0,0,0,0,0,0,0,0,0,0,0,0,0,0,0,0,0,29.6,32.8,0,0,0,0,0,0,0,0,0,0,0,0,0,0.2,0,0,0,0,0,4,5.1,0,0,0,0.2,0,0,0,0,1.3,0,0,0,0,0.8,0,11.3,7.6,0,0.6,19.9,25.6,10.4,3.8,8,43.1,1.3,60.9,17.5,20.2,59.3,46.1,0.1,1.3,0,0.6,2.8,3.8,14.4,0.8,1.5,2.8,5.5,2.6,0.8,1.8,5.4,4.9,0.4,5.7,0,0,0,13.5,49.6,19.2,6.9,0,0,0,2.2,93.1,18.7,14.1,7.8,0,0,0,0,0.3,2,13.9,0,0.3,2.9,10.3,1.3,0,0,0,8,2.1,13.3,33.1,66.6,8,0.3,0.8,1.2,9.5,0.5,8.6,2.7,1.8,0,13.1,18.9,4.5,0.1,0.8,0.3,0,0,0,0,0,0.5,0,3.3,5.7,36.5,21.9,17.2,26.3,27.3,3.2,6.1,0,1.4,12.8,0,0,0,8.3,0,0,0,0,0,0,2.1,0,2.4,0,0.7,7.2,4.2,0.4,6.9,10.4,34.2,58.6,75.1,0,0,0,0,0,0,0,0,0,0,0,0,0,0,0,0,0,0,0,0,0,0,0,0,0,0,0,0,0,0,0,0,0,0,0,0,0,0,0,0,0,0,0,0,0,0,0,0,0,0,0,0,0.4,0,0,0,0.7,0,0,0,0,0,0,0,0,0,0,0,0,0
22.5,88.5,312,0,0,0,0,0.5,0,0,0,0,0,0,0,0,0,0,0,0,0,0,0,0,0,0,0,0,0,0,0,0,0,0,0,0,0,0,0,0,6.1,0,3.9,0,0,0,0,0,0,0,0,0,0,7.9,12,1.1,0,0,0,0,0,0,0,0,0,0,0,0,0,0,0,0,0,0,0,0,0,0,0,0,0,0,0.3,0,3.7,12.8,0,0,0,0,0.5,5.2,3.4,0,26.9,10.8,0,0,0,0,10.8,0,0,0,0,0,0.1,0,0,0,0,0,0,0,0,0.6,0,0,0,0,0,0,0,0,0,0,0,0.4,0,0.4,0.1,0,0,6.3,57,0,0,0,0,0,0,0,0,0,0,0,0,0,3.7,0,0,0,0,0.8,3.8,0,0,0,0.1,0.8,0,0,0,0,23,5.5,0,0,0,0,0,0,3.8,0,0,10,11.3,4.8,67.1,45,22.9,5.4,25,63.8,19,84.6,11.8,6.2,3.4,0.1,3.7,1,6.9,0.8,0.5,9.4,0.1,3.8,5.2,0.4,2.7,0,7.7,1.4,5.8,0.9,0,2.1,34.1,0.9,18,44.9,3.3,0.1,1.2,8.2,21.6,9.9,29.7,5.2,0.5,0.7,0.2,3.8,0,1.2,27.6,0,17.4,6.3,55.4,14.2,1.3,0,0.4,22.6,8,1.9,47.2,123,6.6,0,2.9,0.2,35.4,1.2,11.6,8.5,14,0,53.4,73.1,6.9,5.7,0.4,0.8,0,0,0,0,0,5.5,14.2,0,32.2,40.4,2.3,4.4,5.3,6.7,0.6,1.7,9.9,7.1,38.2,0.6,0,0,32.7,0,0,0,0,0,1.6,9.2,0,5,0,0,0,0.6,0.3,29,2.8,6,7.5,9.8,0,0,0,0,0,0,0,0,0,0,0,0,0,0,0,0,0,0,0,0,0,0,0,0,0,0,0,0,0,0,0,0,0,0,0,0,0,0,0,0,0,0,0,0,0,0,0,0,0,0,0,0,0,0,0,0,1.3,0,0,0,0,0,0,0,0,0,0,0,0,0
23.5,88.5,313,0,0,0,0,0,0,0,0,0,0,0,0,0,0,0,0,0,0,0,0,0,0,0,0,0,0,0,0,0,0,0,0,0,0,0,0,0,2,0,0.4,0,0,0,0,0,0,0,0,0,0,13.8,2.2,0,0,0,0,0,0,0,0,0,0,0,0,0,0,0,0,0,0,0,0,0,0,0,0,0,0,0,10.8,0,19.4,12.9,0,0,0,0,0,7.4,0,0,11.6,0,0,0,0,0,0,0,0,0,0,0,5.5,0,0,0,0,0,0.2,0,0,0,0,0,0,0,0,0,0,0,0,0,0,0,0,14.4,6,0,0,3.5,32.4,0,0,0,0,0,0,0,0.4,0,0,0,0,0,0,0,0,0,0,0,17,1.3,0,0,5,0,0,0,0,0,0,1.3,0,0,0,0,0,0,28.1,0,0,11,36.1,9.9,4,0.5,56.7,6.2,1.1,213.7,56.8,25.4,17.1,9.3,0,6,43.7,7.8,10.1,3.6,0.2,12.2,0,0,0,0.1,1.3,0,0.3,7.8,2.1,36.7,0,1.5,0,1.3,3,7.8,10.5,5.4,1.6,1.5,38.8,35.1,24.2,37.8,18.5,28.3,8.9,0,0,7.9,0,0,0.6,51.4,0.6,6.1,0,0,0,16.6,0.3,0,4.6,74.2,3.2,0,0,2.3,4.3,0,0.6,1.4,0.5,0,12.5,1.6,20.7,22,0.1,28.8,0.6,0,0,0,0,0,0.2,1.9,16.9,28.5,48.1,0,0,37.9,3.7,3.9,21.3,14.8,0.2,4.2,0,0,0,0,0,0,0,0,0,0,0.1,6,0,0,0,0,0,7.6,0,10.4,25.3,2.1,0.2,0,0,0,0,0,0,0.2,0,0,0,0,0,0,0,0,0,0,0,0,0,0,0,0,0,0,0,0,0,0,0,0,0,0,0,0,0,0,0,0,0,0,0,0,0,0,0,0,0,0,0,0,0,0,0,0,0,0,0,0,0,0,0,0,0,0,0,0,0,0
24.5,88.5,314,0,0,0,0,0,0,0,0,0,0,0,0,0,0,0,0,0,0,0,0,0,0,0,0,0,0,0,0,0,0,0,0,0,0,0,0,0.7,2.1,0.1,2.3,0,0,0,0,0,0,0,0,0,1.9,6.3,0,0.5,0,1.9,0,0,0,0,0,0,0,0,0,0,0,0.4,0,0,0,0,0,0,0,0,0,0,0,0,1.3,0,0,42.8,0,0,0,0,0,0.8,0,0,5.1,0.7,0,0,0,0,0,0,0,0,0,0,19,0,0,0,0,0,9.9,0,0,0,0,0,0,0,0,0,0,0,0,0,0,0,0,0,0,0,0,16.6,2.1,0,0,0,0,0.8,2.3,0,12.1,1.6,0.4,0.1,0,0,0,0,0,0,0,2.2,4.6,0,1.3,0.7,0,0,0,0,0,2.3,0,0,0.2,0.3,0,0,2.2,3.1,0.8,0,0,23.2,8.9,6.8,39.6,6.2,17.3,2.5,7.3,34.4,104.5,57.4,21.2,1.2,1.4,3.5,8.2,23.3,74.2,0.9,23.5,6.6,0.5,0.1,1.2,3.3,5.5,0.1,7.7,4.3,3.3,0,0.5,12.4,0.5,6.8,2.2,1.1,17,52.7,15.8,8,22.8,9.1,3.6,3.3,0,0,2.9,0.8,4.8,11.7,0,10.3,2.2,28.4,10.1,18.8,10.4,0,0,4.8,0.6,3,2.8,46.7,14.3,7.2,18.3,3.2,2.4,1.5,0,9.1,7.9,0,14.3,2.6,13.8,4.7,3.8,7.2,14.7,0.4,0.5,0,0,0,3,4.1,2.8,9.5,2.2,0,0,8,20,18.7,1.6,0.1,3,0,0.2,0,0,0,0,0,0,0.1,0,0.3,4.1,0,0,0,0,0,0,0.1,0,18.5,17.4,5.1,5.7,0,0,0,0,0,0,4.6,0,2.8,0,0,0,0,0,0,0,0,0,0,0,0,0,0,0,0,0,0,0,0,0,0,0,0,0,0,0,0,0,0,0,0,0,0,0,0,0,0,0,0,0,0,0,0,0,0,0,0,0,0,0,0,0,1,0,0,0,0,0,0
25.5,88.5,315,0,0,0,0,0,0,0,0,0,0,0,0,0,0,0,0,0,0,0,0,0,0,0,0,0,0,0,0,0,0,0,0,0,0,0,0,0.5,5.8,1,0,0,0,0,0,0,0,0,0,0,0,10.5,0,0,0,0,0,0,0,0,0,0,0,0,0,0,0,1.1,0,0,0,0,0,0,0,0,0,0,0,0.1,1.3,0,0,41.6,1.6,0,0,0,0,1.1,0.7,0.7,0.2,0.4,0,0,0,0,0,0,0,0,0,6.6,1.7,0,0,0.4,0,0,13.2,0,0,0,0,0,0,0,0,0,0,0,0,1.3,0,1.2,0,0.5,1.8,0,0,1.4,0,0,0.4,2.8,0,1.2,0.8,5.2,2.7,9.1,0.8,17.8,2.8,0,0,0,0,0.9,0,6.1,0.8,1.4,3.8,4.6,0,1.6,0,0,0,0,0,0,0.5,0.4,4.7,0,6.2,1.4,2.9,8.2,2.6,33.9,16,22.8,62.9,4.9,0.8,12.7,15.8,10.7,100.9,73,18,0.7,5.9,7.2,20.3,15,91.3,2.6,31.8,1.6,0,0.9,6.4,2,25.5,7.2,5.7,1.5,6.7,7.8,21,20.8,1.5,11.3,6.1,4.6,32.1,103,23.4,21.3,2.1,5.2,7.7,7.4,6.9,7.6,15.2,6.2,21.9,7.5,8.9,13.8,28.6,4.8,19.7,35.8,2.1,17.3,1.3,0,1.5,7.8,3.8,23.4,24,22.5,53.5,8.9,6.4,0,0,0,1.8,0,0,4.6,8.1,8.2,2,0.7,1.6,7.6,7.4,4.8,2.3,2,8.3,8.3,1.2,5.4,11.3,0,0.4,18.8,44.3,40.4,5.8,0,3.7,0,0,0,0,0,0,0,0,0,0,0,0,0,0,0,0,0,0,0,0.2,2.5,13,2.5,0,0,0,0,0,0,0,0.9,0.4,2.9,0.8,0,0,0,0,0.2,0,0,0,0,0,0,0,0,0,0,0,0,0,0,0,0,0,0,0,0,0,0,0,0,0,0,0,0,0,0,0,0,0,0,0,0,0,0,0,0,0,0,0,0,0,0,0,0,0,0,0,0,0,0
26.5,88.5,316,0,0,0,0,0,0,0,0,0,0,0,0,0,0,0,0,0,0,0,0,0,0,0,0,0,0,0,0,0,0,0,0,0,0,0.2,0,0,0,5.8,0,0,0,0,0,0,0,0,0,0,0,12.8,0,0,0,0,0,0,0,0,0,0,0,0,0,0,0,0,0,0,0,0,0,0,0,0,0,0,0.5,1.7,0,0,0,7.7,9.3,0,0,0,0,7.5,5.8,4.1,3.2,2,1.1,0,0,0,0.8,0.4,0.1,0,0,28.4,1.5,0,0,2.2,1.2,0.4,0,0,0,0,0,0,0,0,0,0,0,0,1,8.8,0.7,9.2,0.8,5.9,10.9,0,0,1.5,0.2,0.6,3,16.5,0.4,7.5,4.9,32.3,16.8,24.9,0,105.1,23.8,1,0,0,0.2,6.3,0.3,0,6.2,9.3,2.2,28.6,0,10.1,0.4,2.7,0,5.5,4.6,3.3,0.4,6.5,26.8,4.9,0.4,11.6,31.1,64.5,15.2,10.8,7.8,73.7,5.1,13.9,2.1,51.9,5.6,23.9,6.8,10,3.1,5.7,35.4,44.6,65.2,63,54.5,3.5,1.9,6.6,1,3.6,23.5,8.3,62.6,40.3,12.1,10.5,9.4,47.4,124.1,131.6,12.1,1.9,0,1.2,35.7,60.9,50.2,20.2,10.8,20.6,14.7,9.5,41.3,46.8,94.4,39.4,52.9,9.5,37,36.2,96,19.9,6.9,40.9,14.9,111.1,15.7,8.6,0,9.7,17.2,29.2,46.4,4.4,61.9,36.2,0.1,0,1,0.9,0,0,0,5.9,1.8,27.5,15.7,2.4,4.9,38.3,8.8,32.4,15,14.1,0.6,46.7,8.5,33.9,66.8,2.2,2.9,5.3,9.4,17.7,0.1,0.3,9.5,0,0,0,0,0,0,0,0,0.5,0,0.8,0.5,0,0,0,0,0,0,0,0.8,0.9,0.3,11.5,0.3,0,0,0,0,0,0,1.2,3,21,5.6,0.8,3.6,1.9,1.9,1.6,0,0,0,0,0,0,0,0,0,0,0,0,0,0,0,0,0,0,0,0,0,0,0,0,0,0,0,0,0,0,0,0,0,0,0,0,0,0,0,0,0,0,0,0,0,0,0,0,0,0,0,0,0,0
27.5,88.5,317,0,0,0,0,0,0,0,0,0,0,0,0,0,0,0,0,0,0,0,0,0,0,0,0,0,0,0,0,0,0,0,0,0,0,0.6,0,0,0,1,0,0,0,0,0,0,0,0,0,0,0,8,0,0,0,0,0,0,0,0,0,0,0,0,0,0,0,0,0,0,0,0,0,0,0,0,0,0,1.7,6.3,0,0,0,5.4,0.9,0,0,0,0,1.8,5,0.4,6.3,6.9,3.7,0,0,0,2.6,1.3,0.4,0,0,4.1,4.8,0,0,0.2,1.8,1.3,0,0,0,0,0,0,0,0,0,0,0,0,3.9,5.5,2.9,7.5,2.8,9.9,1,0,0,5.2,0.5,0,1.7,1.5,0,2.5,0.5,6.7,4.1,4.4,0,10,25.8,3.5,0.2,0.1,0,2.7,0.9,0,3.5,4.4,0.2,3.6,0,1.1,0,0.6,0,17.5,16.6,11.9,1.2,14.3,9.8,16.6,0.9,21.2,63.7,62.3,6.4,6,7.5,66.4,4.3,7.5,8.3,42.4,6.3,16.2,26.8,33.1,12.8,9.4,7.2,22.8,22.3,19.6,14.8,10.6,2.7,30.8,4.2,0.3,4.7,2.2,10.6,3.7,37,30.7,24.8,9.3,14.7,66.2,13.8,8,0,5.1,24.9,29.6,17.5,25.9,8.2,12,33.2,30.4,8.8,9.3,24.9,11.5,13.8,7,21.3,20.9,35.6,5.2,19,36.2,22.2,44.3,42.3,38,0,35.3,36.4,68,51.3,5.4,21.7,27.7,0.4,0,0.3,5.6,0,0,0,24.1,5.9,29.3,30.1,9.5,2.3,8.8,3.7,9.2,2.6,2.6,1.8,10.6,8.9,10,12.3,11.9,0.5,15.7,29.6,3,0,2.4,4.1,0,0,0,0,0,0,0,0,3.4,0,0.2,3.5,0,0,0,0,0,0,0,5.7,6.7,0,2,1.7,0,0,0,0,0,0,0.2,8.6,19.7,9.2,5.6,26.2,8.3,0.5,0.3,0,0,0,0,0,0,0,0,0,0,0,0,0,0,0,0,0,0,0,0,0,0,0,0,0,0,0,0,0,0,0,0,0,0,0,0,0,0,0,0,0,0,0,0,0,0,0,0,0,0,0,0,0,0
28.5,88.5,318,0,0,0,0,0,0,0,0,0,0,0,0,0,0,0,0,0,0,0,0,0,0,0,0,0,0,0,0,0,0,0,0,0,0,0.6,0,0,0,0.5,0,0,0,0,0,0,0,0,0,0,0,7.6,0,0,0,0,0,0,0,0,0,0,0,0,0,0,0,0,0,0,0,0,0,0,0,0,0,0,1.7,6.7,0,0,0,4.9,0,0,0,0,0,1,4.7,0,6.3,7.2,3.8,0,0,0,2.6,1.4,0.5,0,0,1.5,5,0,0,0,1.7,1.4,0,0,0,0,0,0,0,0,0,0,0,0,4.1,5.1,3.1,7,3,9.9,0,0,0,5.4,0.5,0,1.5,0,0,2,0,3.9,2.7,2.1,0,0.3,25.1,3.6,0.2,0.2,0,2.3,0.9,0,3,3.8,0,0.7,0,0,0,0,0,18,17.4,12.4,1.3,14.5,7.8,17.1,0.9,21.8,67.5,61.9,5.5,5.4,7.1,65.4,4.1,6.7,8.9,40.9,6.5,15.4,28.5,34.8,13.7,10,4.4,20.7,17.5,14.9,10.5,10.8,2.7,33.9,4.5,0,2.7,1.5,5,0,39.5,32.6,26.6,5.3,3.4,58.4,13.9,8.6,0,5.5,22.9,26.1,14,26,7.9,11.4,35.6,31.8,5.4,5.3,17.6,8.5,9.7,6.5,19.3,19.2,29.3,3.5,20.8,35.8,23.3,36.8,46.3,41.4,0,37.5,38.1,71.1,51.1,5.4,17,26.8,0.5,0,0,6.6,0,0,0,28,6.8,29.8,32.8,11,1.6,2.6,2.6,4.2,0,0,2,3,9,5,1,14,0,18,34,0,0,2.8,3,0,0,0,0,0,0,0,0,4,0,0,4.2,0,0,0,0,0,0,0,6.8,8,0,0,2,0,0,0,0,0,0,0,9.8,19.4,10,6.6,31,9.6,0,0,0,0,0,0,0,0,0,0,0,0,0,0,0,0,0,0,0,0,0,0,0,0,0,0,0,0,0,0,0,0,0,0,0,0,0,0,0,0,0,0,0,0,0,0,0,0,0,0,0,0,0,0,0,0
26.5,89.5,319,0,0,0,0,0,0,0,0,0,0,0,0,0,0,0,0,0,0,0,0,0,0,0,0,0,0,0,0,0,0,0,0,0,0,0.3,0,0,2.3,0.5,0,0,0,0,0,0,0,0,0,0,0,6.9,0,0,0,0,0,0,0,0,0,0,0,0,0,0,0,0,0,0,0,0,0,0,0,0,0,0,0,0,0,0,0,1.3,3.6,0,0,0,0,58.3,24.4,4.4,0,6,0,0,0,0,1.9,0,0,0,0,59.6,1.4,0,0,3.2,15.5,0,6,0,0,0,0,0,0,0,0,0,0,0,0,0.9,0,18.7,0,11.1,9.4,0,2.1,0,2.9,11,7.9,0.5,25.5,20.8,31.7,26.4,10.8,23.4,0,35.7,44,0,0,0,11.9,7.9,0,0,42.6,24.9,11,100.3,2.2,60.6,26,151.7,0,38.9,0.3,0,0,0.1,1.8,0,11.7,0.3,6.8,223,18.3,0.3,28.3,39.3,0.1,28.9,18.3,94.7,0.2,5.4,0.2,9.9,3.8,0.2,28.1,48.3,132.4,35.2,59.2,27.4,24.7,10.7,2.3,1.2,0.7,8.1,28.2,1.5,35.2,0.3,12.3,1.5,9.1,27.9,6,0,0,0.4,49.2,30.7,69.8,19.2,2.7,0.7,7,2.1,13.1,88,85.3,78.5,64.2,89.2,178.6,65.1,54.8,1.4,1.4,30.2,5.3,22.6,2.6,0.3,0,31,18.9,13.5,61.8,38.1,85.8,1.6,0,0,24.1,1.2,0,0,0,2.9,7.2,4.7,88.4,6.8,31.2,8.4,2.8,27.2,10.8,25.9,7.8,25.7,0.6,14.6,2.4,0,2.6,0.3,1,0.5,1.9,0,3.2,0,0,0,0,0,0,0,0,0,0,18.3,0.2,0,0,0,0,0,0,0,0,0,0.2,3.3,1.2,0,0,0,0,0,0,0,1,13.6,7.5,0,0,19.1,32.5,2.4,0,0,0,0,0,0,0,0,0,0,0,0,0,0,0,0,0,0,0,0,0,0,0,0,0,0,0,0,0,0,0,0,0,0,0,0,0,0,0,0,0,0,0,0,0,0,0,0,0,0,0,0,0,0
27.5,89.5,320,0,0,0,0,0,0,0,0,0,0,0,0,0,0,0,0,0,0,0,0,0,0,0,0,0,0,0,0,0,0,0,0,0,0,0.3,0,0,0.8,1.6,0,0,0,0,0,0,0,0,0,0,0,9.2,0,0,0,0,0,0,0,0,0,0,0,0,0,0,0,0,0,0,0,0,0,0,0,0,0,0,0.4,2.9,0,0,0,3.2,3.3,0,0,0,0,21.9,10.6,2.4,1.9,4.4,1,0,0,0,1.3,0.3,0.1,0,0,27.1,2.1,0,0,1.6,5.9,0.3,2.1,0,0,0,0,0,0,0,0,0,0,0,1.6,3.9,1.3,10.2,0.9,7,5.7,0,0.7,1.5,1.1,3.9,3.7,3.9,8.8,10.1,12,17.1,8,14.2,0,36.3,26.5,0.9,0.1,0.1,4.1,4.6,0.2,0,16.7,11.8,4.3,41,0.8,23.1,9,52.7,0,18.8,5.6,3.9,0.3,4,8.1,4.3,4.3,9.5,40.5,119,12.2,4,12.7,56.4,1.9,15.3,10.9,59.1,4.5,13,11.7,16.2,7.5,6.7,20.5,37.2,67.4,31.5,36.7,12.1,10,22.8,3,1.2,6.1,4.9,24.8,9.7,31.3,15,19,12.2,31.9,57.2,10,3.8,0,2.9,30.2,34.1,41.2,19.7,6.2,11,23.8,12.2,15.8,43,57.9,39.8,38.1,35.1,78.1,39.2,52.6,5.6,14.1,35.8,17.2,44.5,31.1,21.3,0,26.6,24.9,35.9,49.6,16.7,48.4,19.8,0.1,0,13.3,1.8,0,0,0,7.2,5.4,15.6,56.8,5.8,18.6,17.5,4.8,25.9,10.7,18.6,4.6,29.7,4.3,19.8,23.6,2.6,2.4,4.3,8.1,6.2,1.1,0.5,5.2,0,0,0,0,0,0,0,0,0.7,0,10.1,0.8,0,0,0,0,0,0,0,1.2,1.4,0.2,5.6,1,0,0,0,0,0,0,0.4,2.9,16.9,7.2,1.1,5.4,12.2,18,1.8,0,0,0,0,0,0,0,0,0,0,0,0,0,0,0,0,0,0,0,0,0,0,0,0,0,0,0,0,0,0,0,0,0,0,0,0,0,0,0,0,0,0,0,0,0,0,0,0,0,0,0,0,0,0
25.5,90.5,321,0,0,0,0,0,0,0,0,0,0,0,0,0,0,0,0,0,0,0,0,0,0,0,0,0,0,0,0,0,0,0,0,0,2.8,5.5,0.4,0,7.3,4.2,0,0,0,0,0,0,0,0,0,0,0,5.7,0,0,0,0,0,0,0,0,0,0,0,0,0,0,0,0,0,0,0,0,0,0,0,0,0,0,0,0,0,0,1.4,9.5,2.2,0,5,3.5,5.3,35.7,10,2.3,0.6,13.4,0.4,0,0.7,0,7,2.7,11.5,0.6,0,30.6,3.2,1.3,3.8,3.3,19.9,1.1,15.2,0,0,0,0.2,3.1,3.5,0,0,0,0,0,0.6,10,16.5,18.7,4.4,11.7,16,7.2,9.8,8.4,28.3,32.7,3.8,0.1,11.6,15.8,15.7,15,9,20.4,0.1,16.7,18.4,0.2,0,2.8,4.9,5.7,0.2,5.1,27.7,32.6,16.6,55.1,7.5,30.1,12.3,70.3,2.2,16.1,0.4,0,5.1,3.9,11.3,8,10.9,21.9,30.4,94,16,8.6,17,23.4,17.5,18.3,9.1,42.9,0,6.3,3.7,8.4,11.5,0,11.5,19.4,55.5,19.4,33.6,48.4,18.7,5.7,1.3,0.7,12.3,3.2,11.8,0.5,20,2.6,5,1.6,2.1,40.4,3.2,0.1,0,4,28.3,24.1,36.2,13.5,20.6,0.9,16,12.6,13.2,36.2,34.8,37.4,35.7,42.2,74.7,29.4,24.5,3.3,1.4,15.1,3.2,16,4.7,0,0,13.1,12.1,8.8,35.4,36.1,37.2,19.7,0.3,0.3,12.2,18.7,1.9,0,2.5,1.1,3,7.4,37.6,7,17.7,3,6.1,12.9,4.9,15.2,3.5,11.9,0.3,7.3,7.7,0,1.1,1.3,4.1,12.3,5.7,1.9,8.2,10.2,0,0.8,0,0,0,0,0,0,0,7.9,0,0,0,0.5,0.1,0.3,0.9,0,0,3.2,13.7,7.8,9.4,0.4,0,0,2.9,0,0,0,0.4,8.2,7.5,0,0.5,8,16.3,4.3,0,0,0,0,0,0,0,0,0,0,0,0,0,0,0,0,0,0,0,0,0,0,0,0,0,0,0,0,0,0,0,0,0,0,0,0,0,0,0.3,0,0.6,0,0,0,0,0,0,1.2,0,0,0,0,0,0
26.5,90.5,322,0,0,0,0,0,0,0,0,0,0,0,0,0,0,0,0,0,0,0,0,0,0,0,0,0,0,0,0,0,0,0,0,0,1.6,5.2,3.2,0,12.4,5,0,0,0,0,0,0,0,0,0,0,0,9.3,0,0,0,0,0,0,0,0,0,0,0,0,0,0,0,0,0,0,0,0,0,0,0,0,0,0,0,0,0,0,0,7.3,2.4,0,4.7,1.2,3.4,41.2,14.2,2.7,0,14,0.4,0,0,0,4.7,1.5,8,0.3,0,43.4,3.7,3.9,2.1,6,17.4,2.7,12.2,0,0,0,0.3,3.8,2.7,0,0,0,0,0,1.2,7.2,15.5,22,4.7,9.3,15,5.4,8.6,7.7,11.9,26.6,5.6,0,17.1,14.9,21.1,18.4,12.7,25.6,0.2,24.2,25.4,0,0,0,7,4.5,0,0.4,31.1,29.6,22.1,71.1,11.7,41.1,16.9,95.9,2.8,22.7,0.1,0,1.2,3.7,4.5,0.1,10.3,16.6,34,131.3,15.4,5.3,18.2,27.6,9.8,19.9,12.6,57.1,0,4.6,1.5,11.9,7.8,0,15.8,27.4,78.9,20.6,40.3,34,18.8,6.9,1.3,0.6,7.7,4.6,15.4,0.4,25.4,3.1,7,1.6,3,32.7,3.7,0,0,0.8,28.8,24.3,43.7,15.7,11.2,0.4,16.1,8.9,18.2,51.2,50,49.8,40.4,52.6,103.9,40.6,34.5,1.2,0.7,21.3,3.3,18.3,2.7,0,0,18,15.5,8.9,39.8,44.5,51.8,12.2,0.2,0,19.7,10.8,0,0,1.4,1.6,4.2,6.8,51.6,5.8,20,4.2,6.4,17.1,7.6,19.4,4.6,17,0.3,8,8.8,0,1.5,0.1,1,3.2,1.7,0.4,2.4,0,0,0.9,0,0,0,0,0,0,0,10.7,0.1,0,0,0,0,0,0,0,0,0,2.2,4.7,2.3,0,0,0,0,0,0,0,0.6,8.6,9.2,0,0.2,11.1,21.1,4.3,0,0,0,0,0,0,0,0,0,0,0,0,0,0,0,0,0,0,0,0,0,0,0,0,0,0,0,0,0,0,0,0,0,0,0,0,0,0,0,0,0.3,0,0,0,0,0,0,0,0,0,0,0,0,0
27.5,90.5,323,0,0,0,0,0,0,0,0,0,0,0,0,0,0,0,0,0,0,0,0,0,0,0,0,0,0,0,0,0,0,0,0,0,1,7.3,6.3,0,19.8,8.7,0,0,0,0,0,0,0,0,0,0,0,12.1,0,0,0,0,0,0,0,0,0,0,0,0,0,0,0,0,0,0,0,0,0,0,0,0,0,0,0,0,0,0,0,10.5,1.7,0,6.9,0.8,3,31.5,10.3,2,0,17.5,0.8,0,0,0,5,1,7.8,0.2,0,39.2,5.3,7.1,1.4,8.8,14.6,5,11.8,0,0,0,0.5,6.1,2.9,0,0,0,0,0,2,10.3,20.8,23.6,7.4,7.5,15.4,5.6,9.4,10.2,14.1,31.9,5,0,15,12.1,17.1,15.6,15.7,27.5,0.3,23.2,18.5,0,0,0,5.1,3.3,0,0.3,26.8,35.6,32.7,61,18.2,34,13.6,75.6,4.8,16.6,0,0,2.1,6.2,3.3,0,11,20.7,46,96.9,12.1,9,14.8,22.8,6.3,14.2,10.6,42.5,0,4.2,1.5,14.7,5.6,0,11.5,20,60.2,16.2,35.1,23.4,13.3,5,1,0.5,6.2,3.3,11.2,0.2,22.2,4.4,5.1,2.6,2.2,25.1,2.7,0,0,0.8,21,22.3,32.8,13.9,7.5,0.3,19.6,11.5,25.3,37.9,38.2,38.9,32.2,38.3,75.7,32.1,28.7,0.8,0.5,19.5,2.4,18.3,3.5,0,0,13.1,15.2,7.3,29.3,53.6,40,9.3,0.1,0,20.6,7,0,0,0.9,1.2,3.1,6.8,37.6,4.3,14.4,3.1,8.4,14.2,7.4,16.9,3.4,15.2,0.2,5.9,13.2,0,1.1,0,0.7,4.8,1.2,0.6,1.7,0,0,1.5,0,0,0,0,0,0,0,7.8,0,0,0,0,0,0,0,0,0,0,2.4,4,2,0,0,0,0,0,0,0,0.4,6.9,10.2,0,0.1,8.1,16.9,4.3,0,0,0,0,0,0,0,0,0,0,0,0,0,0,0,0,0,0,0,0,0,0,0,0,0,0,0,0,0,0,0,0,0,0,0,0,0,0,0,0,0.2,0,0,0,0,0,0,0,0,0,0,0,0,0
23.5,91.5,324,0,0,0,0,0,0,0,0,0,0,0,0,0,0,0,0,0,0,0,0,0,0,0,0,0,0,0,0,0,0,0,0,0,0,0,0,0,0.9,1.3,0,0,0,0,0,0,0,0,0,0,0,0,0,0,0,0,0,0,0,0,0,0,0,0,0,0,0,0,0,0,0,0,0,0,0,0,0,0,0,0,0,0.1,3.2,0,0,0,1.2,0.2,0,0,0,0,0.2,0,0,0,0,0,0,0,0.2,0,0,0,0,0,0,0,0,2.5,2,0,0,0,0,0,0,0,0,0,0,0,0,0,48.2,8.2,2.1,0,0,0,0,22,0.7,0,0,0,0,0,0,0,0,0,0,0,0,0,0,0,0.2,0,28.1,8.4,58.5,10.4,24.3,26.6,4.7,0,0,0,0,0,30.1,12.1,15.1,44.2,50.7,56.2,52,43.8,0.2,0,0,46.1,2.9,0,4.7,0,7.1,0,48.3,48.6,0.3,0.2,0,12,8.1,11.1,111.1,13.6,14.3,28.2,6.7,12.1,0.1,0,0.2,0.2,0.1,0,0,0.3,6.4,0.3,0.7,3.8,18.9,9,21.5,45.8,18.6,0.7,0.4,4.3,6.2,20.5,15.3,30.4,8,0.7,25.4,9,28.7,34.3,35.5,4,6.1,25.1,0.6,0,0,0.6,5.7,0,40.3,2.2,0.9,4,10.8,4.4,63.9,0,5,3.8,0,0,0,0.9,0.3,0.8,11.4,0,5.8,0,0,15.3,0,0,0,0.2,0.3,0.5,10.1,7.6,2.1,0.1,0,0,6.1,3.9,1.9,0,2.1,0.5,2,0,1.9,0,0,0,1.9,0,3.8,0,0,0,0,0,0,0,7.6,9.6,0,30.5,0.6,1,0,0,0,0,0,0,0,0,0,0,0,11.4,0,0,0,0,0,0,0,0,0,0,0,0,0,0,0,0,0,0,0,0,0,0,0,0,0,0,0,0,0,0,0,0,0,0,0,0,0,0,0,0,9.6,0,0,0,0,0,0,0,0,0,0,0,0,0,0,0,0,0
24.5,91.5,325,0,0,0,0,0,0,0,0,0,0,0,0,0,0,0,0,0,0,0,0,0,0,0,0,0,0,0,0,0,0,0,0,0,0,0,10.7,14.2,30.1,13.6,0,0,0,0,0,0,0,0,0,0,0,0,0,0,0,0,0,0,0,0,0,0,1.3,1.7,0,0,0,0,0,0,0,0,0,0,0,0,0,0,0,0,0,1.3,11.8,13.5,0,0,8.2,21,7.3,0,9.4,0.9,5.2,0.6,0,0,0.8,1.8,12.3,13.4,4.2,0,0,0,0.9,0,0,0,0,1.3,10.1,0,8.8,2.6,4.3,4.6,0,0,0,0,0,0,8.5,15.2,36.7,52.8,10.7,25.6,0,0,0,0,21.1,0.2,1.4,0.3,0.5,0.2,0,0,0,1.3,0,0.9,0.8,1.2,0,0,0,0.9,0,9.5,19.3,34.8,83,20.9,42.2,13,3.8,3.5,11.3,0,0,11.4,12.7,16.3,43.2,39,47.4,67.6,6.3,3.9,4.8,9,22.9,12.5,20.3,7.4,4.4,2.1,2,27.9,17.4,4.5,6.5,6.2,9.1,20.9,7.2,19.6,12.9,11.4,20.4,55.1,21.4,44.5,9.5,1.2,1.9,11,5,4.7,3.3,0,14.6,12.5,5.9,4.2,13.4,31.8,30.6,5.9,4.6,22.9,14,13.6,6.1,11.9,24.7,7.9,7.2,16.5,23.9,28.5,38,2.6,6.3,4.1,12.4,4.1,0,0.6,0.5,0,3.3,5.9,5.1,9.4,4.5,15.2,37,2.2,0.9,31.3,11.3,0,2.3,0,1,5.8,0.4,5.2,3.7,6.6,3.2,1.4,4,4.7,0,0,0,10.3,21.3,1.7,11.6,5,0.8,2.1,3.6,27.9,1.2,9.3,0,0,10.1,2.3,0,0,0,1.5,0,1.4,0,0,0,0,0,0,0,0,0,0,0,0,0.9,16.6,4.9,0,0,0,0,0,0,2.1,25.5,24.4,9.1,3,11.2,1.5,1,0,0,0,0,0,0,0,0,0,0,0,0,0,0,0,0,0,0,0,0,0,0,0,0,0,0,0,0,0,0,0,0,0,0,0,0,0,1.7,1.4,0,0,0,0,0,0,0,0,0,0.1,7.8,0,0,0,0,0
25.5,91.5,326,0,0,0,0,0,0,0,0,0,0,0,0,0,0,0,0,0,0,0,0,0,0,0,0,0,0,0,0,0,0,0,0,0,1.6,5.5,1.5,0.4,7.3,11.3,0.2,0,0,0,0,0,0,0,0,0,0,4.1,0,0,0,0,0,0,0,0,0,0,0,0.4,0,0,0,0,0,0,0,0,0,0,0,0.4,0,0,0,0,0,0,5.8,17.6,0.5,0,6.4,6.8,3,10.5,0,0.6,2.5,12.5,1,0,2.8,0,9.9,1.8,7.6,0.3,0,5.6,7.3,2.1,2.1,1.9,13.4,3.1,10.7,0,0,0,0.1,1.9,2.3,0,0,0,0,0,0.7,18.7,13.6,10,7.5,15.5,8.6,4.4,6.1,6.9,72.9,50,0.6,0,3,18.6,1.7,6.4,5.8,8.9,0.1,4.4,2,0.8,0.3,11.7,0,10.6,0.6,18.5,19.9,60,24.8,16.9,6,3.8,1,12.5,2.2,0,1.1,0,18.1,6.8,21.6,32.6,18.5,30,20.1,3.6,8.9,25.3,18.5,7.1,10,7,1.9,5.8,0.2,9.3,8.1,3.3,6.6,0.1,1.6,0,1.1,21.9,23.3,39.2,7.5,0.8,1.8,1,7.5,0,4.1,0.2,10.3,2.9,0.3,2.3,0,18.5,1,0.4,0.2,13.7,30.5,22.1,13.8,3.7,19.3,1,9.1,24.1,17.2,0.4,1.1,5.7,28.4,19.2,5.5,2.1,2.6,7.3,3.7,2.9,2.3,12.9,12.7,0.2,0,1.6,5.7,8.7,17.4,30.9,3.8,11.2,0.2,1.3,2.8,11.5,7.7,0,1.4,0,0,3.4,4,6.5,8.4,0,8,4.2,0.7,2.8,0.8,1.2,0.2,6.5,4.8,0,0,5.1,12.3,42.7,16.9,6.9,25.1,42.3,0,1.1,0,0,0,0,0,0,0,1.3,0,0,0,2.1,0.6,1.1,3.9,0,0,13.2,47.2,11.3,28.9,1.8,0,0,11.9,0,0,0,0,8.1,5.4,0,0.6,0.6,4.5,2.4,0,0,0,0,0,0,0,0,0,0,0,0,0,0,0,0,0,0,0,0,0,0,0,0,0,0,0,0,0,0,0,0,0,0,0,0,0,0,1.1,0,0.3,0,0,0,0,0,0,4.6,0,0,0,0,0,0
26.5,91.5,327,0,0,0,0,0.1,0,0,0,0,0,0,0,0,0,0,0,0,0,0,0,0,0,0,0,0,0,0,0,0,0,0,0,0,1.2,18.1,4.6,0.2,24.1,5.5,0,0,0,0,0,0,0,0,0,0,0,7.2,0,0,0,0,0,0,0,0,0,0,0,0,0,0,0,0,0,0,0,0,0,0,0,0,0,0,0,0,0,0,0,21.4,0.4,0,12.8,1,5.3,11,0,0.2,0,23.8,0.3,0,0,0,9.4,1.1,12.1,0.2,0,13,8.1,12.1,1.7,13.2,12.1,1.8,20,0,0,0,1.3,15.8,2.7,0,0,0,0,0,0.8,21.1,36.6,27.2,10.5,3.7,23.3,8.3,13.8,19.4,23.1,38.7,1.7,0,1.5,4.1,8.9,7.7,20.5,28.7,0.7,19.3,0,0,0,0,0,0,0,0.4,21.6,45.4,48.2,37.1,27.4,11.8,6.6,17.9,12.9,0,0,0,5.6,16.3,4.3,0,11.8,23.4,74.1,6.4,8.5,16,4,15.6,7.4,2.4,1.5,5.9,0,4.8,3.1,28.2,5.7,0,0,0,10.9,1,23.2,14.3,3.9,0.7,0.2,0,5.7,0,0,0.2,8.8,2.1,0,6.9,0,20.8,0.4,0,0,1.8,0.6,24.2,7.4,14.6,8,0.3,40.8,14.5,34.4,2.6,1.4,9.5,14,0.4,0.2,12.7,10.2,0.6,0.2,12.4,0.3,12.1,4.8,0,0,0,14.2,4.5,5.7,89.6,6.6,11.7,0.1,0,12.7,7.6,0,0,1,0,0,11.5,0.2,2.2,1.4,0,7.6,8.4,4.8,15,0,12.9,0,0.2,33.4,0,0,0,0.4,5.6,0.4,1.5,1.1,0,0.2,4,0,0,0,0,0,0,0,0,0,0,0,0,0,0,0,0,0,0,5.1,5.4,2.9,0,0,0,0,0,0,0,0,3.5,6.4,0,0.2,0,7.9,2.1,0,0,0,0,0,0,0,0,0,0,0,0,0,0,0,0,0,0,0,0,0,0,0,0,0,0,0,0,0,0,0,0,0,0,0,0,0,0,0,0,0.3,0,0,0,0,0,0,0,0,0,0,0,0,0
27.5,91.5,328,0,0,0,0,2.9,0,0,0,0,0,0,0,0,0,0,0,0,0,0,0,0,0,0,0,0,0,0,0,0,0,0,0,0,1,7.7,18.6,5.2,33.2,15,0,0,0,0,0,0,0,0,0,0,0,17.9,0,0,0,0,0,0,0,0,0,0,0,0,0,0,0,0,0,0,0,0,0,0,0,0,0,0,0,0,0,0,0,19.3,0.3,0,8.1,1.9,2.9,7.5,0,0.2,0,21.4,2.5,0,0,0,4,1,10.7,0.2,0,9.5,10.9,15.5,4.2,13.4,14.4,9.4,18.7,0,0,0,0.4,5.6,7.3,0,0,0,0,0.3,3.9,15.4,25.8,25.5,15.5,4.6,12.3,11.5,11.6,18.3,18.2,49,2.6,0,9.4,4.6,4.5,10.5,15.8,34.2,0.2,12.6,0,0,0,0,0.8,0,0,0.8,13.1,48.2,48.4,30.4,28.4,22.7,5.1,18.7,4.4,0,0,0,1.9,5.6,2.9,0,12.8,39.8,56.4,7.2,4.4,19.3,9.6,6.9,6.7,2.7,8.4,3.2,0,2.6,1.4,9.7,4.1,0,0,0,5.5,7.7,18.7,17.5,16.4,2.5,3.3,0,7.9,1.2,0,0.2,37.4,8.2,0,2.7,2,19.3,0.8,0,0,8,3.5,11.9,3.6,22.7,8.3,0.3,15.7,19.8,33.4,1.5,9.4,9.6,5.1,0.4,4.2,15.8,9.4,1.1,4.8,17.9,0.3,21.9,4.2,0.4,0,0,10.3,1.8,3.5,46.6,9.9,11.3,0.1,0,25.7,7.2,0,0,0.9,0,0,5.6,1.1,1.4,1.2,0,13.5,10.2,4.7,8.3,0.3,6.1,0,3.1,13,0,0,0,0.4,17.4,1.1,0.5,8.4,0,4.8,1.4,0,0,0,0.3,0,0,0,0,0,0,0,0,0,0,0,0,0,0,3.7,6.3,1.8,2,0,0,0,0,0,0,0,3.4,15.8,0,0.1,0.3,7.2,6.3,0,0,0,0,0,0,0,0,0,0,0,0,0,0,0,0,0,0,0,0,0,0,0,0,0,0,0,0,0,0,0,0,0,0,0,0,0,0,0,1,0.6,0.4,0,0,0,0,0,0,0,0,0,0,0,0
28.5,91.5,329,0,0,0,0,4.1,0,0,0,0,0,0,0,0,0,0,0,0,0,0,0,0,0,0,0,0,0,0,0,0,0,0,0,0,0.2,6.4,22.5,6.8,35.4,16.6,0,0,0,0,0,0,0,0,0,0,0,19.5,0,0,0,0,0,0,0,0,0,0,0,0,0,0,0,0,0,0,0,0,0,0,0,0,0,0,0,0,0,0,0,19.8,1.2,0,7.2,1.8,1.1,3.9,0,0,0,20,2.9,0,0,0,2.1,0,7.4,0,0,8,12.3,17.5,3.5,14.1,12.6,11,16.9,0,0,0,0.3,4.1,7.2,0,0,0,0,1,5.3,14.9,22.2,25,16.7,3.5,9.3,10.7,9.5,17.7,15.7,51.1,2.8,0,10.9,3.8,5.2,13.2,17.5,34.8,0.3,12.9,0,0,0,0,1,0,0,0.7,13.8,51.3,50.7,28.8,30.6,25,5.1,20.3,3.4,0,0,0,1.5,4.4,0.4,0,13.5,38.3,49.6,7.3,1.6,20.6,11.2,4.8,0.3,0.7,10.4,2.9,0,4.2,0.7,7.5,0.5,0,0,0,5,10,20.7,7,16.3,2.6,4,0,5.3,2.5,0,1.1,45.4,9.3,1.8,2.4,2.4,9.6,1.5,0,0,9.4,3.9,9.2,1.6,24,2.4,0.3,10.4,20.6,35.3,1.9,10.9,10.2,3.8,0.2,7.8,16.8,9,0.9,5.9,19.6,0,23,5.4,0.7,0,0,11.9,1.6,0.9,42.1,11.2,7.1,0,0,32.3,1,0,0,0,0,0.3,5.5,2.5,3.7,0.2,0.1,14.3,11.3,5.5,8.8,1.3,5.6,0,4.9,9.7,0,0,0,0,20,1.1,0.4,10.7,0,5.8,1.4,0,0,0,0.3,0,0,0,0,0,0,0,0,0,0,0,0,0,0,3.1,5.8,1.8,2.4,0,0,0,0,0,0,0.2,5,17.6,0,0.1,0.9,7.2,6,0,0,0,0,0,0,0,0,0,0,0,0,0,0,0,0,0,0,0,0,0,0,0,0,0,0,0,0,0,0,0,0,0,0,0,0,0,0,0,1.7,0.6,0.5,0,0,0,0,0,0,0,0,0,0,0,0
22.5,92.5,330,0,0,0,0,0,0,0,0,0,0,0,0,0,0,0,0,0,0,0,0,0,0,0,0,0,0,0,0,0,0,0,0,0,0,0,0,6.9,15.8,7.8,0,0,0,0,0,0,0,0,0,0,0,0,0,0,0,0,0,0,0,0,0,0,0,0,0,0,0,0,0,0,0,0,0,0,0,0,0,0,0,0,0,3.4,10.5,1.4,0,0,8.8,0,0,0,0,15.4,9.1,0.1,0,3.4,8.5,0,7.8,1.3,0,0,0,0,0,0,0,0,0,0.5,2.3,0,0,0.6,0,0,0,0,0,0,0,0,0,3.4,17.8,11.8,15.8,5.4,0,0,0,4.6,18.5,10.1,0.2,0,0,0,0,0,0,0.2,0,0,0.2,0,0,7.6,0,0,5.9,1.7,82.7,38.8,40.4,30.1,23.9,0,0.8,0.7,2.4,0,6.3,16.2,35.4,18.8,16.3,25.4,33.4,24.9,1.1,0.8,2.4,28.8,10.7,9.4,8.9,7.5,11.6,10.5,44.1,14.7,2.5,0.1,5.8,7.9,2.6,17.8,57,145.4,26.4,17.3,13.9,11,0.3,0.4,1,0.9,0.5,0,0.6,1.2,9.3,1.3,2.8,6.8,18.1,14.2,24.7,49.4,16.3,18.4,13.1,18.7,15.6,21.6,32.5,92.5,1.4,32.4,29.7,7.3,49.7,43.3,20.5,7.2,6.8,17.9,2.4,0.4,4.1,7.9,9.3,6.9,20.1,13.8,8,0.8,20.6,23.1,25,0,13.7,3.4,5.5,0,7.2,7.6,6.7,16.4,2.1,16.1,1.6,0.3,0.4,9.9,8.8,0,0,2.1,1,2,18.6,4.2,1,0,0,0,6.8,5.5,4.5,0.8,1.2,2,16.5,0,0.3,0,0,0,0.3,0,0.7,0,0,0,0,0,0,0,1.4,50.3,0,16.7,31.5,46.8,36,0,0,0,0,0,0,0,1.7,0.5,0.7,2.7,1.1,0,0,0,0,0,0,0,0,0,0,0,0,0,0,0,0,0,0,0,0,0,0,0,0,0,0,0,0,0,0,0,0,0,0,0,0,0,0,0,2.1,0.2,0,0,0,0,0,0,0,0,0,0,0,0,0,0,0,0
23.5,92.5,331,0,0,0,0,0,0,0,0,0,0,0,0,0,0,0,0,0,0,0,0,0,0,0,0,0,0,0,0,0,0,0,0,0,0,0.4,5.8,17.7,31.6,11.6,0,0,0,0,0,0,0,0,0,0,0,0,0,0,0,0,0,0,0,0,0,0,0.5,0,0,0,0,0,0,0,0,0,0,0,0,0,0,0,0,0,0,5.1,10.9,1.5,0,0,13.3,7,3,0,5.8,10.1,7.4,0,0,2.1,5.9,1.6,18,7.1,1.8,0,0,0,3.1,0,0,0,2.8,2.9,10.3,0.4,7.5,4.5,7.2,7.2,0,0.4,0,0,0,0,12.7,14.2,37.8,31.3,21,6.6,0.6,0,0,3.6,15.4,13.8,0.9,0.2,0.3,0,0,0,1.9,0.8,0,16.8,4.9,2.6,0,4.7,0,0.6,0.6,5.8,48.9,61.4,58.6,23.3,29.2,10.7,2.7,1.5,2.1,0,0,21.3,28.3,20.4,12.3,42.5,42.7,20.6,0.8,1.4,5.6,22.2,9.3,7.4,9.6,7.7,9.1,7.8,24.1,4.9,5.3,10,8.8,8.2,6.3,20.3,25.8,101.9,19.8,11.6,25.9,25.6,9.5,15.2,1.8,1.4,0.6,11.2,1.9,2.9,8.4,1.7,1.9,3.8,15.8,11.6,31.5,31.6,18.5,16.4,14.3,15.7,11.7,23.5,27.2,72.5,12.2,27.4,28.5,13.7,54.1,42.6,11,8.8,6.4,16.5,2.3,0.2,2.8,9.1,5.7,5.1,14,12.4,8.1,2.9,17.8,35.4,19.5,0,13.4,16.1,7,0.5,5,7.3,6.4,12.8,2.1,10.9,1.5,0,1.1,4.8,5.9,0.4,0,1.8,2.5,7.3,19.2,3.1,2.5,0.7,0.2,2,14.3,7.7,4.4,3.8,1.3,2.6,12,0,0,0,0,3.8,3.4,0.2,0,0,0,0,0,0,0,0,0,35.9,0.2,8.1,26.6,35.4,27,0,0,0,0,0,0,4.2,10,13,1.3,0.8,1.2,2.7,0,0.7,0,0,0,0,0,0,0,0,0,0,0,0,0,0,0,0,0,0,0,0,0,0,0,0,0,0,0,0,0,0,0,0,0,0,0,0.6,2.8,0,0,0,0,0,0,0,0,0,0,0,0,0,0,0,0,0
24.5,92.5,332,0,0,0,0,0,0,0,0,0,0,0,0,0,0,0,0,0,0,0,0,0,0,0,0,0,0,0,0,0,0,0,0,0,0,1.4,8.9,31.5,49.8,16.2,0,0,0,0,0,0,0,0,0,0,0,0,0,0,0,0,0,0,0,0,0,0,0.8,0.8,0,0,0,0,0,0,0,0,0,0,0,0,0,0,0,0,0,6.7,5.7,8.2,0,0,7.5,17.1,13,0,15.3,0.4,2.1,0.1,0,0,1.7,2.6,25.6,13,3.2,0,0,0,7.4,0,0,0,7.6,6.7,24.2,1.1,12.2,12.4,15.2,15.3,0,1.1,0,0,0,0,26.4,18.5,71.1,38.6,21.3,8.2,1.7,0,0,9.6,5.8,20,0.8,0.3,0.4,0,0,0,5.1,0.7,0,44.1,12.1,5.8,0,0,0,0.8,1.7,12,9.5,76.9,40.4,22.3,22.5,17,3.7,1.9,3.4,0,0,24.3,10.4,32.2,19.4,56.9,44.6,20.6,1.4,4,6.7,19.3,8.6,4.8,8.6,4.4,3.6,2.3,6.1,10.9,7,23.6,8,9,11.1,15,9.4,19.9,7.2,6.7,52,36.8,16.9,52,5.9,1.6,0.3,27.7,7.7,5.4,1.8,0,1.8,4.1,4.8,0.7,32.5,19,10.8,4.8,15.1,15.3,6.9,13.6,4.2,9.1,33.2,6.5,11,11.7,26.9,30.9,11.9,14.3,4.7,5,3.3,1.7,0,6.9,0.2,1.1,0.5,6.6,3.2,5.5,7.3,55.6,27.4,0.2,4.6,32.7,13.8,1.7,1.5,0,3.4,3.1,7.1,2.6,3,1.6,3.4,0.4,0.9,3.1,0,0,3.8,13.6,27.1,4.3,9.4,1.8,1.1,4.5,27.6,17.2,3.8,15.1,0.7,0,7.1,1.3,0,0,0,10.9,11,1.1,0,0,0,0,0,0,0,0,0,8.2,0.7,1.7,12,7.8,8.8,0,0,0,0,0,0,11.4,30.3,31.1,7.5,3.2,3.8,7.3,0.4,2.3,0,0,0,0,0,0,0,0,0,0,0,0,0,0,0,0,0,0,0,0,0,0,0,0,0,0,0,0,0,0,0,0,0,0,0,2.1,7.6,0.2,0,0,0,0,0,0,0,0,0,0,3.4,0,0,0,0,0
25.5,92.5,333,0,0,0,0,0,0,0,0,0,0,0,0,0,0,0,0,0,0,0,0,0,0,0,0,0,0,0,0,0,0,0,0,0,1,8.3,0.5,0.4,4.5,11.1,4.4,0,0,0,0,0,0,0,0,0,0,3,4.3,0,0,0,0,0,0,0,0,0,0,0.2,0,0,0,0,0.5,0,0,0,0,0,0,0.2,0,0,0,0,0,0,4.5,17.3,5.4,0,4.2,4.6,5.1,20.7,0,0.3,1.3,12.2,1.8,0,1.5,0,4.4,1.7,19.9,1.8,0,7.6,7.2,0.2,2.1,0,7.4,1,17.8,0,0.9,3,0,1.1,0.6,0,0,0,0,0,1.4,17.1,15.9,11.4,7.5,8.5,5.6,3,5.5,4.1,43.5,28.6,0,0,1.1,10.4,1.9,2.6,4,3.3,0,1.6,1.1,0.4,0.1,6.1,0,16.8,7,10,11,42.8,16.9,32.1,14.7,6.5,1.8,9.1,0.5,0,0.6,0,9.6,2.8,27.5,23.5,9,26.4,3.9,1.9,4,17.1,17,4.1,14.2,3,1,2.5,0.1,9,3.9,0.4,2.3,0,0.8,8.1,0,16.9,14.8,17,3.1,6.4,0.9,0.5,12.1,0,3,4.1,16.9,5.6,5.6,9.7,0,9.8,7.8,0.2,0.1,7.1,25.6,21.3,11.5,5.7,15.2,5.4,2.2,15.1,8.6,4.8,1.6,4.7,19,11.8,4.8,2,3.4,3.7,7.5,0.6,3.4,17.9,26.5,0.1,0,0.8,1.9,5.5,14.8,15.1,2.1,3.5,0,1.8,4.2,12.1,4,0,0.5,0,0,16.1,2,13.6,10.2,0,3.1,2.3,5.3,1.9,0.4,1.6,0,13.3,3.7,2.7,1.3,2.7,6.3,42.3,30.1,3.5,13.1,22.2,0,0.4,0,0,0,0.2,0.1,12.9,2.1,0.7,0,0,0,1.1,0.3,0.6,2.1,0,0,6.9,25.4,10,30.1,6.1,0,0,6.3,0,0,0,7.8,5,1.8,0,0.3,0.3,1.9,0.6,0,0,0,0,0,0,0,0,0,0,0,0,0,0,0,0,0,0,0,0,0,0,0,0,0,0,0,0,0,0,0,0,0,0,0,0,0,1.2,1.4,0,1.7,0,0,0,0,0,0,3.5,0,0,0,0,0,0
26.5,92.5,334,0,0,0,0,6.6,0,0,0,0,0,0,0,0,0,0,0,0,0,0,0,0,0,0,0,0,0,0,0,0,0,0,0,0,1.7,5.1,15.7,8.8,12.4,5.7,0,0,0,0,0,0,0,0,0,0,0,7.2,0,0,0,0,0,0,0,0,0,0,0,0,0,0,0,0,0.7,0,0,0,0,0,0,0,0,0,0,0,0,0,0,21.9,6.3,0,3.1,4.6,1.4,7.3,0,0,0,10.4,1.4,0,0,0,0,1.4,17.1,1.3,0,10.4,7.6,6.1,5.9,5.2,15.6,3.3,27.5,0,0,0,0,1.3,4.6,0,0,0,0,3.7,7.6,20.9,21.9,19.2,14.9,2.7,12.2,10.6,9.3,16,14.6,44.7,0.8,0,3.5,1.9,11.6,20,17.5,20.6,0.6,6.5,0,0,0,0,0.9,0,0,0.6,20.6,37.3,22.1,43.1,30.8,23.4,5.3,19.7,0,0,0,0,0,0.2,7.4,1.8,6.6,27.4,6,6,0.6,10.9,19.6,5.7,10.8,0.7,10.7,6.1,0.4,13.7,0.5,0,0,0,0.4,10.4,1,12.7,26.7,7.1,15.3,11.4,3.7,0,7.7,7.2,1.2,8.9,48,5.6,16.9,13.3,2.4,7.6,5.3,0.4,0,9.3,4.8,4.8,5,24.7,5.1,8.5,1.9,18.8,14.6,9.7,7.5,17.1,6.7,1.8,20.8,14.8,1.6,2,13.7,12.8,3.1,21.4,14.1,1.6,0,0,15.5,2.6,9.7,12.8,9.1,15.1,0,1.5,37,3.3,0,0,0,0,1.5,32.4,8.2,32.7,1.9,0.6,6.3,9.9,11.1,15.6,5.9,2.5,0,21,1.1,0,0,0,0,15.4,3.6,0,15.5,0,5.5,1.6,0,0,0,0.3,0,0,0,0,0,0,0,0,0,0,0,0,0,0,2.8,6.7,4.8,2.3,0,0,0,0,0,0,0.9,11.1,11.2,0.4,0.8,3.3,5.3,1.9,0.2,0,0,0,0,0,0,0,0,0,0,0,0,0,0,0,0,0,0,0,0,0,0,0,0,0,0,0,0,0,0,0,0,0,0,0,0,0,0,3.7,3.2,0.4,0,0,0,0,0,0,0,0,0,0,0,0
27.5,92.5,335,0,0,0,0,6.6,0,0,0,0,0,0,0,0,0,0,0,0,0,0,0,0,0,0,0,0,0,0,0,0,0,0,0,0,1.1,4.3,21.9,9.5,23.6,11.5,0,0,0,0,0,0,0,0,0,0,0,13.6,0,0,0,0,0,0,0,0,0,0,0,0,0,0,0,0,0.2,0,0,0,0,0,0,0,0,0,0,0,0,0,0,20.1,5.1,0,3.9,3.9,1.2,4.2,0,0,0,13.4,2.4,0,0,0,0,0.5,10.1,0.4,0,7.4,10.5,11.6,5.2,9.2,15.4,8.1,21.7,0,0,0,0,0.5,6.8,0,0,0,0,3.1,7.5,15.6,17.6,21.3,15.8,2.9,9.4,11.6,8.3,17,13.1,51.1,1.8,0,8.1,2.4,9.3,20,17.8,28.3,0.5,8.4,0,0,0,0,1.1,0,0,0.8,18.3,43.9,33.6,30.1,29.3,26.3,5,20.9,0,0,0,0,0,0.2,2.7,0.7,9.9,32.2,21.4,6.8,0.5,16.1,15.4,4.5,4.1,0.8,12.6,5.2,0.3,11.3,0.4,0,0,0,0.3,3.7,1.8,13.5,24.5,8.3,18.6,6.5,4.5,0,8.3,6.3,0.4,5.8,55.1,8.8,10.3,5.6,2.9,8.8,4.5,0.3,0,10.9,5.3,4.8,2.1,26,4,3.9,1.5,20.4,23.4,5.3,10.1,13.9,2.9,1,18.2,16.5,4.4,1.9,9.9,17.4,1.1,22.2,9.8,1.5,0,0,15.4,2.1,3.9,18.1,11.3,13.8,0,0.6,39.5,2.5,0,0,0,0,1.2,17.3,7.1,20,1.1,0.5,11.1,11.2,7.7,12.9,4.8,2.8,0,13.5,1.3,0,0,0,0,20.3,2.7,0,16.1,0,6.6,1.3,0,0,0,0.4,0,0,0,0,0,0,0,0,0,0,0,0,0,0,2.9,7.1,4,2.8,0,0,0,0,0,0,0.8,10,16.4,0.3,0.6,2.8,6.3,4.4,0.2,0,0,0,0,0,0,0,0,0,0,0,0,0,0,0,0,0,0,0,0,0,0,0,0,0,0,0,0,0,0,0,0,0,0,0,0,0,0,3.5,1.8,0.5,0,0,0,0,0,0,0,0,0,0,0,0
28.5,92.5,336,0,0,0,0,6.6,1.9,0,0,0,0,0,0,0,0,0,0,0,0,0,0,0.2,0,0,0,0,0,0,0,0,0,0,0,0,0.7,4.1,23,9.3,28.3,13.7,0,0,0,0,0,0,0,0,0,0,0,15,0,0,0,0,0,0,0,0.3,0,0,0,0,0,0,0,0,0,0.6,0,0,0,0,0,0,0,0,0,0,0,0,0.5,18.1,4.1,0,3.8,4,1.6,2.5,0.2,0,0.7,14.4,3.7,0,0,0,0,0,5.5,0,0,5.1,14.9,15,4.6,10.1,15.4,9.3,17.7,0.6,4.2,0.3,0,0,9.7,0,0,0,0,3.1,6.7,11.3,16.3,23.4,16,2.7,8.2,12.5,8.9,15,11.3,49.8,8.1,0,9.3,2.3,7.3,18.4,16.9,36.8,0.5,8.5,0,0,0,0,1.1,0,0,0.9,17.8,49.4,45.3,25.8,27.4,28.6,19.4,24.1,0,0,0,0,0,2.5,0.3,0,11.1,33.1,26.8,6.7,1.3,17.1,12.5,14.7,0.5,11.5,12.9,5.6,4.2,11.2,0.7,0.4,0,0,0.3,0,2.7,20.7,24.8,12.7,18.7,4.5,4.5,7.1,15.2,5.4,4.2,5.4,54.1,9.7,10.1,2.9,4.4,8.6,4.4,0.3,0,10.7,5.2,6.9,0.6,24.2,4.3,3.8,1.6,27.7,36.8,3.5,16.2,15.5,1.2,3.1,19.5,16.6,5.2,3.8,7.8,21.7,7.5,21.7,7.5,1.4,0,0,13.7,1.6,0.6,19.9,12.6,11.9,0,0,42,1.9,0,0,0,2.7,5.4,15.9,11.9,17.1,1,3.7,16.3,16.8,16.2,12.4,4,3.5,1.8,11.1,2.8,0,0,2.1,0,21.1,3.5,1.6,15.1,0,11.6,1.1,0,0,0,0.4,0,0,0,4.5,0,0,0,0,0,0,0,0,0,0,2.9,8.2,3.9,4.6,0,0,0,0,0,0,0.7,9.3,18.8,0.3,0.6,10.5,11.9,6.2,0.1,0,0,0,0,0,0,0,0,0,0,0,0,0,0,0,0,0,0,0,0,0,0,0,0,0,0,0,0,0,0,0,0,0,0,0,0,0,0,5.8,2.8,0.5,0,0,0,0,0,0,0,0,0,0,0,0
23.5,93.5,337,0,0,0,0,0,0,0,0,0,0,0,0,0,0,0,0,0,0,0,0,0,0,0,0,0,0,0,0,0,0,0,0,0,0,0.5,16.6,36.7,25.1,14.8,0.6,0,0,0,0,0,0,0,0,0,0,0,0,0,0,0,0,0,0,0,0,0,0.4,6.4,0.1,0,0,0,0,0,0,0,0,0,0,0,0,0,0,0,0,2.3,3.3,4.1,1.9,0,3.6,8,5.4,1.6,7,0.3,1.4,4.2,4.7,0,0.8,1.1,9.6,7.1,6.5,0.5,0,0,2.4,0.5,0,0,2.3,2.3,10.1,0.6,5.1,3.7,5.3,5.4,0,0.3,0.9,0,0,0,9.5,10.9,41.3,29.1,12.1,5,3.4,2.2,0,3,4.6,9.2,2.2,0.1,0.2,0,2.2,0,3.8,0.4,0,13.7,3.8,2,0,0,12.4,0.5,1.8,5.9,6.3,40.4,26.8,8.2,11.6,21.5,17.1,13.6,1,0,0,9.2,6.4,11.3,20.2,88.4,56.8,15.3,6.5,1,2.8,11.9,7.1,5.6,4,8.1,9,10.9,3.4,20.3,11,8,26.8,5,4.3,8.1,4.2,9.7,12.8,16.4,17,15.5,7.8,22.2,3.2,0.7,6.4,11.7,2.6,6.4,8.6,1.2,0,11.2,2.7,6.5,14,23.1,8.6,18.8,4.6,6.8,4.4,9.3,1.9,3.7,19.5,3.4,4.6,5.9,12,11.2,4.1,5.7,2.7,12.4,6.3,17,0,2.2,1.2,0.3,0.9,4,22.5,4.6,3.1,18.8,9,11.5,1.6,15.6,4.3,2.7,0.5,0,1.4,2,21.2,4.6,2.1,0.7,1.3,0.4,1.5,3,0,0,1.2,6.7,9.6,6.5,9.9,8.5,1.2,2.2,9.7,21.1,9.2,5,0.2,0.2,3.4,0.7,0,0,10.9,5.5,8.4,4.6,5.2,0,0,0,0,0,0,0,0,2.5,5.9,0.9,10.6,17.7,7.5,1.1,1.7,0.2,0,0,0,3.8,17.4,14.2,3.2,0.8,1.3,2.5,0.3,0.7,0,0,0,1,0,0,0,0,0,0,0,0,0,0,0,0,0,0,0,0,0,0,0,0,0,0,0,0,0,0,0,0.2,0,0,0,0.6,2.5,30.7,4.2,5.9,0,0,0,0,0,0,0,2.7,2.3,0,0,0,0,0
24.5,93.5,338,0,0,0,0,0,0.3,0,0,0,0,0,0,0,0,0,0,0,0,0,0,0,1,0,0,0,0,0,0,0,0,0,0,0,0.6,5.2,14.9,33,13,15.7,1.9,0,0,0,0,0,0,0,0,0,0,0,1,0,0,0,0,0,0,0,0,0,0,8.4,0.2,0,0,0,0,0,0,0,0,0,0,0,0,0,0,0,0,0.8,1.8,3.7,3.5,0,0.3,0.6,2.1,5,1.9,0,0.5,7.3,6.1,0,0.5,0,1.4,3.5,9.2,9.9,0,0,1.7,2.6,0,0,0.6,0.4,6.4,0.4,0.6,1.6,0.9,1.2,0,0,1.1,0,0,0,3.6,4,27,17.3,7.7,2.3,4.8,2.8,0,1.1,3.7,6.4,2.4,0,0,0,3.8,0,4.2,1,0,3.7,0.9,0.4,0.8,0,15.2,4.9,8.9,2.8,3.3,22.5,6.2,4.5,2.8,18.5,19.3,16.1,0,0,0,1.2,2.9,3.2,21.2,84.1,47.9,10,9.5,3.6,1,8,9.3,13.8,4.7,7.7,14.7,13.2,3.4,24.6,10.8,1.9,28.9,2.5,0.6,2.4,2.7,5.1,14.7,19.2,6.8,1.2,0.5,2.3,2.3,0.4,8,6,3.6,9.2,9.9,2.3,1,17.8,5.5,13.9,4.3,19.2,10.6,26.6,2,2.6,4.2,4.8,1.9,1.3,13.5,0.7,1.4,0.7,1.6,4.7,1.8,3.6,2.6,14.8,9.7,22.1,4.4,2,6.3,0,1.1,1.8,29,4,2.6,6.5,2.3,14.7,0.6,2.5,1.5,5,0,0,0.7,2.5,24.3,5.8,1.9,2.3,3.3,1.3,2.5,2.4,0,0,0.9,8.4,1.7,8.3,10.4,10.3,1.3,2.1,5.8,25,17.1,1.5,1.4,1.1,3.7,0,0,0,15.3,5,7.8,8.4,8.4,0.3,0,1.5,0,0,0.3,0,0,0.7,7.6,0.6,10.5,20.8,9.6,2.8,2,0.3,0,0,0,0.8,11,3.6,1,0.2,0.3,0.5,0.2,0.2,0,0,0,1.2,0,0,0,0,0,0,0,0,0,0,0,0.8,1,0.8,0,0,0,0,0,0,0,0,0,0,0,0,0,0.3,0,0,0,0.2,0.7,38.8,7.1,8.1,0,0,0,0,0,0,0,3.6,0,0,0,0,0,0
25.5,93.5,339,0,0,0,0,0,0.5,0,0,0,0,0,0,0,0,0,0,0,0,0,0,0,1.6,0,0,0,0,0,0,0,0,0,0,0,1,16.4,3.4,8.9,8.3,14,8.2,0,0,0,0,0,0,0,0,0,0,0.3,7.6,0,0,0,0,0,0,0,0,0,0,3.6,0,0,0,0,0,0,0,0,0,0,0,0,0,0,0,0,0,0.5,3.3,8.8,9.7,0,1.8,1.4,7.4,22.8,0.5,0,0.1,11.3,3.7,0,0,0,0,1.2,18.5,16.2,0,0.8,7.3,3.3,0.2,0,0.2,0,12.3,0,1.6,5.3,0,0.6,0,0,0.3,0,0,0,3.4,1.9,12.5,13.1,5.1,0.6,3,1.5,0.5,0.7,5.6,4.9,0.9,0,0,0.1,3.6,0,2.6,1.9,0,0.5,0,0,1.3,0,3.5,23.4,21.3,1.2,2.1,21.7,8.2,10.7,7.9,8.9,5.6,6.3,0,0,0,0,3.1,2.1,28.7,29.6,10.4,11.4,5.1,5.4,1.5,10.6,8.4,17,11.5,2.2,11.6,4.1,2.8,16.1,3.6,0,6.6,0.8,0,2.5,2.3,11.7,8.3,8.2,2.8,0.8,0,0,17.2,0.4,2.4,7.1,20.6,14.2,3.6,2.6,1.7,15.4,17.4,11.5,0.6,4.3,22.7,29.2,4.5,6.2,14.1,2.5,2.6,2.2,8,1.4,1.2,1.3,2,3.4,3.6,2.5,6.1,5.8,7.4,7.5,7.4,10.7,30,0,0.3,0.3,10.4,4.7,3,8,2.6,4.4,0.5,0.9,2,14.5,0,0,0,1.2,6.2,3.9,1.3,5,12.3,1.7,1.7,1.5,0.6,0.2,0.9,12.1,0,7.8,8.9,6.9,2.5,2.2,5.1,44.6,42.6,0.8,2.1,1.3,3.2,0,0,0,6.3,3.8,2.8,24.6,7.7,0.5,0,2.4,0,0,0.5,0,0,0,2.5,0.1,5.5,15.7,28.8,9.9,0.5,0,0,0,0,0,15.4,2.6,0.5,0,0.4,0,0.4,0,0,0,0,0.3,0,0,0,0,0,0,0,0,0,0,0,1.3,1.6,1.3,0,0,0,0,0,0,0,0,0,0,0,0,0,0,0,0,0,0,0,12.4,5.5,3,0.2,0,0,0,0,0,0,2.7,0,0,0,0,0,0
26.5,93.5,340,0,0,0,0.1,4.3,5,0,0,0,0,0,0,0,0,0,0,0,0,0,0,0.5,0,0,0,0,0,0,0,0,0,0,0,0,1.1,9.8,6.6,3.6,10.4,9.3,4,0.1,0,0,0,0,0,0,0,0,0,1.8,3.9,0.2,0,0,0,0,0,0.9,0,0,0,0,0,0,0,0,0.3,1.5,0,0,0,0,0,0,0,0,0,0,0,0,2.6,12.2,10.5,0,2.5,5.2,6.8,14.5,0.6,0.2,1.9,11,4.1,0,0,0,0,0.4,11.7,1,0,2.7,18.5,7.2,1.9,0.7,10.8,2.1,15.3,1.5,11.9,3.5,0,0.4,7.6,0.1,0,0,0,4.5,5.6,7.1,17.6,20.2,8.6,0.4,11,8,8.9,4.4,7.2,25.4,16.2,0,0.9,0.5,9,14,14.2,25.6,0.8,3.9,0,0,0,0,0,10,5.9,0.7,19.1,36.8,33,28.1,21.9,17.8,41,24,0,0,0,0,0.4,6.5,13,5,1.6,14.6,3.8,0.6,3.3,6.5,7.3,34.6,6.1,27.7,7.3,8.2,10.8,21.2,1.5,1,0,0,0.4,3.4,1.8,31.5,23.2,12.5,0.3,6.2,0,18.3,35.1,5.4,11.2,12.1,27.3,9.4,21.1,8.8,4.2,6.1,12.4,0.4,0,0.8,10.1,17.6,3.9,3.8,9.6,10.4,2.7,30.7,36,6.9,16.9,17.7,4.4,8.7,25.6,3.3,2.5,6.8,4.8,12.5,20.5,14.3,23.2,1.3,0,0,11.7,3.4,3.5,7.2,8,12,0,0.5,34.1,8.3,0,0,0,7,12.9,36.2,21.9,34.4,7,9.2,13.5,16.7,33.9,15.2,5.3,4,4.7,17.6,6.6,2.4,1.2,5.6,0,22.4,23.9,4.1,6.3,0,13.1,1.5,0,0,0,0.2,0,11.4,1.9,11.6,0,0,0,0,0,0,0,0,0,0,2.3,10.5,19,9.4,0,0,0,0,0,0,8.1,10.7,9.3,0.4,0.9,24.1,15.4,3.3,0.2,0,0,0,0,0,0,0,0,0,0,0,0,0,0,0,0,0,0,0,0,0,0,0,0,0,0,0,0,0,0,0,0,0,0,0,0,1.1,0.8,9.6,5.8,0,0,0,0,0,0,1,0,0,0,0,0,0
27.5,93.5,341,0,0,0,0.2,6.5,10.9,0,0,0,0,0,0,0,0,0,0,0,0,0,0,1.1,0,0,0,0,0,0,0,0,0,0,0,0,0.5,5.4,10.5,7.5,17.4,7.7,0.4,0.2,0,0,0,0,0,0,0,0,0,2.5,0.5,1.2,0,0,0,0,0,1.9,0,0,0,0,0,0,0,0.3,0.3,3.2,0,0,0,0,0,0,0,0,0,0,0,0.1,3,12.5,3.8,0,1.1,6.5,5.2,3.4,1.3,0.4,4.4,10.2,7.7,0,0,0,0,0,1.9,0,0,1.1,27.7,15.8,4.8,2.9,16.1,1.2,15.8,3.6,23.8,1.7,0,0,17,1,0,0,0,5.4,3.8,5,20.8,26.3,13.5,0.7,10.8,14.3,14.1,5.9,6.1,25.4,33.5,0,1.7,0.1,5.1,12.2,12.7,53.7,1.1,3.7,0.2,0,0,0,0.5,0,0.5,1.1,23.6,56,64.8,37.1,22.1,29.4,85.4,35.5,0.3,0,0,0,0,14.8,1.8,0,6.8,20.2,7.8,4.7,6.4,7.9,8.9,64.8,1,64.5,10.2,10.8,22.5,18.7,3.2,2.4,0.2,0.5,0.7,0.4,4.9,51.5,33.7,30.8,9.9,9,2.1,42.1,46.2,5.9,24,13.1,29.3,6.3,28,11.3,9.9,4.4,6.6,0.3,0,4.9,4.3,16.4,1.3,11.9,9.1,16.7,4.2,55.5,72.9,8,36.6,28.2,3.8,16.1,34,11.6,0.5,13,7.3,29.3,43.3,15.3,8.2,1.5,0,0,7.5,1.3,1.3,12.8,14.5,8,3.1,0,50.1,1.2,0,0,0,15.9,25.3,50.6,38.2,39.8,2.9,20,28.6,38.6,63.6,18.1,3.6,5.8,10.5,21.4,9.3,0.5,0,12.8,0,10.3,10.2,8.7,9,0,30.6,1.1,0,0,0,0.2,0,0,0,24.7,0,0,0,0,0,0,0,0,0,0,2.4,12.5,6.1,12.3,0,0,0,0,0,0.2,1.4,10.4,15.7,0.2,0.9,47.8,37.9,8,0.1,0,0,0,0,0,0,0,0,0,0,0,0,0,0,0,0,0,0,0,0,0,0,0,0,0,0,0,0,0,0,0,0,0,0,0,0,0,0.1,17.3,10.5,0.3,0,0,0,0,0,0,0,0,0,0,0,0
28.5,93.5,342,0,0,0,0.6,7.9,12.5,0,0,0,0,0,0,0,0,0,0,0,0,0,0,1,1.5,0,0,0,0,0,0,0,0,0,0,0,0.4,4,5.2,7.3,23.8,12.6,2.9,0.2,0,0,0,0,0,0,0,0,0,1.4,2.6,5.9,0,0,0,0,0,4.8,0.7,0,0,0,0,0,0,0.9,0.6,3.3,0,0,0,0,0,0,0,0,0,0.4,0,5.4,9.5,7.2,8.3,0,1.7,5.9,6.7,3.6,1.9,0.3,5.8,10.7,15.1,0,0,0,0,0,1,0,0,0.8,27,18.5,9.4,0.4,13.5,0.4,16.5,9.2,24.3,1.6,0,0,17.4,22.2,2.3,0,0,4.4,1.9,1.4,21.4,28.8,12.8,0,8,16.3,14.9,1,5.3,17.1,30.2,0,0.4,0.1,9.8,7.6,8.1,56.4,3.9,8.5,2.7,0,0,0.9,0,0,2.3,0.7,19.4,57,68,46,27.7,34.8,95.1,32.6,1.4,0,0,0,16.2,19.6,4.2,0.3,3.1,12.6,14,7.3,11,10.1,4.6,58.4,0.7,83.3,27.3,14,30,14.1,31.7,2.9,4.4,28.4,20.2,14.3,9.7,51.2,31.6,35,5.6,10.3,0.4,50.3,42,10.8,34.7,28.4,13.3,13.3,39.6,22.4,10.8,2.4,4.9,3,0,0.2,8.7,13.4,6.6,4.4,12.5,26.7,16.1,50.5,79.7,34.7,50.2,45.3,22.4,35.4,37.3,9.1,0.6,11.6,9.3,29.6,55.6,11.1,5.7,0.9,0,0,2.3,4.5,16,12.6,19.4,2.9,13.6,0,45.1,0.7,0,0,1.3,22.5,22.7,56.2,52.5,46.3,9.8,32.8,39.3,32.7,58.8,15.5,4.6,13.3,15.7,24.5,10.2,3.2,0,15.1,0.4,2.8,19.7,9.3,3.1,0.5,25,0.6,0,0,0,0,0,0,0,22.5,0,0,0,0,0,0,0,0,0,0,3.8,25,8.6,13.4,0,0,0,0,0,0.4,1.5,10.6,21,0.2,0.6,45.1,51.5,14.2,0,0,0,0,0,0,0,0,0,0,0,0,0,0,0,0,0,0,0,0,0,0,0,0,0,0,0.5,0,0,0,0,0,0,0,0,0,0,0,1.3,14.8,9.1,1.5,0,0,0,0,0,0,0,0,0,0,0,0
24.5,94.5,343,0,0,0,0,0,0.6,0,0,0,0,0,0,0,0,0,0,0,0,0,0,0,1.8,0,0,0,0,0,0,0,0,0,0,0,1,7.3,14.4,31.4,11.8,15.6,1.7,0,0,0,0,0,0,0,0,0,0,0,0.5,0,0,0,0,0,0,0,0,0,0,9.2,0.1,0,0,0,0,0,0,0,0,0,0,0,0,0,0,0,0,0.6,1.9,3.4,2.9,0,0.2,0.1,0.9,3.8,1.3,0,0.4,7.6,5.8,0,0.4,0,0,3.2,9.2,17.2,0,0,1.1,4.2,0,0,0,0,4.6,0.3,0.1,0.4,0,0.6,0,0,1.1,0,0,0,3.8,3.4,25.2,16.2,8,2.2,5.5,2.7,0,0.6,4.3,5.4,2.5,0,0,0,4.5,0,4.6,1.9,0,0.8,0,0,1.5,0,14.7,5.6,12.8,2,3.1,18.5,5.4,3.4,2.5,17.2,18.5,15.4,0,0,0,0,3.8,2.6,21.7,80.6,44.6,9.8,11,6.1,1.1,6.6,12.2,20.5,6.7,7.8,19.3,13.4,4.2,24.9,11.1,0.4,27.8,2.3,0.1,2.4,3.3,5.5,16.9,20.9,4.6,0.4,0.2,0.2,1.1,0.5,8.1,6,2.2,10.8,10.1,2.8,1.9,20.5,6.7,18.6,2.5,18.2,11.6,27.6,1.3,3.5,5.8,4.9,3.1,2,13.7,1.1,1.4,1.1,0.9,3.3,2.5,3.2,2.9,15.7,12.1,22.9,8,1.2,5.9,0,1.1,1.5,30.3,4.8,3.1,4.2,1.6,15,0.6,1.7,1.2,4.5,0,0,0.4,2.7,23.6,6,2.3,4.2,3.8,2.1,3.1,2.8,0,0,1,12.1,0.3,8.7,10.3,9.7,1,2.9,6.4,24.4,16.7,1,2.4,1.7,4.7,0,0,0,16.6,5.7,7.4,7.3,9.3,0.6,0,2.7,0,0,0.5,0,0,0,7.8,0.5,10.2,21.5,7.8,2.4,2,0.3,0,0,0,0,8.6,2.6,0.9,0,0.5,0,0.4,0,0,0,0,1.2,0,0,0,0,0,0,0,0,0,0,0,1.4,1.9,1.4,0,0,0,0,0,0,0,0,0,0,0,0,0,0.3,0,0,0,0,0.2,38.4,8.3,8.6,0,0,0,0,0,0,0,3.4,0,0,0,0,0,0
25.5,94.5,344,0,0,0,0,0,2.2,0,0,0,0,0,0,0,0,0,0,0,0,0,0,0,6.4,0,0,0,0,0,0,0,0,0,0,0,3.6,24,3.1,12.6,13.9,16.6,2.7,0,0,0,0,0,0,0,0,0,0,0,0.7,0,0,0,0,0,0,0,0,0,0,9.1,0,0,0,0,0,0,0,0,0,0,0,0,0,0,0,0,0,2,2.7,4.8,1.3,0,0.5,0.2,0.8,4.1,1.3,0,0.4,9.2,1.5,0,0,0,0,2.3,11.2,58.7,0,0,3.2,13,0,0,0.1,0,5.2,0.1,0.5,0.5,0,2,0.2,0,0.2,0,0,0,13,0.7,24.4,9.3,12.7,0.5,8.2,0.8,0.2,2,7.8,6.4,2.7,0,0,0,7.2,0,7.5,7.4,0,1.9,0,0,5.3,0,3.1,16.4,38.6,0.5,1,15,4.1,6.4,2.9,4.2,5.3,3.8,0,0,0,0,8.5,8.7,22.8,26.8,9.3,7.5,15,21.4,3.9,4,26.4,57.7,21.4,4.7,39.9,7.9,10.4,18.5,7.3,0,6.2,2.1,0,3.6,8.5,14.9,23.5,21.7,9.9,0.2,0,0.6,2.3,1.7,4.1,14,3.8,20.7,5.6,5.3,6.9,30.5,18.9,40.5,0.5,3.8,20.8,28.6,3.9,12,18.5,5.2,10.1,7.7,20.7,3.4,4.2,3.7,0.3,4.4,7.5,5.5,6.2,14.2,22.6,16.2,29,2.9,12.6,0,0.2,0.3,22.9,8.7,8,12.1,5.3,7.8,2,2.1,3.9,5.3,0,0,0,3.9,8.8,5.4,4.9,15.4,11.1,6.9,5.9,5,1,0.2,3.6,36.3,0.2,10.4,9.6,2.7,0.4,8.5,19.7,25.1,23.3,3.4,8.5,5.1,12.2,0,0,0,16,12.2,6.3,6.6,11.6,2.4,0,9.7,0,0,1.9,0,0,0,5,0,8.7,18.8,7.4,3,0.4,0,0,0,0,0,2.8,2.5,1.8,0,1.7,0.8,1.9,0.1,0,0,0,0.2,0,0,0,0,0,0,0,0,0,0,0,5,6.6,5.1,0,0,0,0,0,0,0,0,0,0,0,0,0,0,0,0,0,0,0,14.3,12.4,7.3,0.2,0,0,0,0,0,0,0.8,0,0,0,0,0,0
26.5,94.5,345,0,0,0,0.1,2.8,9.5,0,0,0,0,0,0,0,0,0,0,0,0,0,0,0.7,2.6,0,0,0,0,0,0,0,0,0,0,0,1.6,12.4,2.8,10.9,16.3,12.6,2.3,0.1,0,0,0,0,0,0,0,0,0,0.9,2.9,5.3,0,0,0,0,0,1.7,0.4,0,0,3.1,0,0,0,1.2,0.7,2.4,0,0,0,0,0,0,0,0,0,0,0,1.8,3.9,5.9,1.7,0,2.4,4.3,6.4,5.3,1.9,0.2,4.9,11.6,10.4,0,0,0,0,0.8,1.9,24.1,0,1,19,18,10.4,0.2,10.3,0,16.1,4.4,16.6,1.3,0,0.8,9.9,4.5,0,0,0,3,6,0.8,24.9,16.2,11.6,0,7.2,11.4,11.2,0.8,5.4,9,20.5,0,0.1,0,2.8,2.1,6.9,35.6,1.4,2.1,0.6,0,2.2,0,0,7.2,19.5,0.5,12.4,42.5,40.1,23.1,16.4,13.1,52.4,21.4,2.1,0,0,0,3.5,21,11.8,4.8,2.1,10.7,10.1,15,10.8,9.7,13.5,62.1,9.3,72.8,24.9,9.4,18.4,13.2,7.9,2.4,0.3,3,3,2.3,9,36.5,29.2,35,11.1,10.3,0.6,45.4,29.3,13.4,21.3,15.6,5.7,16.9,21.7,16.8,8.8,12.8,11.2,16.4,0,0,16.5,19,3.3,11.3,15.7,18.7,12.1,33.9,53.7,8.7,27.9,17.4,7.2,19.6,18.8,5.3,2.7,11.9,11.1,26.3,49.3,8.3,8.4,0.4,0,0,7.3,3.4,6,11.6,20,2.5,21.4,0.8,40.1,2.3,0,0,0,17.8,16.5,37.7,27.5,30.8,7.3,22,33.8,22.4,38.5,7.8,1.9,18.4,9.1,24.9,10.6,3.6,0.1,17.1,8,11.1,17.5,6.6,4.2,2.4,21.2,0.2,0,0,5.5,4.8,2.1,2.8,4.3,15.8,0,4,0,0,0.8,0,0,0,1.5,0,4.9,14.5,6.9,13.4,0,0,0,0,0,0.5,2.1,5,9.7,0,1,31,42.3,10.1,0,0,0,0,0,0,0,0,0,0,0,0,0,0,0,2.1,2.7,2.1,0,0,0,0,0,0,0,0,0,0,0,0,0,0,0,0,0,0,0,2.8,5.7,11.9,5.9,0.8,0,0,0,0,0,0.1,0,0,0,0,0,0
27.5,94.5,346,0,0,0,0.5,6.3,13.5,0,0,0,0,0,0,0,0,0,0,0,0,0,0,1.1,0.9,0,0,0,0,0,0,0,0,0,0,0,0.2,3.8,4.4,9.2,21.8,11.9,2.4,0.2,0,0,0,0,0,0,0,0,0,1.4,3,6.7,0,0,0,0,0,4,0.7,0,0,0,0,0,0,1.2,0.8,3.6,0,0,0,0,0,0,0,0,0,0.3,0,3.8,7.6,6.6,5,0,2.1,6.2,7.8,4.3,2.1,0.4,6.7,11.6,15.7,0,0,0,0,0,0.6,0.3,0,1.1,28.2,19.6,11.9,0.4,14.3,0,18.3,8.4,26.3,1.7,0,0,17.4,16,1.4,0,0,4.4,1.2,0.9,23.7,26.3,12.3,0,7.1,16.9,16.3,0.2,4.6,12.6,32.6,0,0.2,0.1,4.9,4.4,6.6,56.5,3.2,5.6,1.9,0,0,0.5,0,0,3.7,0.7,18.7,58.8,68.5,42.1,25.8,29.5,95,33.4,2.1,0,0,0,9.8,23.3,4.7,0.3,3.4,13.6,11.5,8.3,12.5,11,4.8,63.4,0.9,97.7,21.8,12.7,28.4,12.5,22.5,3.3,2.7,18.3,13.7,9.1,9.5,52.2,31.9,39.6,7.8,12.7,0.5,60.5,44.8,13.5,34.8,23.2,9,13,36.7,22.8,10.8,2.1,4.8,2.2,0,0,10,14.3,4.9,6.3,12.8,27.1,14.4,52.2,80.5,25.3,48.4,37.6,17.7,33,32.3,7.7,0.5,12.2,7.3,32.1,59.4,11.3,4.9,0.7,0,0,0.1,2.4,11.2,11.9,22.6,0.7,20.4,0,50.7,0.2,0,0,0.8,24.5,24.5,57.7,48.8,43,7.6,32.7,44,34.7,63,13.7,2.5,10.6,15.6,27.8,11.2,3.8,0,18.3,0.3,2.5,17.2,9.4,1.7,0.5,27.2,0.3,0,0,0,0,0,0,0,24.5,0,0,0,0,0,0,0,0,0,0,3.4,20.3,7.2,16.1,0,0,0,0,0,0.6,1.6,8.3,18.2,0.2,0.5,49,58.3,15,0,0,0,0,0,0,0,0,0,0,0,0,0,0,0,0,0,0,0,0,0,0,0,0,0,0,0.3,0,0,0,0,0,0,0,0,0,0,0,1.4,15.6,9.8,1.4,0,0,0,0,0,0,0,0,0,0,0,0
28.5,94.5,347,0,0,0,1.1,12.5,9.3,0.2,0,0,0,0,0,0,0,0,0,0,0,0,0,0.3,4,0,0,0,0,0,0,0,0,0,0,0,0.5,2.3,3.9,9.5,33,17.2,6.3,0,0,0,0,0,0,0,0,0,0.1,1.6,5,11.5,0,0,0,0,0,8.3,1.4,0,0,0,0.2,0,0,1.2,0.7,1.9,0.2,0,0,0,0,0,0,0,0,1.1,0.2,13.6,18.2,5.6,17.2,0,2.3,4.3,6.4,2.8,1.8,0.1,5.2,9.6,22.9,0,0,0,0,0,1.4,0,0,0.9,17.1,18.8,15.7,0.1,10.7,0,22.6,15.8,13.1,0.5,0,0,14,54.9,6.1,0,0,2.3,0.3,0.7,14.4,31,12.9,0,3.1,18.8,11.3,0.8,6.7,18.8,9.2,0,0,0,21.5,8,3,50.2,8,18.4,6.4,0,0,2.4,0,0,3.9,0.2,14.1,54,56.7,55.1,36,47.2,73.8,21.1,2.4,0,0,0,42.4,17.6,6.4,0.6,1,4,23.4,13.6,14,18.6,2,20.1,0.2,73,55.8,17.1,31.3,6,75.5,2.2,11.2,72.7,50.9,36.5,15.3,34.2,26.6,31.1,9.2,9.3,0.6,37.1,16.9,17.1,38.6,49.1,15.9,22.6,48.6,33.2,10,2.5,2.2,7.3,0.2,0,16.1,4.7,14.7,7,15.3,33.7,32.7,25.8,64.7,75.5,58.1,66.7,49.8,56.9,40,14,1,4.8,15.8,25.9,51.2,7.1,2.5,0.2,0,0,0,10.5,39.1,16.8,24.2,0.3,23,0,31.1,0.9,0,0,3.3,23.2,7.4,45.5,61.1,46.4,20,42.1,42.1,14.9,22.9,11.7,8.1,24.9,18.2,23.3,7.9,6.4,0,10.8,0.9,0.7,31.2,6.1,3.1,1.2,7.6,0,0,0,0,0,0,0,0,7.2,0,0,0,0,0,0,0,0,0,0,6.9,44.6,12.2,10.1,0,0,0,0,0,0.5,1.3,13.3,30.2,0.4,0.1,19.2,54.4,20.2,0,0,0,0,0,0,0,0,0,0,0,0,0,0,0,0,0,0,0,0,0,0,0,0,0,0,1.3,0,0,0,0,0,0,0,0,0,0,0,2.9,5.2,2.7,3.6,0,0,0,0,0,0,0,0,0,0,0,0
29.5,94.5,348,0,0,0,1.6,16.7,7.9,0.3,0,0,0,0,0,0,0,0,0,0,0,0,0,0,6,0,0,0,0,0,0,0,0,0,0,0,0.6,1.9,3.8,5.9,41.3,20.6,8.4,0,0,0,0,0,0,0,0,0,0.2,1.6,4.9,11.7,0,0,0,0,0,11.2,1.7,0,0,0,0.2,0,0,0.6,0.4,1.2,0.3,0,0,0,0,0,0,0,0,1.7,0.2,19.5,25.3,5.7,24.9,0,1.2,3.2,4.4,1.3,1.6,0,3.9,7.8,25.2,0,0,0,0,0,2,0,0,0.5,13.9,18.3,12.8,0,7.8,0,20.5,20.1,9.2,0.1,0,0,15,77.9,9.1,0,0,1.3,0,0.4,9,38,14.7,0,2.2,18.9,8.4,1.3,8.4,23.2,2.7,0,0,0,32.4,10.4,1.9,53.5,10.7,26.5,9.1,0,0,3.6,0,0,2.1,0,12,52.9,60.6,70,41.8,63.3,80.3,17.1,1.4,0,0,0,63.8,11.6,6.5,0.7,0.3,1.4,32.1,14.1,12.6,19.3,1,7.1,0,50.1,75.4,20.3,38.6,5,108.4,1.4,16.8,107.2,73.6,54.1,18.2,32.5,24.5,24.6,6.3,4.8,0.3,18.6,7.9,12.1,43.3,66.1,21.6,25.6,58.1,36.8,11.2,2.7,1,10.5,0.3,0,15.6,2.2,20.7,3.7,16.6,36.9,41.3,20.4,67.8,107.6,69.2,90,68,70.5,50.5,19.1,1.4,3.2,22.5,22.3,49.1,6.1,2.1,0,0,0,0,15.9,56,20.2,19.4,0.1,12.2,0,14.4,1.4,0,0,5,21.6,2.5,42.7,74.4,52.4,28,48.2,36.2,10.4,12,12.5,12,34.9,20.8,16.6,6.6,6.2,0,4.9,1.4,0.2,41,6.3,4.1,1.4,2.3,0,0,0,0,0,0,0,0,2.2,0,0,0,0,0,0,0,0,0,0,8.5,61.2,15.4,5.2,0,0,0,0,0,0.3,0.8,16.9,38.7,0.5,0,9.4,46.5,21.4,0,0,0,0,0,0,0,0,0,0,0,0,0,0,0,0,0,0,0,0,0,0,0,0,0,0,1.9,0,0,0,0,0,0,0,0,0,0,0,3.4,2.3,0.8,4.5,0,0,0,0,0,0,0,0,0,0,0,0
26.5,95.5,349,0,0,0,0.3,4.5,8.3,0,0,0,0,0,0,0,0,0,0,0,0,0,0,0.3,2.8,0,0,0,0,0,0,0,0,0,0,0,1.4,9.1,2.9,15.5,18.8,13.4,3.3,0,0,0,0,0,0,0,0,0,0,1.2,4.6,10.2,0,0,0,0,0,2.9,1,0,0,2.4,0.1,0,0,1.9,1.1,1.8,0,0,0,0,0,0,0,0,0,0.2,0.1,4.7,6.5,4.8,4.6,0,3.9,4.4,7.8,4.5,2.1,0,5.7,11.7,16.1,0,0,0,0,0.6,1,18.5,0,1.5,14.7,18.8,18.5,0,11.8,0,23.4,7.5,11.4,0.5,0,0.6,7.6,17.2,1.1,0,0,2.7,4.4,1.1,22.9,14.7,10.4,0,4.5,14.8,11.3,0.8,5.2,10.5,9.3,0,0,0,6.1,3.2,4.9,31.7,3.3,5.5,2,0,1.7,0.5,0,4.6,18,0.2,12.2,43.7,31.9,22.7,21.8,14.8,36.1,17.9,3.8,0,0,0,10.7,23.9,10.9,3.5,1,5.2,11.6,18.4,14.7,16.4,10.3,38,6.8,85.1,34,10.9,15.5,8,23.3,2.6,2.3,17.7,14.2,9.2,11.5,25.8,28.2,36.8,15.7,13.4,1,50.5,17.1,23.4,23.3,22.2,5.5,21.8,26,24.5,7.3,10.4,8.3,14.4,0,0,21.1,11.3,5.9,15,15.8,23.8,20.3,20.4,42.8,22.7,29.7,22.7,18.8,29.9,17.1,6,2,7.2,10.5,26.8,47.8,5.9,4.6,0.2,0,0,5.6,4.5,14,12.3,28.6,1.8,37.5,0.6,45.1,1.3,0,0,0.6,20.7,8.3,35.4,29.2,30.7,9.4,27.1,42.6,12.3,20.2,6.4,2.8,18.5,10.5,30,9.2,6.3,0,17.7,6.4,6.4,17.9,4,3.7,2.3,10.8,0,0,0,4.2,3.7,1.6,1.1,3.2,7.7,0,3.1,0,0,0.6,0,0,0,1.1,0,6.1,19.4,6.9,14.2,0,0,0,0,0,0.8,1.6,6.2,13.2,0.2,0.7,19.3,53.5,15.1,0,0,0,0,0,0,0,0,0,0,0,0,0,0,0,1.6,2.1,1.6,0,0,0,0,0,0,0,0,0.2,0,0,0,0,0,0,0,0,0,0,2.1,5.6,6.6,2.6,1.9,0,0,0,0,0,0,0,0,0,0,0,0
27.5,95.5,350,0,0,0,0.9,10.9,8.2,0.2,0,0,0,0,0,0,0,0,0,0,0,0,0,0,3.4,0,0,0,0,0,0,0,0,0,0,0,0.5,1.9,3.7,14.5,29.5,16.2,6.1,0,0,0,0,0,0,0,0,0,0,1.7,6.3,14.4,0,0,0,0,0,7.3,1.6,0,0,0,0.2,0,0,2,1.1,1.5,0.2,0,0,0,0,0,0,0,0,1,0.2,12.4,16,4.8,15.1,0,4,4.5,8.2,3.7,2.1,0,6,10.5,24.6,0,0,0,0,0.1,1.3,0,0,1.5,14,19,22.2,0,12.3,0,28.1,15.1,9.5,0.1,0,0,10.5,50.2,5.1,0,0,2.3,0,1.1,15.5,24.7,10.8,0.1,1.5,20,11.6,0.7,5.9,16.9,2.2,0,0,0,18.1,7.1,2.1,41.6,7.6,16.1,5.9,0,0,2,0,0,6.6,0,13.6,52.1,43.7,44.1,35.1,37.6,51.2,18.2,4,0,0,0,35.9,21.7,7.4,0.7,0.3,1,19.8,16.6,16.7,22.6,1.7,8.8,0,86.5,52.7,15.9,23.8,3.2,67.4,2.5,9.4,63.3,45.7,31.5,15.4,24.6,25.9,33.9,14.1,12.9,1,45.9,10.2,26,34.9,43.8,12.9,25.2,43.9,35.3,7.9,2.6,2.2,6.6,0.2,0,20.7,1.8,13.4,11.9,15.3,33.8,33.5,15.4,50.2,66.4,49.9,55.2,46.9,54.6,31.1,11.6,0.8,2.2,12.7,26.4,48.5,5.5,1.4,0,0,0,0,8.9,35.3,15.5,31.4,0,38.8,0,39.8,0.8,0,0,2.8,24.3,2.5,41.1,51.5,40.8,17.7,40.3,48.5,7.6,10.7,9.1,6.7,21.2,16.6,29.2,7.4,8.3,0,13.5,0.8,0.2,27.6,3.7,2.6,1.3,1.8,0,0,0,0,0,0,0,0,2.2,0,0,0,0,0,0,0,0,0,0,7.2,39,11.3,12.6,0,0,0,0,0,0.8,1.6,11.7,26.7,0.4,0,12.2,62.2,21.9,0,0,0,0,0,0,0,0,0,0,0,0,0,0,0,0,0,0,0,0,0,0,0,0,0,0,1.1,0,0,0,0,0,0,0,0,0,0,0,3.4,2.2,0.6,3.7,0,0,0,0,0,0,0,0,0,0,0,0
28.5,95.5,351,0,0,0,1.7,18,7.5,0.3,0,0,0,0,0,0,0,0,0,0,0,0,0,0,6.6,0,0,0,0,0,0,0,0,0,0,0,0.6,1.8,3.8,4.8,43.8,21.7,9.1,0,0,0,0,0,0,0,0,0,0.2,1.6,4.9,11.7,0,0,0,0,0,12.1,1.8,0,0,0,0.2,0,0,0.5,0.3,1,0.3,0,0,0,0,0,0,0,0,1.9,0.2,21.2,27.5,5.7,27.2,0,0.9,2.9,3.7,0.9,1.5,0,3.5,7.3,25.9,0,0,0,0,0,2.1,0,0,0.3,12.9,18.2,11.8,0,6.9,0,19.8,21.4,8,0,0,0,15.3,85,10.1,0,0,1,0,0.2,7.3,40.2,15.3,0,1.9,18.9,7.6,1.4,8.9,24.6,0.8,0,0,0,35.8,11.2,1.6,54.5,11.6,29,9.9,0,0,4,0,0,1.5,0,11.3,52.6,61.9,74.6,43.6,68.3,82.4,15.9,1.1,0,0,0,70.3,9.8,6.5,0.8,0.1,0.6,34.8,14.2,12.1,19.5,0.6,3.2,0,43,81.3,21.3,40.8,4.7,118.4,1.2,18.6,117.7,80.5,59.5,19,32,23.9,22.6,5.4,3.5,0.2,12.9,5.1,10.5,44.7,71.3,23.4,26.5,61,37.9,11.5,2.7,0.7,11.5,0.3,0,15.5,1.4,22.6,2.7,17,37.9,43.9,18.8,68.8,117.4,72.6,97.2,73.6,74.7,53.8,20.6,1.5,2.7,24.6,21.2,48.5,5.8,2,0,0,0,0,17.5,61.2,21.2,18,0.1,8.8,0,9.3,1.6,0,0,5.6,21.2,1.1,41.8,78.5,54.2,30.4,50.1,34.4,9.1,8.6,12.8,13.2,38,21.5,14.6,6.2,6.2,0,3.2,1.6,0,44,6.4,4.4,1.5,0.6,0,0,0,0,0,0,0,0,0.7,0,0,0,0,0,0,0,0,0,0,9,66.2,16.4,3.7,0,0,0,0,0,0.2,0.7,18.1,41.3,0.6,0,6.5,44,21.8,0,0,0,0,0,0,0,0,0,0,0,0,0,0,0,0,0,0,0,0,0,0,0,0,0,0,2.1,0,0,0,0,0,0,0,0,0,0,0,3.5,1.4,0.2,4.8,0,0,0,0,0,0,0,0,0,0,0,0
29.5,95.5,352,0,0,0,1.8,18.5,7.3,0.4,0,0,0,0,0,0,0,0,0,0,0,0,0,0,6.8,0,0,0,0,0,0,0,0,0,0,0,0.6,1.8,3.8,4.4,44.7,22.1,9.3,0,0,0,0,0,0,0,0,0,0.2,1.6,4.9,11.7,0,0,0,0,0,12.4,1.8,0,0,0,0.2,0,0,0.4,0.2,0.9,0.4,0,0,0,0,0,0,0,0,2,0.2,21.9,28.2,5.7,28.1,0,0.8,2.8,3.5,0.7,1.4,0,3.4,7.1,26.1,0,0,0,0,0,2.2,0,0,0.3,12.6,18.1,11.5,0,6.5,0,19.6,21.9,7.6,0,0,0,15.4,87.4,10.4,0,0,0.9,0,0.2,6.8,40.9,15.5,0,1.9,18.9,7.3,1.4,9.1,25.1,0.1,0,0,0,36.9,11.4,1.5,54.9,11.9,29.9,10.2,0,0,4.1,0,0,1.3,0,11.1,52.4,62.3,76.2,44.2,70,83.1,15.5,1,0,0,0,72.6,9.2,6.5,0.8,0,0.3,35.7,14.3,12,19.6,0.5,1.9,0,40.6,83.4,21.6,41.5,4.6,121.9,1.1,19.2,121.4,82.9,61.4,19.3,31.8,23.7,21.9,5,3,0.2,10.9,4.2,10,45.2,73.1,24,26.8,62,38.3,11.7,2.8,0.5,11.8,0.4,0,15.4,1.2,23.2,2.3,17.2,38.2,44.8,18.3,69.1,120.8,73.8,99.7,75.6,76.2,54.9,21.2,1.5,2.6,25.3,20.8,48.3,5.7,2,0,0,0,0,18.1,63,21.6,17.4,0,7.6,0,7.5,1.6,0,0,5.7,21,0.6,41.5,79.9,54.8,31.3,50.7,33.8,8.6,7.5,12.9,13.6,39.1,21.8,13.9,6.1,6.2,0,2.5,1.6,0,45,6.4,4.6,1.5,0,0,0,0,0,0,0,0,0,0.2,0,0,0,0,0,0,0,0,0,0,9.2,68,16.8,3.2,0,0,0,0,0,0.2,0.6,18.4,42.2,0.6,0,5.4,43.2,21.9,0,0,0,0,0,0,0,0,0,0,0,0,0,0,0,0,0,0,0,0,0,0,0,0,0,0,2.2,0,0,0,0,0,0,0,0,0,0,0,3.6,1.1,0,4.9,0,0,0,0,0,0,0,0,0,0,0,0
27.5,96.5,353,0,0,0,1.3,14.5,7.7,0.3,0,0,0,0,0,0,0,0,0,0,0,0,0,0,5,0,0,0,0,0,0,0,0,0,0,0,0.6,1.8,3.7,10.1,36.5,18.9,7.7,0,0,0,0,0,0,0,0,0,0.1,1.7,5.7,13.4,0,0,0,0,0,9.7,1.7,0,0,0,0.2,0,0,1.3,0.7,1.2,0.3,0,0,0,0,0,0,0,0,1.4,0.2,16.9,21.7,5.2,21.2,0,2.6,3.7,6.1,2.3,1.8,0,4.8,8.9,25.5,0,0,0,0,0,1.7,0,0,0.9,13,18.6,17.6,0,9.6,0,24.5,18.3,8.3,0,0,0,12.6,67.9,7.6,0,0,1.6,0,0.7,11.3,32,12.9,0,1.5,19.6,9.5,1,7.4,20.7,0.6,0,0,0,26.9,9.1,1.7,47.3,9.7,22.6,7.9,0,0,3,0,0,4.2,0,12.4,52.1,51.6,58.7,39.5,52.5,64.6,16.6,2.7,0,0,0,53.1,16,7.1,0.7,0.1,0.4,27.2,15.7,14.7,21.5,1.1,4.4,0,65.5,67.3,18.5,31.8,3.6,93.1,1.9,14,90.6,63.3,45.5,17.3,27.2,24.8,28.4,10.2,8.4,0.7,29.8,6.7,19,39.6,57.6,18,26.2,52.3,36.9,9.5,2.7,1.4,9,0.3,0,18.6,1.2,18,7.7,16.2,36,39,15.8,58.1,92,60.8,75.7,60.5,64.9,41.9,16,1.1,2.1,18.5,23.8,48.2,5.5,1.6,0,0,0,0,13.2,48.4,18.4,25.3,0,25.1,0,24.9,1.2,0,0,4.2,22.8,1.1,40.9,64.5,47.1,24.1,45.2,41.9,7.5,8.1,10.7,9.9,29.5,19,22.3,6.7,7.5,0,8.4,1.2,0,35.7,4.8,3.5,1.4,0.4,0,0,0,0,0,0,0,0,0.8,0,0,0,0,0,0,0,0,0,0,8.2,52.5,13.9,8.3,0,0,0,0,0,0.5,1.2,14.8,34,0.5,0,8.3,53.7,22.1,0,0,0,0,0,0,0,0,0,0,0,0,0,0,0,0,0,0,0,0,0,0,0,0,0,0,1.6,0,0,0,0,0,0,0,0,0,0,0,3.5,1.4,0.2,4.3,0,0,0,0,0,0,0,0,0,0,0,0
28.5,96.5,354,0,0,0,1.7,17.6,7.4,0.3,0,0,0,0,0,0,0,0,0,0,0,0,0,0,6.4,0,0,0,0,0,0,0,0,0,0,0,0.6,1.8,3.8,5.7,42.9,21.4,9,0,0,0,0,0,0,0,0,0,0.2,1.6,5.1,12.1,0,0,0,0,0,11.8,1.8,0,0,0,0.2,0,0,0.6,0.3,1,0.3,0,0,0,0,0,0,0,0,1.9,0.2,20.8,26.8,5.6,26.6,0,1.2,3,4.1,1.1,1.5,0,3.7,7.5,26,0,0,0,0,0,2.1,0,0,0.4,12.6,18.2,12.9,0,7.2,0,20.7,21.1,7.7,0,0,0,14.7,83.3,9.8,0,0,1.1,0,0.3,7.7,39,14.9,0,1.8,19.1,7.7,1.3,8.7,24.1,0,0,0,0,34.8,10.9,1.5,53.1,11.4,28.3,9.7,0,0,3.9,0,0,2,0,11.4,52.3,59.8,72.3,43.2,66.2,78.8,15.6,1.4,0,0,0,68.4,10.7,6.7,0.8,0,0.3,33.9,14.6,12.6,20.1,0.6,2.1,0,46.1,80,20.9,39.3,4.3,115.7,1.3,18.1,114.8,78.7,58,18.9,30.7,23.9,23.3,6.2,4.2,0.3,15,4.6,12,43.9,69.8,22.7,26.7,59.9,38,11.2,2.7,0.7,11.2,0.3,0,16.2,1.1,22.1,3.6,17,37.8,43.6,17.5,66.5,114.6,70.9,94.4,72.4,73.8,52,20.1,1.4,2.4,23.8,21.5,48.2,5.6,1.9,0,0,0,0,17,59.8,20.9,19.2,0,11.6,0,11.3,1.5,0,0,5.4,21.4,0.6,41.3,76.5,53.1,29.7,49.6,35.6,8.2,7.4,12.4,12.8,37,21.2,15.7,6.2,6.5,0,3.8,1.5,0,43,6,4.3,1.5,0,0,0,0,0,0,0,0,0,0.2,0,0,0,0,0,0,0,0,0,0,9,64.6,16.1,4.3,0,0,0,0,0,0.2,0.8,17.7,40.4,0.6,0,5.9,45.5,22,0,0,0,0,0,0,0,0,0,0,0,0,0,0,0,0,0,0,0,0,0,0,0,0,0,0,2,0,0,0,0,0,0,0,0,0,0,0,3.6,1.1,0,4.8,0,0,0,0,0,0,0,0,0,0,0,0
29.5,96.5,355,0,0,0,1.9,19.8,7.2,0.4,0,0,0,0,0,0,0,0,0,0,0,0,0,0,7.4,0,0,0,0,0,0,0,0,0,0,0,0.6,1.8,3.8,2.6,47.3,23.1,9.8,0,0,0,0,0,0,0,0,0,0.2,1.6,4.6,11.2,0,0,0,0,0,13.3,1.8,0,0,0,0.2,0,0,0.1,0,0.8,0.4,0,0,0,0,0,0,0,0,2.1,0.2,23.5,30.3,5.9,30.3,0,0.2,2.5,2.7,0.2,1.3,0,3,6.5,26.3,0,0,0,0,0,2.3,0,0,0,12.4,18,9.5,0,5.5,0,18,23,7.4,0,0,0,16.3,93.7,11.3,0,0,0.7,0,0,5.3,43.8,16.3,0,2,18.7,6.5,1.6,9.6,26.5,0,0,0,0,40.1,12.1,1.4,57.3,12.6,32.2,11,0,0,4.5,0,0,0.3,0,10.7,52.6,65.8,81.9,45.7,75.7,89.1,15.1,0.4,0,0,0,78.9,7,6.4,0.8,0,0.3,38.5,13.8,11.1,18.9,0.4,1.1,0,32.6,88.6,22.6,44.7,4.9,131.1,0.9,20.8,131.3,89.2,66.5,20,33.3,23.3,19.8,3.4,1.2,0,4.9,3.4,7,47,78.1,25.9,27,65.1,38.7,12.4,2.8,0.3,12.7,0.4,0,14.4,1.2,24.8,0.6,17.5,39,46.6,19.1,72.7,130.1,78,107.4,80.4,79.8,59.1,22.8,1.7,2.7,27.5,19.9,48.4,5.8,2.1,0,0,0,0,19.7,67.6,22.6,14.9,0,2,0,1.9,1.8,0,0,6.2,20.4,0.4,41.7,84.9,57.3,33.6,52.5,31.1,9,7.4,13.6,14.8,42.2,22.7,11.1,5.9,5.8,0,0.6,1.8,0,48,6.9,4.9,1.6,0,0,0,0,0,0,0,0,0,0,0,0,0,0,0,0,0,0,0,0,9.5,72.9,17.7,1.6,0,0,0,0,0,0,0.5,19.6,44.9,0.6,0,4.6,39.8,21.8,0,0,0,0,0,0,0,0,0,0,0,0,0,0,0,0,0,0,0,0,0,0,0,0,0,0,2.3,0,0,0,0,0,0,0,0,0,0,0,3.6,1,0,5.1,0,0,0,0,0,0,0,0,0,0,0,0
27.5,97.5,356,0,0,0,1.7,17.9,7.4,0.3,0,0,0,0,0,0,0,0,0,0,0,0,0,0,6.5,0,0,0,0,0,0,0,0,0,0,0,0.6,1.8,3.8,5.3,43.5,21.6,9.1,0,0,0,0,0,0,0,0,0,0.2,1.6,5,12,0,0,0,0,0,12,1.8,0,0,0,0.2,0,0,0.5,0.3,1,0.3,0,0,0,0,0,0,0,0,1.9,0.2,21.2,27.3,5.7,27.1,0,1.1,2.9,3.9,0.9,1.5,0,3.6,7.4,26.1,0,0,0,0,0,2.1,0,0,0.4,12.6,18.2,12.5,0,7,0,20.3,21.4,7.7,0,0,0,14.9,84.7,10,0,0,1,0,0.3,7.4,39.6,15.1,0,1.8,19,7.6,1.4,8.8,24.5,0,0,0,0,35.5,11.1,1.5,53.6,11.5,28.8,9.9,0,0,4,0,0,1.8,0,11.3,52.4,60.6,73.6,43.5,67.4,80.1,15.6,1.2,0,0,0,69.8,10.2,6.6,0.8,0,0.3,34.5,14.5,12.4,19.9,0.6,2,0,44.3,81.1,21.1,40,4.4,117.8,1.2,18.4,117,80.1,59.1,19.1,31,23.8,22.8,5.8,3.8,0.3,13.7,4.4,11.4,44.3,70.9,23.1,26.7,60.6,38.1,11.3,2.7,0.7,11.4,0.3,0,15.9,1.1,22.5,3.2,17,37.9,44,17.7,67.3,116.7,71.8,96.2,73.5,74.6,53,20.4,1.5,2.5,24.3,21.3,48.2,5.6,1.9,0,0,0,0,17.4,60.9,21.1,18.7,0,10.4,0,10.1,1.5,0,0,5.5,21.3,0.5,41.3,77.6,53.7,30.3,49.9,35,8.3,7.3,12.6,13.1,37.7,21.4,15.1,6.1,6.4,0,3.4,1.5,0,43.7,6.1,4.4,1.5,0,0,0,0,0,0,0,0,0,0.2,0,0,0,0,0,0,0,0,0,0,9,65.7,16.3,3.9,0,0,0,0,0,0.2,0.7,17.9,41,0.6,0,5.7,44.8,22,0,0,0,0,0,0,0,0,0,0,0,0,0,0,0,0,0,0,0,0,0,0,0,0,0,0,2.1,0,0,0,0,0,0,0,0,0,0,0,3.6,1.1,0,4.9,0,0,0,0,0,0,0,0,0,0,0,0
28.5,97.5,357,0,0,0,2,19.9,7.2,0.4,0,0,0,0,0,0,0,0,0,0,0,0,0,0,7.5,0,0,0,0,0,0,0,0,0,0,0,0.6,1.8,3.8,2.4,47.6,23.2,9.9,0,0,0,0,0,0,0,0,0,0.2,1.6,4.6,11.1,0,0,0,0,0,13.4,1.8,0,0,0,0.2,0,0,0,0,0.8,0.4,0,0,0,0,0,0,0,0,2.2,0.2,23.6,30.5,6,30.5,0,0.1,2.5,2.6,0.1,1.3,0,2.9,6.4,26.4,0,0,0,0,0,2.4,0,0,0,12.4,17.9,9.3,0,5.4,0,17.8,23.1,7.4,0,0,0,16.4,94.4,11.4,0,0,0.7,0,0,5.1,44.1,16.4,0,2,18.7,6.5,1.6,9.7,26.7,0,0,0,0,40.5,12.2,1.4,57.6,12.6,32.5,11,0,0,4.5,0,0,0.2,0,10.7,52.6,66.2,82.5,45.9,76.3,89.8,15.1,0.3,0,0,0,79.6,6.7,6.3,0.8,0,0.3,38.8,13.7,11,18.9,0.3,1,0,31.6,89.1,22.7,45.1,4.9,132.1,0.9,21,132.4,89.9,67.1,20.1,33.5,23.3,19.6,3.2,1,0,4.2,3.4,6.7,47.2,78.7,26.2,27,65.5,38.7,12.4,2.8,0.3,12.8,0.4,0,14.2,1.2,25,0.4,17.5,39,46.8,19.2,73.2,131.1,78.4,108.3,80.9,80.2,59.6,23,1.7,2.8,27.7,19.8,48.4,5.8,2.2,0,0,0,0,19.8,68.2,22.8,14.6,0,1.3,0,1.3,1.8,0,0,6.3,20.3,0.4,41.7,85.5,57.6,33.9,52.7,30.8,9.1,7.4,13.7,14.9,42.5,22.8,10.8,5.8,5.7,0,0.4,1.8,0,48.3,7,4.9,1.6,0,0,0,0,0,0,0,0,0,0,0,0,0,0,0,0,0,0,0,0,9.5,73.5,17.8,1.4,0,0,0,0,0,0,0.4,19.7,45.2,0.6,0,4.5,39.4,21.8,0,0,0,0,0,0,0,0,0,0,0,0,0,0,0,0,0,0,0,0,0,0,0,0,0,0,2.4,0,0,0,0,0,0,0,0,0,0,0,3.6,1,0,5.2,0,0,0,0,0,0,0,0,0,0,0,0
